timestamp,observer_vehicle_id,vehicle_0_x,vehicle_0_y,vehicle_0_theta,vehicle_0_velocity,vehicle_1_x,vehicle_1_y,vehicle_1_theta,vehicle_1_velocity,vehicle_2_x,vehicle_2_y,vehicle_2_theta,vehicle_2_velocity
1759838806.4719265,1,0.0,0.0,0.0,0.0,-1.735,-0.35,-0.7801621756414646,0.0,0.0,0.0,0.0,0.0
1759838806.4825053,1,-0.23845052422553864,-0.16424385696980437,-0.1420221113308088,0.0,-1.735,-0.35,-0.7801621756414646,0.0,0.0,0.0,0.0,0.0
1759838806.4928706,1,-0.42771174577494675,-0.29460630051255654,-0.2547468720114401,0.0,-1.735,-0.35,-0.7801621756414646,0.0,0.0,0.0,0.0,0.0
1759838806.503582,1,-0.5782483305787741,-0.39829535459849663,-0.3444070800391107,0.0,-1.735,-0.35,-0.7801621756414646,0.0,0.0,0.0,0.0,0.0
1759838806.5147648,1,-0.6982288958989541,-0.48093753319553295,-0.41586799739620056,0.0,-1.735,-0.35,-0.7801621756414646,0.0,0.0,0.0,0.0,0.0
1759838806.5251615,1,-0.7941875499978224,-0.5470335063959201,-0.4730213657934692,0.0,-1.735,-0.35,-0.7801621756414646,0.0,0.0,0.0,0.0,0.0
1759838806.5361784,1,-0.8756162657916067,-0.6031213107465585,-0.521520643274827,0.0,-1.735,-0.35,-0.7801621756414646,0.0,0.0,0.0,0.0,0.0
1759838806.5473537,1,-0.9401684900364754,-0.6475846488767307,-0.5599682130930617,0.0,-1.735,-0.35,-0.7801621756414646,0.0,0.0,0.0,0.0,0.0
1759838806.5574307,1,-0.9915361122551493,-0.682966480910712,-0.5905629798071794,0.0,-1.735,-0.35,-0.7801621756414646,0.0,0.0,0.0,0.0,0.0
1759838806.5685368,1,-1.032466154550764,-0.7111589457182564,-0.6149410810613596,0.0,-1.735,-0.35,-0.7801621756414646,0.0,0.0,0.0,0.0,0.0
1759838806.57907,1,-1.0651847135146755,-0.7336953705643765,-0.6344283891259924,0.0,-1.735,-0.35,-0.7801621756414646,0.0,0.0,0.0,0.0,0.0
1759838806.589891,1,-1.092901433870597,-0.7527865471033897,-0.6509365815776489,0.0,-1.735,-0.35,-0.7801621756414646,0.0,0.0,0.0,0.0,0.0
1759838806.6011846,1,-1.1148704491469459,-0.7679187252126027,-0.6640214172832508,0.0,-1.735,-0.35,-0.7801621756414646,0.0,0.0,0.0,0.0,0.0
1759838806.6125276,1,-1.1323295268222469,-0.7799444746456992,-0.6744201156354067,0.0,-1.735,-0.35,-0.7801621756414646,0.0,0.0,0.0,0.0,0.0
1759838806.6236336,1,-1.1462451804645168,-0.7895295264457972,-0.6827083360838304,0.0,-1.735,-0.35,-0.7801621756414646,0.0,0.0,0.0,0.0,0.0
1759838806.6343246,1,-1.1573705054091394,-0.79719260995078,-0.6893346253025623,0.0,-1.735,-0.35,-0.7801621756414646,0.0,0.0,0.0,0.0,0.0
1759838806.6452942,1,-1.166811054800212,-0.8036952261599064,-0.69495745528374,0.0,-1.735,-0.35,-0.7801621756414646,0.0,0.0,0.0,0.0,0.0
1759838806.6554873,1,-1.1743025644953156,-0.8088553508895409,-0.6994194292190435,0.0,-1.735,-0.35,-0.7801621756414646,0.0,0.0,0.0,0.0,0.0
1759838806.668909,1,-1.1802420708063401,-0.8129464613124999,-0.7029570235661061,0.0,-1.7349991866747538,-0.34999901880820594,-0.7230008024528125,0.0,0.0,0.0,0.0,0.0
1759838806.6794379,1,-1.1849802406797714,-0.8162100955507473,-0.7057790969981287,0.0,-1.734999182124656,-0.34999901331898897,-0.7181194457472557,0.0,0.0,0.0,0.0,0.0
1759838806.6903832,1,-1.1887678011515534,-0.8188189534780357,-0.7080349835672302,0.0,-1.7349991806970992,-0.3499990115967913,-0.7176582374589202,0.0,0.0,0.0,0.0,0.0
1759838806.7006645,1,-1.191999250405814,-0.8210447640139771,-0.7099596480117266,0.0,-1.7349991801665847,-0.34999901095678093,-0.7175998141407902,0.0,0.0,0.0,0.0,0.0
1759838806.7111611,1,-1.194560107377126,-0.8228086730155714,-0.711484904938979,0.0,-1.7349991799647513,-0.34999901071329,-0.7175922566286932,0.0,0.0,0.0,0.0,0.0
1759838806.7218437,1,-1.1965942337266593,-0.8242097718736945,-0.7126964389450905,0.0,-1.7349991798877025,-0.34999901062033867,-0.7175982869227315,0.0,0.0,0.0,0.0,0.0
1759838806.7319021,1,-1.1982151235668024,-0.8253262349216705,-0.7136618475894182,0.0,-1.734999179858275,-0.3499990105848374,-0.7176102522688979,0.0,0.0,0.0,0.0,0.0
1759838806.7429461,1,-1.1995084752762624,-0.8262170908921915,-0.7144321731782061,0.0,-1.7349991798470348,-0.3499990105712773,-0.7176203357196087,0.0,0.0,0.0,0.0,0.0
1759838806.7543821,1,-1.2006017152006303,-0.8269701105903228,-0.7150833113661138,0.0,-1.7349991798427413,-0.34999901056609783,-0.7176297938461005,0.0,0.0,0.0,0.0,0.0
1759838806.7648504,1,-1.2014681130940696,-0.8275668823195994,-0.7155993415089641,0.0,-1.7349991798411013,-0.3499990105641194,-0.7176397700707806,0.0,0.0,0.0,0.0,0.0
1759838806.7763565,1,-1.2021557215338805,-0.8280405045211288,-0.7160088839191054,0.0,-1.734999179840475,-0.34999901056336374,-0.7176468560548059,0.0,0.0,0.0,0.0,0.0
1759838806.7865112,1,-1.2027036915759874,-0.8284179443003529,-0.716335257126205,0.0,-1.7349991798402358,-0.3499990105630751,-0.717654298626325,0.0,0.0,0.0,0.0,0.0
1759838806.7974944,1,-1.2031410528606696,-0.828719197168296,-0.7165957513032117,0.0,-1.7349991798401443,-0.34999901056296484,-0.7176595075711134,0.0,0.0,0.0,0.0,0.0
1759838806.808169,1,-1.2035111351494687,-0.8289741085076859,-0.716816173834016,0.0,-1.7349991798401094,-0.34999901056292276,-0.7176641382402025,0.0,0.0,0.0,0.0,0.0
1759838806.819654,1,-1.2038041269409203,-0.8291759201918698,-0.7169906809480585,0.0,-1.734999179840096,-0.34999901056290667,-0.7176674771042714,0.0,0.0,0.0,0.0,0.0
1759838806.829889,1,-1.2040370192327288,-0.8293363355584932,-0.7171293925533391,0.0,-1.734999179840091,-0.3499990105629005,-0.7176712880410978,0.0,0.0,0.0,0.0,0.0
1759838806.8407943,1,-1.2042224620091537,-0.8294640678708718,-0.7172398430324246,0.0,-1.734999179840089,-0.34999901056289817,-0.7176740344512496,0.0,0.0,0.0,0.0,0.0
1759838806.8511155,1,-1.204370594428563,-0.8295661009445464,-0.7173280713096716,0.0,-1.7349991798400883,-0.3499990105628973,-0.7176767236637982,0.0,0.0,0.0,0.0,0.0
1759838806.8638453,1,-1.2044954803788261,-0.8296521219345157,-0.7174024538944427,0.0,-1.7349991798400881,-0.34999901056289695,-0.717677780487783,0.0,0.0,0.0,0.0,0.0
1759838806.8736124,1,-1.2045946071286568,-0.8297204000805753,-0.7174614941936664,0.0,-1.734999179840088,-0.34999901056289684,-0.7176804253428077,0.0,0.0,0.0,0.0,0.0
1759838806.8843744,1,-1.2046733910451972,-0.8297746661567846,-0.7175084182178527,0.0,-1.734999179840088,-0.3499990105628968,-0.717682175493616,0.0,0.0,0.0,0.0,0.0
1759838806.8952801,1,-1.2047361575058546,-0.8298178994674271,-0.7175458021795458,0.0,-1.734999179840088,-0.34999901056289673,-0.7176836118357919,0.0,0.0,0.0,0.0,0.0
1759838806.9055865,1,-1.2047863235473162,-0.8298524536549899,-0.7175756812798271,0.0,-1.734999179840088,-0.34999901056289673,-0.7176851380871447,0.0,0.0,0.0,0.0,0.0
1759838806.9161367,1,-1.2048265058491183,-0.8298801310788552,-0.7175996140237729,0.0,-1.734999179840088,-0.34999901056289673,-0.7176863611260025,0.0,0.0,0.0,0.0,0.0
1759838806.9274864,1,-1.2048606730396314,-0.8299036653158627,-0.7176199641427364,0.0,-1.734999179840088,-0.34999901056289673,-0.7176871565741934,0.0,0.0,0.0,0.0,0.0
1759838806.937952,1,-1.204887825804778,-0.8299223680420972,-0.7176361364411498,0.0,-1.734999179840088,-0.34999901056289673,-0.7176882441915461,0.0,0.0,0.0,0.0,0.0
1759838806.9488869,1,-1.2049094473720212,-0.8299372608992603,-0.7176490143353802,0.0,-1.734999179840088,-0.34999901056289673,-0.7176890715643989,0.0,0.0,0.0,0.0,0.0
1759838806.959139,1,-1.2049267213927044,-0.8299491591821079,-0.7176593028130279,0.0,-1.734999179840088,-0.34999901056289673,-0.7176900458219072,0.0,0.0,0.0,0.0,0.0
1759838806.9701676,1,-1.2049413390523038,-0.8299592277730673,-0.717668009151107,0.0,-1.734999179840088,-0.34999901056289673,-0.717690676787333,0.0,0.0,0.0,0.0,0.0
1759838806.9805791,1,-1.2049529247223947,-0.8299672079406407,-0.717674909623785,0.0,-1.734999179840088,-0.34999901056289673,-0.7176914486367618,0.0,0.0,0.0,0.0,0.0
1759838806.990926,1,-1.2049621307509433,-0.8299735490197435,-0.7176803927721894,0.0,-1.734999179840088,-0.34999901056289673,-0.7176921627303265,0.0,0.0,0.0,0.0,0.0
1759838807.0024376,1,-1.2049694550698709,-0.8299785939840784,-0.7176847551666172,0.0,-1.734999179840088,-0.34999901056289673,-0.7176925055847362,0.0,0.0,0.0,0.0,0.0
1759838807.0126154,1,-1.204975306319456,-0.8299826243035883,-0.717688240194896,0.0,-1.734999179840088,-0.34999901056289673,-0.7176932054105903,0.0,-0.3849815082550049,0.03889300365447998,1.170851820974746,0.0
1759838807.023354,1,-1.2049799892261988,-0.8299858498727825,-0.7176910293533804,0.0,-1.734999179840088,-0.34999901056289673,-0.7176937050998866,0.0,-0.6905962726629664,0.06976793113569456,2.1139944525279866,0.0
1759838807.0342295,1,-1.2049837459816248,-0.829988437512306,-0.7176932668923378,0.0,-1.734999179840088,-0.34999901056289673,-0.7176941380697865,0.0,-0.9337916656963435,0.09433690161137419,2.878504674219653,0.0
1759838807.0456188,1,-1.204986951133132,-0.8299906452090491,-0.7176951758937362,0.0,-1.734999179840088,-0.34999901056289673,-0.7176944504793905,0.0,-1.1277103816644665,0.11392766419892301,-2.7802535156519124,0.0
1759838807.0571399,1,-1.2049895000573794,-0.8299924008988336,-0.717696694043484,0.0,-1.734999179840088,-0.34999901056289673,-0.7176947618621021,0.0,-1.282729677172272,0.12958858789894234,-1.0813947237123622,0.0
1759838807.0721838,1,-1.2049915251130692,-0.8299937957498543,-0.717697900174968,0.0,-1.734999179840088,-0.34999901056289673,-0.7176944394010007,0.0,-1.4065168187164288,0.14209426322417254,0.29524629181107387,0.0
1759838807.0823796,1,-1.2049931479360425,-0.8299949135444376,-0.7176988667349945,0.0,-1.734999179840088,-0.34999901056289673,-0.7176952412947326,0.0,-1.5122988910319952,0.15278096488887336,1.4098441267179205,0.0
1759838807.0927763,1,-1.204994451259104,-0.8299958112686391,-0.7176996429995613,0.0,-1.734999179840088,-0.34999901056289673,-0.7176959154083171,0.0,-1.5965817005121896,0.16129568974405195,2.311334765173296,0.0
1759838807.1038404,1,-1.2049954997715449,-0.8299965334802086,-0.7177002674978764,0.0,-1.734999179840088,-0.34999901056289673,-0.7176963529330997,0.0,-1.6638531408642112,0.16809183012833312,3.0453123038763352,0.0
1759838807.1147113,1,-1.2049963456407289,-0.8299971161118374,-0.7177007713010358,0.0,-1.734999179840088,-0.34999901056289673,-0.7176967658978892,0.0,-1.7176976557075523,0.1735315067560963,-2.6360386903050026,0.0
1759838807.1261704,1,-1.2049970758992001,-0.829997619111226,-0.7177012062459798,0.0,-1.734999179840088,-0.34999901056289673,-0.7176970456220602,0.0,-1.7608778034766914,0.17789380886405548,-0.9701848869291225,0.0
1759838807.13643,1,-1.20499766009493,-0.8299980215031277,-0.7177015541953552,0.0,-1.734999179840088,-0.34999901056289673,-0.717697495976708,0.0,-1.7956436000948615,0.18140604575317315,0.3849223820845806,0.0
1759838807.1473658,1,-1.2049981282351396,-0.8299983439564077,-0.7177018330215863,0.0,-1.734999179840088,-0.34999901056289673,-0.7176977916715721,0.0,-1.8236808973626535,0.18423853168227833,1.4927163714187286,0.0
1759838807.1579795,1,-1.2049985044669502,-0.8299986031035154,-0.7177020571067975,0.0,-1.734999179840088,-0.34999901056289673,-0.717698104807889,0.0,-1.8476681622232782,0.18666186049127476,2.383382891757736,0.0
1759838807.1683724,1,-1.2049988076572826,-0.8299988119399174,-0.7177022376882044,0.0,-1.734999179840088,-0.34999901056289673,-0.7176984182890518,0.0,-1.8668876796290914,0.18860352455740048,3.1107742402079177,0.0
1759838807.1798623,1,-1.2049990522807055,-0.8299989804356447,-0.7177023833869195,0.0,-1.734999179840088,-0.34999901056289673,-0.7176985575198351,0.0,-1.8823064815649975,0.19016121890682278,-2.573488187495694,0.0
1759838807.1902766,1,-1.2049992504122795,-0.8299991169079548,-0.7177025013948984,0.0,-1.734999179840088,-0.34999901056289673,-0.7176988435550983,0.0,-1.8947238267182684,0.1914156891607686,-0.924489532440704,0.0
1759838807.2004573,1,-1.2049994211777557,-0.8299992345305959,-0.7177026031035173,0.0,-1.734999179840088,-0.34999901056289673,-0.7176991343297914,0.0,-1.904750848831078,0.19242867549729348,0.4210277767670257,0.0
1759838807.211357,1,-1.204999558343298,-0.8299993290097243,-0.7177026847998775,0.0,-1.734999179840088,-0.34999901056289673,-0.7176993062128076,0.0,-1.912860341689897,0.19324794221174854,1.5243351407771366,0.0
1759838807.2215402,1,-1.204999668886813,-0.8299994051516968,-0.7177027506400488,0.0,-1.734999179840088,-0.34999901056289673,-0.717699552211812,0.0,-1.919440822653439,0.19391273951934743,2.433898659277456,0.0
1759838807.232875,1,-1.2049997580732703,-0.8299994665830054,-0.7177028037598691,0.0,-1.734999179840088,-0.34999901056289673,-0.7176996523343923,0.0,-1.9247860834601835,0.19445274791879805,-3.0943788224090234,0.0
1759838807.2430208,1,-1.204999830313304,-0.8299995163416789,-0.7177028467863299,0.0,-1.734999179840088,-0.34999901056289673,-0.7176998886696744,0.0,-1.9294087109710545,0.19491975182630655,-1.3500924936369978,0.0
1759838807.2542748,1,-1.2049998888907518,-0.8299995566896127,-0.7177028816752983,0.0,-1.734999179840088,-0.34999901056289673,-0.7176999947953391,0.0,-1.9331374956407683,0.19529645468781096,0.07234195118460221,0.0
1759838807.2941635,1,-1.2049999378881724,-0.8299995904388585,-0.7177029108583632,0.0,-1.734999179840088,-0.34999901056289673,-0.7176976505219947,0.0,-1.9360565269222618,0.19559135169419775,1.24123767325285,0.0
1759838807.3048444,1,-1.2049999776201643,-0.8299996178061108,-0.7177029345229009,0.0,-1.734999179840088,-0.34999901056289673,-0.7176986487328669,0.0,-1.9385816827463722,0.19584646872175052,0.9377579293393572,0.0
1759838807.316239,1,-1.2050000098916513,-0.829999640034594,-0.717702953743931,0.0,-1.734999179840088,-0.34999901056289673,-0.7176994839010042,0.0,-1.9406235102134812,0.19605275498306193,0.69236583475361,0.0
1759838807.32654,1,-1.2050000362049391,-0.8299996581590913,-0.7177029694162332,0.0,-1.734999179840088,-0.34999901056289673,-0.7177001660404478,0.0,-1.9422808980328508,0.1962202012253661,0.4931766892026236,0.0
1759838807.3368187,1,-1.2050000577111486,-0.8299996729724904,-0.71770298222542,0.0,-1.734999179840088,-0.34999901056289673,-0.717700664327328,0.0,-1.9436294555151932,0.19635644627333276,0.33110357059098705,0.0
1759838807.347163,1,-1.2050000753282306,-0.8299996851070727,-0.7177029927182264,0.0,-1.734999179840088,-0.34999901056289673,-0.7177010281435017,0.0,-1.9447292329422536,0.19646755701964091,0.19892948107959668,0.0
1759838807.3575788,1,-1.2050000897920738,-0.8299996950697155,-0.7177030013329507,0.0,-1.734999179840088,-0.34999901056289673,-0.7177012999899333,0.0,-1.9456281687297656,0.19655837669258194,0.09089305814521122,0.0
1759838807.3683403,1,-1.2050001024980312,-0.8299997038215329,-0.7177030089006712,0.0,-1.734999179840088,-0.34999901056289673,-0.7177014915711162,0.0,-1.9463643784974427,0.19663275612128564,0.002413468241094945,0.0
1759838807.3796208,1,-1.2050001128375327,-0.829999710943344,-0.7177030150589208,0.0,-1.734999179840088,-0.34999901056289673,-0.717701617587478,0.0,-1.9469684074354312,0.19669378129277967,-0.07018028841614618,0.0
1759838807.3904448,1,-1.205000121277425,-0.8299997167567112,-0.7177030200857553,0.0,-1.734999179840088,-0.34999901056289673,-0.7177017576379505,0.0,-1.947496555675106,0.1967471402212571,-0.13365450691567465,0.0
1759838807.4014695,1,-1.2050001281820097,-0.8299997215125642,-0.7177030241981541,0.0,-1.734999179840088,-0.34999901056289673,-0.7177018709960983,0.0,-1.9479271707195107,0.196790645350366,-0.1854069342920066,0.0
1759838807.4125063,1,-1.205000133844558,-0.8299997254129068,-0.7177030275707911,0.0,-1.734999179840088,-0.34999901056289673,-0.7177019737345933,0.0,-1.9482791386162843,0.19682620474149803,-0.2277073444919433,0.0
1759838807.4238434,1,-1.2050001384983173,-0.8299997286183994,-0.7177030303425893,0.0,-1.734999179840088,-0.34999901056289673,-0.7177020537787566,0.0,-1.948567438316395,0.19685533172124095,-0.262355946500791,0.0
1759838807.4350843,1,-1.2050001423331391,-0.8299997312598109,-0.7177030326266249,0.0,-1.734999179840088,-0.34999901056289673,-0.717702138357204,0.0,-1.9488042160121113,0.19687925342197132,-0.29081250105253176,0.0
1759838807.4453423,1,-1.205000145731299,-0.8299997336004511,-0.7177030346505829,0.0,-1.734999179840088,-0.34999901056289673,-0.7177022705359448,0.0,-1.9489994033775389,0.19689897324282687,-0.31427062237303566,0.0
1759838807.455462,1,-1.2050001485128228,-0.8299997355163545,-0.7177030363072698,0.0,-1.734999179840088,-0.34999901056289673,-0.7177023925120452,0.0,-1.9491607034796485,0.19691526942629453,-0.3336560849310543,0.0
1759838807.4747872,1,-1.2050001507697838,-0.829999737070941,-0.717703037651525,0.0,-1.734999179840088,-0.34999901056289673,-0.7177020736322106,0.0,-1.9493016776976095,0.19692951208138312,-0.3505987302746414,0.0
1759838807.4851198,1,-1.2050001526290552,-0.8299997383516003,-0.7177030387589146,0.0,-1.734999179840088,-0.34999901056289673,-0.7177022716874077,0.0,-1.9494175279172847,0.19694121645360552,-0.3645219086637451,0.0
1759838807.4952567,1,-1.2050001541646338,-0.8299997394093014,-0.7177030396735117,0.0,-1.734999179840088,-0.34999901056289673,-0.7177024668767373,0.0,-1.9495129761168086,0.19695085960541234,-0.3759931196171181,0.0
1759838807.505631,1,-1.2050001554353702,-0.82999974028458,-0.7177030404303676,0.0,-1.734999179840088,-0.34999901056289673,-0.7177026113411102,0.0,-1.9495917711861968,0.19695882028795564,-0.3854629144120601,0.0
1759838807.5171509,1,-1.205000156487834,-0.8299997410095132,-0.7177030410572194,0.0,-1.734999179840088,-0.34999901056289673,-0.7177026815798353,0.0,-1.9496568758267354,0.19696539782357364,-0.39328735813532484,0.0
1759838807.5281534,1,-1.2050001574235518,-0.8299997416540323,-0.7177030416145368,0.0,-1.734999179840088,-0.34999901056289673,-0.7177027656391957,0.0,-1.949710840820227,0.19697084991829195,-0.3997730103270735,0.0
1759838807.5384045,1,-1.2050001581943008,-0.8299997421849213,-0.717703042073598,0.0,-1.734999179840088,-0.34999901056289673,-0.7177028704486776,0.0,-1.9497557239877668,0.19697538447421142,-0.40516718523735457,0.0
1759838807.5488484,1,-1.2050001588304748,-0.8299997426231156,-0.7177030424525058,0.0,-1.734999179840088,-0.34999901056289673,-0.7177029530627371,0.0,-1.9497931285943098,0.19697916346953,-0.4096625673862283,0.0
1759838807.559856,1,-1.205000159356424,-0.8299997429853874,-0.7177030427657632,0.0,-1.734999179840088,-0.34999901056289673,-0.7177030046732717,0.0,-1.9498266302711318,0.19698254815103255,-0.41368888536849613,0.0
1759838807.5707436,1,-1.2050001597923716,-0.8299997432856665,-0.7177030430254153,0.0,-1.734999179840088,-0.34999901056289673,-0.7177030582854442,0.0,-1.9498543272996223,0.19698534638768514,-0.4170175857335145,0.0
1759838807.5821664,1,-1.2050001601543365,-0.8299997435349865,-0.7177030432410031,0.0,-1.734999179840088,-0.34999901056289673,-0.7177030931029993,0.0,-1.9498772650708347,0.19698766379556729,-0.41977430627609164,0.0
1759838807.5924451,1,-1.2050001604560743,-0.8299997437428225,-0.7177030434207193,0.0,-1.734999179840088,-0.34999901056289673,-0.7177031675596623,0.0,-1.9498963370989346,0.19698959064660426,-0.4220664318345843,0.0
1759838807.602877,1,-1.2050001607081215,-0.8299997439164319,-0.7177030435708398,0.0,-1.734999179840088,-0.34999901056289673,-0.7177032298983477,0.0,-1.9499122276298146,0.19699119607030352,-0.4239761968463462,0.0
1759838807.6144342,1,-1.2050001609337868,-0.8299997440718694,-0.717703043705247,0.0,-1.734999179840088,-0.34999901056289673,-0.717703252007416,0.0,-1.9499254778947803,0.19699253474737843,-0.42556864788646737,0.0
1759838807.6259518,1,-1.2050001611207581,-0.8299997442006545,-0.7177030438166079,0.0,-1.734999179840088,-0.34999901056289673,-0.717703280332632,0.0,-1.9499365547487753,0.19699365384428283,-0.4268998927869524,0.0
1759838807.6363263,1,-1.2050001612762906,-0.8299997443077848,-0.7177030439092438,0.0,-1.734999179840088,-0.34999901056289673,-0.7177033455396273,0.0,-1.949946536326933,0.19699466228523746,-0.4280995046105952,0.0
1759838807.6466606,1,-1.2050001614059729,-0.8299997443971094,-0.717703043986483,0.0,-1.734999179840088,-0.34999901056289673,-0.7177034056715303,0.0,-1.949954835418857,0.19699550074425165,-0.4290969108964563,0.0
1759838807.6570308,1,-1.2050001615143406,-0.8299997444717527,-0.7177030440510273,0.0,-1.734999179840088,-0.34999901056289673,-0.7177034572955794,0.0,-1.9499617510031593,0.19699619942719793,-0.42992804366579696,0.0
1759838807.6733866,1,-1.2050001616043713,-0.8299997445337655,-0.7177030441046497,0.0,-1.734999179840088,-0.34999901056289673,-0.7177033558860481,0.0,-1.9499674811118193,0.1969967783412891,-0.43061670291295223,0.0
1759838807.683506,1,-1.2050001616853177,-0.8299997445895211,-0.7177030441528618,0.0,-1.734999179840088,-0.34999901056289673,-0.7177034447142052,0.0,-1.9499722855108503,0.19699726373074042,-0.4311941079877862,0.0
1759838807.6944752,1,-1.205000161752706,-0.829999744635938,-0.7177030441929986,0.0,-1.734999179840088,-0.34999901056289673,-0.7177035082275527,0.0,-1.949976317890622,0.1969976711229225,-0.43167872979558075,0.0
1759838807.705665,1,-1.205000161808925,-0.8299997446746615,-0.7177030442264829,0.0,-1.734999179840088,-0.34999901056289673,-0.7177035570909105,0.0,-1.9499797092122786,0.19699801374886752,-0.4320863075846673,0.0
1759838807.7160075,1,-1.2050001618559933,-0.8299997447070819,-0.7177030442545169,0.0,-1.734999179840088,-0.34999901056289673,-0.7177036189861923,0.0,-1.9499827862568058,0.19699832462332761,-0.4324561147372533,0.0
1759838807.7262628,1,-1.2050001618954933,-0.8299997447342894,-0.7177030442780432,0.0,-1.734999179840088,-0.34999901056289673,-0.7177036737572458,0.0,-1.9499853598651034,0.1969985846355188,-0.4327654176244712,0.0
1759838807.7366235,1,-1.2050001619287105,-0.8299997447571693,-0.7177030442978276,0.0,-1.734999179840088,-0.34999901056289673,-0.7177037179479681,0.0,-1.9499875169022562,0.19699880256143906,-0.4330246559164105,0.0
1759838807.74769,1,-1.2050001619566788,-0.8299997447764337,-0.7177030443144855,0.0,-1.734999179840088,-0.34999901056289673,-0.7177037427117838,0.0,-1.9499893270968012,0.19699898544577718,-0.43324220976860145,0.0
1759838807.757949,1,-1.20500016198031,-0.8299997447927107,-0.7177030443285601,0.0,-1.734999179840088,-0.34999901056289673,-0.7177037826438183,0.0,-1.9499908515270943,0.19699913945929245,-0.4334254197355045,0.0
1759838807.7691436,1,-1.205000162000293,-0.8299997448064749,-0.7177030443404622,0.0,-1.734999179840088,-0.34999901056289673,-0.717703801956457,0.0,-1.9499921364288675,0.19699926927319067,-0.43357984254671433,0.0
1759838807.7793434,1,-1.2050001620186535,-0.8299997448191215,-0.7177030443513979,0.0,-1.734999179840088,-0.34999901056289673,-0.7177038399144529,0.0,-1.9499932235488804,0.19699937910515575,-0.4337104954355164,0.0
1759838807.789627,1,-1.2050001620340847,-0.8299997448297507,-0.717703044360589,0.0,-1.734999179840088,-0.34999901056289673,-0.7177038730487872,0.0,-1.949994145207262,0.19699947222049718,-0.43382126271845256,0.0
1759838807.7999368,1,-1.2050001620470825,-0.8299997448387035,-0.7177030443683304,0.0,-1.734999179840088,-0.34999901056289673,-0.7177039022567335,0.0,-1.949994928249831,0.19699955133145372,-0.43391537079528547,0.0
1759838807.8111675,1,-1.2050001620580404,-0.8299997448462513,-0.717703044374857,0.0,-1.734999179840088,-0.34999901056289673,-0.7177039142744198,0.0,-1.9499956477717242,0.19699962402490293,-0.4340018447933708,0.0
1759838807.8221135,1,-1.205000162067304,-0.8299997448526321,-0.7177030443803746,0.0,-1.734999179840088,-0.34999901056289673,-0.7177039332663178,0.0,-1.9499962543845726,0.19699968531112744,-0.434074749091054,0.0
1759838807.8334527,1,-1.2050001620751492,-0.8299997448580356,-0.7177030443850473,0.0,-1.734999179840088,-0.34999901056289673,-0.7177039479082588,0.0,-1.9499967667028593,0.1969997370707524,-0.4341363208249511,0.0
1759838807.8448617,1,-1.2050001620818078,-0.8299997448626221,-0.7177030443890131,0.0,-1.734999179840088,-0.34999901056289673,-0.7177039639308855,0.0,-1.9499972003684798,0.19699978088408188,-0.4341884398784463,0.0
1759838807.8556397,1,-1.2050001620874782,-0.8299997448665277,-0.7177030443923904,0.0,-1.734999179840088,-0.34999901056289673,-0.7177039908614695,0.0,-1.9499975686722528,0.19699981809389006,-0.43423270357641597,0.0
1759838807.8684437,1,-1.2050001620927049,-0.8299997448701278,-0.7177030443955035,0.0,-1.734999179840088,-0.34999901056289673,-0.7177039895800199,0.0,-1.949997881210742,0.19699984966971976,-0.4342702652586232,0.0
1759838807.8785791,1,-1.2050001620971318,-0.829999744873177,-0.71770304439814,0.0,-1.734999179840088,-0.34999901056289673,-0.7177040290783552,0.0,-1.9499981482058282,0.19699987664428983,-0.4343023534171554,0.0
1759838807.8892608,1,-1.2050001621008861,-0.8299997448757629,-0.717703044400376,0.0,-1.734999179840088,-0.34999901056289673,-0.7177040575545632,0.0,-1.9499983963696776,0.19699990171633608,-0.4343321783890378,0.0
1759838807.9006584,1,-1.2050001621040738,-0.8299997448779586,-0.7177030444022746,0.0,-1.734999179840088,-0.34999901056289673,-0.7177040737428815,0.0,-1.9499986064478028,0.19699992294057353,-0.43435742612027023,0.0
1759838807.9110477,1,-1.2050001621067907,-0.8299997448798301,-0.7177030444038929,0.0,-1.734999179840088,-0.34999901056289673,-0.7177041018194075,0.0,-1.9499987849735807,0.1969999409770707,-0.43437888180901524,0.0
1759838807.9225223,1,-1.2050001621091078,-0.829999744881426,-0.7177030444052729,0.0,-1.734999179840088,-0.34999901056289673,-0.7177041148745467,0.0,-1.9499989367670867,0.19699995631280073,-0.43439712474431885,0.0
1759838807.9331899,1,-1.2050001621110906,-0.8299997448827919,-0.717703044406454,0.0,-1.734999179840088,-0.34999901056289673,-0.7177041372944473,0.0,-1.949999066295012,0.19699996939903444,-0.43441269174466357,0.0
1759838807.9444299,1,-1.2050001621129338,-0.8299997448840615,-0.7177030444075518,0.0,-1.734999179840088,-0.34999901056289673,-0.7177041522682117,0.0,-1.9499991769669802,0.19699998058024684,-0.43442599258742437,0.0
1759838807.9549055,1,-1.2050001621145017,-0.8299997448851414,-0.7177030444084856,0.0,-1.734999179840088,-0.34999901056289673,-0.7177041749286399,0.0,-1.9499992718582546,0.1969999901671324,-0.4344373968657036,0.0
1759838807.9652221,1,-1.2050001621158386,-0.8299997448860622,-0.7177030444092819,0.0,-1.734999179840088,-0.34999901056289673,-0.7177041970330151,0.0,-1.9499993534129958,0.19699999840662516,-0.43444719832496054,0.0
1759838807.9767237,1,-1.2050001621169788,-0.8299997448868477,-0.717703044409961,0.0,-1.734999179840088,-0.34999901056289673,-0.7177042052886868,0.0,-1.949999430112843,0.19700000615562696,-0.43445641631054066,0.0
1759838807.9873755,1,-1.205000162117955,-0.82999974488752,-0.7177030444105423,0.0,-1.734999179840088,-0.34999901056289673,-0.7177042225396573,0.0,-1.9499994955210185,0.19700001276382878,-0.43446427723388636,0.0
1759838807.9985535,1,-1.2050001621187916,-0.8299997448880964,-0.7177030444110407,0.0,-1.734999179840088,-0.34999901056289673,-0.7177042344331817,0.0,-1.9499995513766928,0.19700001840693937,-0.4344709901129838,0.0
1759838808.009096,1,-1.2050001621195112,-0.8299997448885921,-0.7177030444114693,0.0,-1.734999179840088,-0.34999901056289673,-0.7177042519295824,0.0,-1.9499995992312782,0.1970000232416983,-0.4344767414005734,0.0
1759838808.0197132,1,-1.2050001621201314,-0.8299997448890192,-0.7177030444118385,0.0,-1.734999179840088,-0.34999901056289673,-0.7177042674894736,0.0,-1.949999640313873,0.19700002739228153,-0.43448167881283906,0.0
1759838808.0309358,1,-1.2050001621207187,-0.8299997448894235,-0.7177030444121884,0.0,-1.734999179840088,-0.34999901056289673,-0.7177042769735529,0.0,-1.949999675623445,0.19700003095961507,-0.4344859224083281,0.0
1759838808.0422113,1,-1.2050001621212203,-0.8299997448897691,-0.7177030444124871,0.0,-1.734999179840088,-0.34999901056289673,-0.7177042865626717,0.0,-1.9499997060361751,0.19700003403221963,-0.4344895774887161,0.0
1759838808.0528498,1,-1.2050001621216504,-0.8299997448900654,-0.7177030444127434,0.0,-1.734999179840088,-0.34999901056289673,-0.7177043016142566,0.0,-1.9499997347842088,0.1970000369366396,-0.43449303250159704,0.0
1759838808.0633357,1,-1.2050001621220203,-0.8299997448903201,-0.7177030444129636,0.0,-1.734999179840088,-0.34999901056289673,-0.7177043167579349,0.0,-1.949999759410629,0.19700003942465205,-0.43449599216834445,0.0
1759838808.074051,1,-1.2050001621223385,-0.8299997448905394,-0.7177030444131531,0.0,-1.734999179840088,-0.34999901056289673,-0.7177043287855724,0.0,-1.949999780543652,0.19700004155972584,-0.4344985319895938,0.0
1759838808.0852892,1,-1.205000162122613,-0.8299997448907284,-0.7177030444133166,0.0,-1.734999179840088,-0.34999901056289673,-0.7177043365231963,0.0,-1.949999798702542,0.1970000433943223,-0.43450071437185245,0.0
1759838808.095968,1,-1.20500016212285,-0.8299997448908918,-0.7177030444134579,0.0,-1.734999179840088,-0.34999901056289673,-0.71770434842424,0.0,-1.9499998143552197,0.1970000449757157,-0.43450259555107656,0.0
1759838808.1067996,1,-1.2050001621230748,-0.8299997448910466,-0.7177030444135917,0.0,-1.734999179840088,-0.34999901056289673,-0.7177043588368743,0.0,-1.9499998278727022,0.1970000463413898,-0.4345042201169913,0.0
1759838808.1179419,1,-1.2050001621232678,-0.8299997448911794,-0.7177030444137066,0.0,-1.734999179840088,-0.34999901056289673,-0.7177043669298158,0.0,-1.9499998395648455,0.1970000475226495,-0.4345056253089352,0.0
1759838808.1281192,1,-1.205000162123434,-0.829999744891294,-0.7177030444138056,0.0,-1.734999179840088,-0.34999901056289673,-0.7177043808678415,0.0,-1.9499998506819518,0.19700004864581308,-0.4345069613914506,0.0
1759838808.1389463,1,-1.2050001621235775,-0.8299997448913927,-0.7177030444138911,0.0,-1.734999179840088,-0.34999901056289673,-0.7177043896363848,0.0,-1.9499998602405406,0.19700004961151932,-0.43450811016733354,0.0
1759838808.1493416,1,-1.2050001621237016,-0.8299997448914781,-0.717703044413965,0.0,-1.734999179840088,-0.34999901056289673,-0.7177044003006507,0.0,-1.9499998684827755,0.19700005044423405,-0.4345091007404002,0.0
1759838808.159962,1,-1.2050001621238091,-0.8299997448915523,-0.7177030444140291,0.0,-1.734999179840088,-0.34999901056289673,-0.71770440892492,0.0,-1.9499998756019725,0.19700005116348804,-0.4345099563438659,0.0
1759838808.1706717,1,-1.2050001621239024,-0.8299997448916165,-0.7177030444140846,0.0,-1.734999179840088,-0.34999901056289673,-0.7177044166167619,0.0,-1.9499998817630855,0.1970000517859466,-0.4345106968023313,0.0
1759838808.1807928,1,-1.2050001621239836,-0.8299997448916726,-0.717703044414133,0.0,-1.734999179840088,-0.34999901056289673,-0.7177044270406991,0.0,-1.9499998871117032,0.19700005232631856,-0.4345113396130131,0.0
1759838808.191946,1,-1.2050001621240614,-0.8299997448917261,-0.7177030444141793,0.0,-1.734999179840088,-0.34999901056289673,-0.7177044314899206,0.0,-1.9499998917556192,0.1970000527954944,-0.43451189773083526,0.0
1759838808.2027607,1,-1.2050001621241286,-0.8299997448917724,-0.7177030444142193,0.0,-1.734999179840088,-0.34999901056289673,-0.7177044379951703,0.0,-1.9499998957987288,0.19700005320397063,-0.43451238364216704,0.0
1759838808.213982,1,-1.2050001621241868,-0.8299997448918124,-0.7177030444142539,0.0,-1.734999179840088,-0.34999901056289673,-0.7177044428756432,0.0,-1.9499998996748826,0.19700005359557926,-0.4345128494883289,0.0
1759838808.2242296,1,-1.2050001621242372,-0.8299997448918471,-0.717703044414284,0.0,-1.734999179840088,-0.34999901056289673,-0.7177044524742193,0.0,-1.949999903032203,0.19700005393477008,-0.43451325297978716,0.0
1759838808.2346706,1,-1.2050001621242814,-0.8299997448918774,-0.7177030444143102,0.0,-1.734999179840088,-0.34999901056289673,-0.7177044604065834,0.0,-1.9499999059450137,0.19700005422905195,-0.4345136030488812,0.0
1759838808.2454352,1,-1.2050001621243203,-0.8299997448919042,-0.7177030444143333,0.0,-1.734999179840088,-0.34999901056289673,-0.717704466284971,0.0,-1.9499999084758404,0.19700005448474192,-0.4345139072101835,0.0
1759838808.2559953,1,-1.2050001621243547,-0.829999744891928,-0.7177030444143538,0.0,-1.734999179840088,-0.34999901056289673,-0.7177044728261173,0.0,-1.9499999106801311,0.1970000547074419,-0.4345141721275543,0.0
1759838808.2662482,1,-1.2050001621243869,-0.82999974489195,-0.717703044414373,0.0,-1.734999179840088,-0.34999901056289673,-0.7177044802440484,0.0,-1.9499999126375036,0.19700005490519565,-0.434514407369625,0.0
1759838808.2768896,1,-1.2050001621244149,-0.8299997448919693,-0.7177030444143897,0.0,-1.734999179840088,-0.34999901056289673,-0.7177044855782828,0.0,-1.9499999143795652,0.19700005508119647,-0.43451461673506797,0.0
1759838808.287587,1,-1.2050001621244393,-0.829999744891986,-0.7177030444144042,0.0,-1.734999179840088,-0.34999901056289673,-0.7177044905371996,0.0,-1.9499999159299999,0.19700005523783723,-0.4345148030703122,0.0
1759838808.2989876,1,-1.2050001621244608,-0.8299997448920008,-0.717703044414417,0.0,-1.734999179840088,-0.34999901056289673,-0.7177044930971945,0.0,-1.9499999173422604,0.1970000553805182,-0.43451497279944146,0.0
1759838808.3099072,1,-1.20500016212448,-0.829999744892014,-0.7177030444144283,0.0,-1.734999179840088,-0.34999901056289673,-0.7177044979663627,0.0,-1.949999918571216,0.19700005550467986,-0.43451512049849944,0.0
1759838808.3203206,1,-1.2050001621244968,-0.8299997448920258,-0.7177030444144384,0.0,-1.734999179840088,-0.34999901056289673,-0.7177045046028567,0.0,-1.949999919660569,0.19700005561473743,-0.43451525141976616,0.0
1759838808.3312151,1,-1.2050001621245119,-0.8299997448920362,-0.7177030444144474,0.0,-1.734999179840088,-0.34999901056289673,-0.7177045092010701,0.0,-1.9499999206300933,0.19700005571268867,-0.4345153679396936,0.0
1759838808.3414803,1,-1.2050001621245254,-0.8299997448920455,-0.7177030444144555,0.0,-1.734999179840088,-0.34999901056289673,-0.7177045155497339,0.0,-1.94999992149297,0.19700005579986526,-0.43451547164242893,0.0
1759838808.3516357,1,-1.2050001621245374,-0.8299997448920537,-0.7177030444144626,0.0,-1.734999179840088,-0.34999901056289673,-0.7177045216199875,0.0,-1.94999992226093,0.19700005587745245,-0.4345155639378634,0.0
1759838808.3630672,1,-1.2050001621245479,-0.8299997448920611,-0.717703044414469,0.0,-1.734999179840088,-0.34999901056289673,-0.7177045234359483,0.0,-1.94999992226093,0.19700005587745245,-0.4345155639378634,0.0
1759838808.3737757,1,-1.2050001621245574,-0.8299997448920675,-0.7177030444144746,0.0,-1.734999179840088,-0.34999901056289673,-0.7177045277328027,0.0,-1.9499999229444147,0.19700005594650505,-0.43451564608080007,0.0
1759838808.384642,1,-1.2050001621245656,-0.8299997448920734,-0.7177030444144796,0.0,-1.734999179840088,-0.34999901056289673,-0.7177045316435482,0.0,-1.9499999235527161,0.19700005600796183,-0.43451571918801374,0.0
1759838808.395937,1,-1.2050001621245732,-0.8299997448920785,-0.7177030444144842,0.0,-1.734999179840088,-0.34999901056289673,-0.7177045344449251,0.0,-1.9499999240941042,0.19700005606265839,-0.43451578425343385,0.0
1759838808.4065583,1,-1.2050001621245732,-0.8299997448920785,-0.7177030444144842,0.0,-1.734999179840088,-0.34999901056289673,-0.7177045391682473,0.0,-1.9499999245759396,0.19700005611133833,-0.4345158421616578,0.0
1759838808.4167478,1,-1.2050001621245732,-0.8299997448920785,-0.7177030444144842,0.0,-1.734999179840088,-0.34999901056289673,-0.717704544646498,0.0,-1.9499999245759396,0.19700005611133833,-0.4345158421616578,0.0
1759838808.4274917,1,-1.2050001621245798,-0.8299997448920832,-0.7177030444144881,0.0,-1.734999179840088,-0.34999901056289673,-0.7177045482142539,0.0,-1.9499999245759396,0.19700005611133833,-0.4345158421616578,0.0
1759838808.4380162,1,-1.2050001621245856,-0.8299997448920873,-0.7177030444144916,0.0,-1.734999179840088,-0.34999901056289673,-0.7177045520668255,0.0,-1.9499999245759396,0.19700005611133833,-0.4345158421616578,0.0
1759838808.449364,1,-1.205000162124591,-0.8299997448920909,-0.7177030444144948,0.0,-1.734999179840088,-0.34999901056289673,-0.7177045539599689,0.0,-1.949999925004773,0.19700005615466348,-0.4345158936999771,0.0
1759838808.4595187,1,-1.205000162124591,-0.8299997448920909,-0.7177030444144948,0.0,-1.734999179840088,-0.34999901056289673,-0.7177045586151181,0.0,-1.9499999253864349,0.19700005619322286,-0.4345159395690814,0.0
1759838808.470865,1,-1.205000162124591,-0.8299997448920909,-0.7177030444144948,0.0,-1.734999179840088,-0.34999901056289673,-0.7177045604973529,0.0,-1.9499999253864349,0.19700005619322286,-0.4345159395690814,0.0
1759838808.4842134,1,-1.205000162124591,-0.8299997448920909,-0.7177030444144948,0.0,-1.734999179840088,-0.34999901056289673,-0.7177045588219428,0.0,-1.9499999253864349,0.19700005619322286,-0.4345159395690814,0.0
1759838808.4945374,1,-1.2050001621245956,-0.8299997448920943,-0.7177030444144975,0.0,-1.734999179840088,-0.34999901056289673,-0.7177045641641691,0.0,-1.9499999253864349,0.19700005619322286,-0.4345159395690814,0.0
1759838808.5047555,1,-1.2050001621245956,-0.8299997448920943,-0.7177030444144975,0.0,-1.734999179840088,-0.34999901056289673,-0.7177045692722448,0.0,-1.9499999253864349,0.19700005619322286,-0.4345159395690814,0.0
1759838808.515959,1,-1.2050001621245956,-0.8299997448920943,-0.7177030444144975,0.0,-1.734999179840088,-0.34999901056289673,-0.7177045718890476,0.0,-1.9499999253864349,0.19700005619322286,-0.4345159395690814,0.0
1759838808.5273666,1,-1.2050001621245956,-0.8299997448920943,-0.7177030444144975,0.0,-1.734999179840088,-0.34999901056289673,-0.7177045740548369,0.0,-1.9499999253864349,0.19700005619322286,-0.4345159395690814,0.0
1759838808.5376167,1,-1.2050001621245956,-0.8299997448920943,-0.7177030444144975,0.0,-1.734999179840088,-0.34999901056289673,-0.7177045781846055,0.0,-1.9499999253864349,0.19700005619322286,-0.4345159395690814,0.0
1759838808.5479493,1,-1.2050001621245956,-0.8299997448920943,-0.7177030444144975,0.0,-1.734999179840088,-0.34999901056289673,-0.7177045817175074,0.0,-1.9499999253864349,0.19700005619322286,-0.4345159395690814,0.0
1759838808.5594492,1,-1.2050001621245956,-0.8299997448920943,-0.7177030444144975,0.0,-1.734999179840088,-0.34999901056289673,-0.717704583058854,0.0,-1.9499999253864349,0.19700005619322286,-0.4345159395690814,0.0
1759838808.570487,1,-1.2050001621245956,-0.8299997448920943,-0.7177030444144975,0.0,-1.734999179840088,-0.34999901056289673,-0.7177045852568149,0.0,-1.9499999253864349,0.19700005619322286,-0.4345159395690814,0.0
1759838808.5806787,1,-1.2050001621245956,-0.8299997448920943,-0.7177030444144975,0.0,-1.734999179840088,-0.34999901056289673,-0.7177045886732607,0.0,-1.9499999253864349,0.19700005619322286,-0.4345159395690814,0.0
1759838808.5913782,1,-1.2050001621245956,-0.8299997448920943,-0.7177030444144975,0.0,-1.734999179840088,-0.34999901056289673,-0.7177045910157673,0.0,-1.9499999253864349,0.19700005619322286,-0.4345159395690814,0.0
1759838808.6016808,1,-1.2050001621245956,-0.8299997448920943,-0.7177030444144975,0.0,-1.734999179840088,-0.34999901056289673,-0.7177045936867258,0.0,-1.9499999253864349,0.19700005619322286,-0.4345159395690814,0.0
1759838808.6127656,1,-1.2050001621245956,-0.8299997448920943,-0.7177030444144975,0.0,-1.734999179840088,-0.34999901056289673,-0.7177045951205994,0.0,-1.9499999253864349,0.19700005619322286,-0.4345159395690814,0.0
1759838808.6233711,1,-1.2050001621245956,-0.8299997448920943,-0.7177030444144975,0.0,-1.734999179840088,-0.34999901056289673,-0.7177045972012229,0.0,-1.9499999253864349,0.19700005619322286,-0.4345159395690814,0.0
1759838808.633701,1,-1.2050001621245956,-0.8299997448920943,-0.7177030444144975,0.0,-1.734999179840088,-0.34999901056289673,-0.7177045995325829,0.0,-1.9499999253864349,0.19700005619322286,-0.4345159395690814,0.0
1759838808.6438837,1,-1.2050001621245956,-0.8299997448920943,-0.7177030444144975,0.0,-1.734999179840088,-0.34999901056289673,-0.71770460182303,0.0,-1.9499999253864349,0.19700005619322286,-0.4345159395690814,0.0
1759838808.6541653,1,-1.2050001621245956,-0.8299997448920943,-0.7177030444144975,0.0,-1.734999179840088,-0.34999901056289673,-0.717704603763119,0.0,-1.9499999253864349,0.19700005619322286,-0.4345159395690814,0.0
1759838808.664473,1,-1.2050001621245956,-0.8299997448920943,-0.7177030444144975,0.0,-1.734999179840088,-0.34999901056289673,-0.7177046055096881,0.0,-1.9499999253864349,0.19700005619322286,-0.4345159395690814,0.0
1759838808.6815424,1,-1.2050001621245956,-0.8299997448920943,-0.7177030444144975,0.0,-1.734999179840088,-0.34999901056289673,-0.7177046002849714,0.0,-1.9499999253864349,0.19700005619322286,-0.4345159395690814,0.0
1759838808.6872358,1,-1.2050001621245956,-0.8299997448920943,-0.7177030444144975,0.0,-1.734999179840088,-0.34999901056289673,-0.7177046082642562,0.0,-1.9499999253864349,0.19700005619322286,-0.4345159395690814,0.0
1759838808.6985552,1,-1.2050001621245956,-0.8299997448920943,-0.7177030444144975,0.0,-1.734999179840088,-0.34999901056289673,-0.7177046093971526,0.0,-1.9499999253864349,0.19700005619322286,-0.4345159395690814,0.0
1759838808.7091177,1,-1.2050001621245956,-0.8299997448920943,-0.7177030444144975,0.0,-1.734999179840088,-0.34999901056289673,-0.7177046109401157,0.0,-1.9499999253864349,0.19700005619322286,-0.4345159395690814,0.0
1759838808.7204282,1,-1.2050001621245956,-0.8299997448920943,-0.7177030444144975,0.0,-1.734999179840088,-0.34999901056289673,-0.717704611765333,0.0,-1.9499999253864349,0.19700005619322286,-0.4345159395690814,0.0
1759838808.7318003,1,-1.2050001621245956,-0.8299997448920943,-0.7177030444144975,0.0,-1.734999179840088,-0.34999901056289673,-0.7177046126699516,0.0,-1.9499999253864349,0.19700005619322286,-0.4345159395690814,0.0
1759838808.7433524,1,-1.2050001621245956,-0.8299997448920943,-0.7177030444144975,0.0,-1.734999179840088,-0.34999901056289673,-0.7177046135752949,0.0,-1.9499999253864349,0.19700005619322286,-0.4345159395690814,0.0
1759838808.7544906,1,-1.2050001621245956,-0.8299997448920943,-0.7177030444144975,0.0,-1.734999179840088,-0.34999901056289673,-0.7177046149544921,0.0,-1.9499999253864349,0.19700005619322286,-0.4345159395690814,0.0
1759838808.7649045,1,-1.2050001621245956,-0.8299997448920943,-0.7177030444144975,0.0,-1.734999179840088,-0.34999901056289673,-0.7177046168829406,0.0,-1.9499999253864349,0.19700005619322286,-0.4345159395690814,0.0
1759838808.775306,1,-1.2050001621245956,-0.8299997448920943,-0.7177030444144975,0.0,-1.734999179840088,-0.34999901056289673,-0.7177046186008411,0.0,-1.9499999253864349,0.19700005619322286,-0.4345159395690814,0.0
1759838808.7865689,1,-1.2050001621245956,-0.8299997448920943,-0.7177030444144975,0.0,-1.734999179840088,-0.34999901056289673,-0.7177046194836532,0.0,-1.9499999253864349,0.19700005619322286,-0.4345159395690814,0.0
1759838808.797957,1,-1.2050001621245956,-0.8299997448920943,-0.7177030444144975,0.0,-1.734999179840088,-0.34999901056289673,-0.7177046203081119,0.0,-1.9499999253864349,0.19700005619322286,-0.4345159395690814,0.0
1759838808.8087778,1,-1.2050001621245956,-0.8299997448920943,-0.7177030444144975,0.0,-1.734999179840088,-0.34999901056289673,-0.7177046215985392,0.0,-1.9499999253864349,0.19700005619322286,-0.4345159395690814,0.0
1759838808.819091,1,-1.2050001621245956,-0.8299997448920943,-0.7177030444144975,0.0,-1.734999179840088,-0.34999901056289673,-0.7177046231576867,0.0,-1.9499999253864349,0.19700005619322286,-0.4345159395690814,0.0
1759838808.829338,1,-1.2050001621245956,-0.8299997448920943,-0.7177030444144975,0.0,-1.734999179840088,-0.34999901056289673,-0.7177046245740257,0.0,-1.9499999253864349,0.19700005619322286,-0.4345159395690814,0.0
1759838808.839686,1,-1.2050001621245956,-0.8299997448920943,-0.7177030444144975,0.0,-1.734999179840088,-0.34999901056289673,-0.717704625749505,0.0,-1.9499999253864349,0.19700005619322286,-0.4345159395690814,0.0
1759838808.8510377,1,-1.2050001621245956,-0.8299997448920943,-0.7177030444144975,0.0,-1.734999179840088,-0.34999901056289673,-0.7177046262153794,0.0,-1.9499999253864349,0.19700005619322286,-0.4345159395690814,0.0
1759838808.8623397,1,-1.2050001621245956,-0.8299997448920943,-0.7177030444144975,0.0,-1.734999179840088,-0.34999901056289673,-0.717704626805352,0.0,-1.9499999253864349,0.19700005619322286,-0.4345159395690814,0.0
1759838808.8735511,1,-1.2050001621245956,-0.8299997448920943,-0.7177030444144975,0.0,-1.734999179840088,-0.34999901056289673,-0.7177046275440659,0.0,-1.9499999253864349,0.19700005619322286,-0.4345159395690814,0.0
1759838808.884383,1,-1.2050001621245956,-0.8299997448920943,-0.7177030444144975,0.0,-1.734999179840088,-0.34999901056289673,-0.7177046285280735,0.0,-1.9499999253864349,0.19700005619322286,-0.4345159395690814,0.0
1759838808.8946934,1,-1.2050001621245956,-0.8299997448920943,-0.7177030444144975,0.0,-1.734999179840088,-0.34999901056289673,-0.7177046297329034,0.0,-1.9499999253864349,0.19700005619322286,-0.4345159395690814,0.0
1759838808.905915,1,-1.2050001621245956,-0.8299997448920943,-0.7177030444144975,0.0,-1.734999179840088,-0.34999901056289673,-0.7177046303508376,0.0,-1.9499999253864349,0.19700005619322286,-0.4345159395690814,0.0
1759838808.9172304,1,-1.2050001621245956,-0.8299997448920943,-0.7177030444144975,0.0,-1.734999179840088,-0.34999901056289673,-0.7177046309368738,0.0,-1.9499999253864349,0.19700005619322286,-0.4345159395690814,0.0
1759838808.9274504,1,-1.2050001621245956,-0.8299997448920943,-0.7177030444144975,0.0,-1.734999179840088,-0.34999901056289673,-0.7177046320746533,0.0,-1.9499999253864349,0.19700005619322286,-0.4345159395690814,0.0
1759838808.9389892,1,-1.2050001621245956,-0.8299997448920943,-0.7177030444144975,0.0,-1.734999179840088,-0.34999901056289673,-0.7177046325058782,0.0,-1.9499999253864349,0.19700005619322286,-0.4345159395690814,0.0
1759838808.949282,1,-1.2050001621245956,-0.8299997448920943,-0.7177030444144975,0.0,-1.734999179840088,-0.34999901056289673,-0.7177046335178332,0.0,-1.9499999253864349,0.19700005619322286,-0.4345159395690814,0.0
1759838808.959323,1,-1.2050001621245956,-0.8299997448920943,-0.7177030444144975,0.0,-1.734999179840088,-0.34999901056289673,-0.7177046345404055,0.0,-1.9499999253864349,0.19700005619322286,-0.4345159395690814,0.0
1759838808.9706652,1,-1.2050001621245956,-0.8299997448920943,-0.7177030444144975,0.0,-1.734999179840088,-0.34999901056289673,-0.717704634897121,0.0,-1.9499999253864349,0.19700005619322286,-0.4345159395690814,0.0
1759838808.9841616,1,-1.2050001621245956,-0.8299997448920943,-0.7177030444144975,0.0,-1.734999179840088,-0.34999901056289673,-0.7177046344723941,0.0,-1.9499999253864349,0.19700005619322286,-0.4345159395690814,0.0
1759838808.9942603,1,-1.2050001621245956,-0.8299997448920943,-0.7177030444144975,0.0,-1.734999179840088,-0.34999901056289673,-0.7177046356338881,0.0012115364429397246,-1.9499999253864349,0.19700005619322286,-0.4345159395690814,0.0
1759838809.004897,1,-1.2050001621245956,-0.8299997448920943,-0.7177030444144975,0.0,-1.734999179840088,-0.34999901056289673,-0.7177046364974959,0.0012115364429397246,-1.9499999253864349,0.19700005619322286,-0.4345159395690814,0.0
1759838809.018603,1,-1.2050001621245956,-0.8299997448920943,-0.7177030444144975,0.0,-1.734999179840088,-0.34999901056289673,-0.7177046361906605,0.0012115364429397246,-1.9499999253864349,0.19700005619322286,-0.4345159395690814,0.0
1759838809.0308182,1,-1.2050001621245956,-0.8299997448920943,-0.7177030444144975,0.0,-1.734999179840088,-0.34999901056289673,-0.7177046366358333,0.0012115364429397246,-1.9499999253864349,0.19700005619322286,-0.4345159395690814,0.0
1759838809.044535,1,-1.2050001621245956,-0.8299997448920943,-0.7177030444144975,0.0,-1.734999179840088,-0.34999901056289673,-0.7177046367156059,0.0012115364429397246,-1.9499999253864349,0.19700005619322286,-0.4345159395690814,0.0
1759838809.0572731,1,-1.2050001621245956,-0.8299997448920943,-0.7177030444144975,0.0,-1.734999179840088,-0.34999901056289673,-0.7177046372739575,0.0012115364429397246,-1.9499999253864349,0.19700005619322286,-0.4345159395690814,0.0
1759838809.0696337,1,-1.2050001621245956,-0.8299997448920943,-0.7177030444144975,0.0,-1.734999179840088,-0.34999901056289673,-0.7177046379942631,0.0012115364429397246,-1.9499999253864349,0.19700005619322286,-0.4345159395690814,0.0
1759838809.0819118,1,-1.2050001621245956,-0.8299997448920943,-0.7177030444144975,0.0,-1.734999179840088,-0.34999901056289673,-0.7177046387057509,0.0012115364429397246,-1.9499999253864349,0.19700005619322286,-0.4345159395690814,0.0
1759838809.0940073,1,-1.2050001621245956,-0.8299997448920943,-0.7177030444144975,0.0,-1.734999179840088,-0.34999901056289673,-0.7177046394161906,0.0012115364429397246,-1.9499999253864349,0.19700005619322286,-0.4345159395690814,0.0
1759838809.1042933,1,-1.2050001621245956,-0.8299997448920943,-0.7177030444144975,0.0,-1.734999179840088,-0.34999901056289673,-0.7177046405229319,0.0012115364429397246,-1.9499999253864349,0.19700005619322286,-0.4345159395690814,0.0
1759838809.1155837,1,-1.2050001621245956,-0.8299997448920943,-0.7177030444144975,0.0,-1.734999179840088,-0.34999901056289673,-0.7177046411838042,0.0012115364429397246,-1.9499999253864349,0.19700005619322286,-0.4345159395690814,0.0
1759838809.126893,1,-1.2050001621245956,-0.8299997448920943,-0.7177030444144975,0.0,-1.734999179840088,-0.34999901056289673,-0.7177046417378001,0.0012115364429397246,-1.9499999253864349,0.19700005619322286,-0.4345159395690814,0.0
1759838809.1386015,1,-1.2050001621245956,-0.8299997448920943,-0.7177030444144975,0.0,-1.734999179840088,-0.34999901056289673,-0.7177046421448949,0.0012115364429397246,-1.9499999253864349,0.19700005619322286,-0.4345159395690814,0.0
1759838809.1504116,1,-1.2050001621245956,-0.8299997448920943,-0.7177030444144975,0.0,-1.734999179840088,-0.34999901056289673,-0.7177046425176865,0.0012115364429397246,-1.9499999253864349,0.19700005619322286,-0.4345159395690814,0.0
1759838809.1616673,1,-1.2050001621245956,-0.8299997448920943,-0.7177030444144975,0.0,-1.734999179840088,-0.34999901056289673,-0.7177046430097249,0.0012115364429397246,-1.9499999253864349,0.19700005619322286,-0.4345159395690814,0.0
1759838809.172253,1,-1.2050001621245956,-0.8299997448920943,-0.7177030444144975,0.0,-1.734999179840088,-0.34999901056289673,-0.7177046436009,0.0012115364429397246,-1.9499999253864349,0.19700005619322286,-0.4345159395690814,0.0
1759838809.1830251,1,-1.2050001621245956,-0.8299997448920943,-0.7177030444144975,0.0,-1.734999179840088,-0.34999901056289673,-0.7177046440727253,0.0012115364429397246,-1.9499999253864349,0.19700005619322286,-0.4345159395690814,0.0
1759838809.193361,1,-1.2050001621245956,-0.8299997448920943,-0.7177030444144975,0.0,-1.734999179840088,-0.34999901056289673,-0.7177046445673128,0.0012115364429397246,-1.9499999253864349,0.19700005619322286,-0.4345159395690814,0.0
1759838809.205368,1,-1.2050001621245956,-0.8299997448920943,-0.7177030444144975,0.0,-1.734999179840088,-0.34999901056289673,-0.7177046446832982,0.0012115364429397246,-1.9499999253864349,0.19700005619322286,-0.4345159395690814,0.0
1759838809.2173302,1,-1.2050001621245956,-0.8299997448920943,-0.7177030444144975,0.0,-1.734999179840088,-0.34999901056289673,-0.7177046448468758,0.0012115364429397246,-1.9499999253864349,0.19700005619322286,-0.4345159395690814,0.0
1759838809.228131,1,-1.2050001621245956,-0.8299997448920943,-0.7177030444144975,0.0,-1.734999179840088,-0.34999901056289673,-0.7177046452572249,0.0012115364429397246,-1.9499999253864349,0.19700005619322286,-0.4345159395690814,0.0
1759838809.2395415,1,-1.2050001621245956,-0.8299997448920943,-0.7177030444144975,0.0,-1.734999179840088,-0.34999901056289673,-0.7177046455344112,0.0012115364429397246,-1.9499999253864349,0.19700005619322286,-0.4345159395690814,0.0
1759838809.2496586,1,-1.2050001621245956,-0.8299997448920943,-0.7177030444144975,0.0,-1.734999179840088,-0.34999901056289673,-0.7177046460091798,0.0012115364429397246,-1.9499999253864349,0.19700005619322286,-0.4345159395690814,0.0
1759838809.2603083,1,-1.2050001621245956,-0.8299997448920943,-0.7177030444144975,0.0,-1.734999179840088,-0.34999901056289673,-0.7177046463342088,0.0012115364429397246,-1.9499999253864349,0.19700005619322286,-0.4345159395690814,0.0
1759838809.2716782,1,-1.2050001621245956,-0.8299997448920943,-0.7177030444144975,0.0,-1.734999179840088,-0.34999901056289673,-0.717704646510871,0.0012115364429397246,-1.9499999253864349,0.19700005619322286,-0.4345159395690814,0.0
1759838809.284053,1,-1.2050001621245956,-0.8299997448920943,-0.7177030444144975,0.0,-1.734999179840088,-0.34999901056289673,-0.7177046465515851,0.0012115364429397246,-1.9499999253864349,0.19700005619322286,-0.4345159395690814,0.0
1759838809.2955828,1,-1.2050001621245956,-0.8299997448920943,-0.7177030444144975,0.0,-1.734999179840088,-0.34999901056289673,-0.7177046467702546,0.0012115364429397246,-1.9499999253864349,0.19700005619322286,-0.4345159395690814,0.0
1759838809.3067954,1,-1.2050001621245956,-0.8299997448920943,-0.7177030444144975,0.0,-1.734999179840088,-0.34999901056289673,-0.7177046470460144,0.0012115364429397246,-1.9499999253864349,0.19700005619322286,-0.4345159395690814,0.0
1759838809.3174233,1,-1.2050001621245956,-0.8299997448920943,-0.7177030444144975,0.0,-1.734999179840088,-0.34999901056289673,-0.7177046473825897,0.0012115364429397246,-1.9499999253864349,0.19700005619322286,-0.4345159395690814,0.0
1759838809.3278234,1,-1.2050001621245956,-0.8299997448920943,-0.7177030444144975,0.0,-1.734999179840088,-0.34999901056289673,-0.717704647707075,0.0012115364429397246,-1.9499999253864349,0.19700005619322286,-0.4345159395690814,0.0
1759838809.3388786,1,-1.2050001621245956,-0.8299997448920943,-0.7177030444144975,0.0,-1.734999179840088,-0.34999901056289673,-0.7177046479061104,0.0012115364429397246,-1.9499999253864349,0.19700005619322286,-0.4345159395690814,0.0
1759838809.350541,1,-1.2050001621245956,-0.8299997448920943,-0.7177030444144975,0.0,-1.734999179840088,-0.34999901056289673,-0.7177046480221421,0.0012115364429397246,-1.9499999253864349,0.19700005619322286,-0.4345159395690814,0.0
1759838809.3608372,1,-1.2050001621245956,-0.8299997448920943,-0.7177030444144975,0.0,-1.734999179840088,-0.34999901056289673,-0.7177046483117522,0.0012115364429397246,-1.9499999253864349,0.19700005619322286,-0.4345159395690814,0.0
1759838809.3717027,1,-1.2050001621245956,-0.8299997448920943,-0.7177030444144975,0.0,-1.734999179840088,-0.34999901056289673,-0.7177046485083594,0.0012115364429397246,-1.9499999253864349,0.19700005619322286,-0.4345159395690814,0.0
1759838809.3822122,1,-1.2050001621245956,-0.8299997448920943,-0.7177030444144975,0.0,-1.734999179840088,-0.34999901056289673,-0.7177046487268264,0.0012115364429397246,-1.9499999253864349,0.19700005619322286,-0.4345159395690814,0.0
1759838809.3931334,1,-1.2050001621245956,-0.8299997448920943,-0.7177030444144975,0.0,-1.734999179840088,-0.34999901056289673,-0.7177046488828971,0.0012115364429397246,-1.9499999253864349,0.19700005619322286,-0.4345159395690814,0.0
1759838809.4037166,1,-1.2050001621245956,-0.8299997448920943,-0.7177030444144975,0.0,-1.734999179840088,-0.34999901056289673,-0.7177046490674233,0.0012115364429397246,-1.9499999253864349,0.19700005619322286,-0.4345159395690814,0.0
1759838809.4146314,1,-1.2050001621245956,-0.8299997448920943,-0.7177030444144975,0.0,-1.734999179840088,-0.34999901056289673,-0.7177046492080023,0.0012115364429397246,-1.9499999253864349,0.19700005619322286,-0.4345159395690814,0.0
1759838809.425961,1,-1.2050001621245956,-0.8299997448920943,-0.7177030444144975,0.0,-1.734999179840088,-0.34999901056289673,-0.7177046493076347,0.0012115364429397246,-1.9499999253864349,0.19700005619322286,-0.4345159395690814,0.0
1759838809.4362352,1,-1.2050001621245956,-0.8299997448920943,-0.7177030444144975,0.0,-1.734999179840088,-0.34999901056289673,-0.7177046495134185,0.0012115364429397246,-1.9499999253864349,0.19700005619322286,-0.4345159395690814,0.0
1759838809.4468517,1,-1.2050001621245956,-0.8299997448920943,-0.7177030444144975,0.0,-1.734999179840088,-0.34999901056289673,-0.7177046496701074,0.0012115364429397246,-1.9499999253864349,0.19700005619322286,-0.4345159395690814,0.0
1759838809.4604688,1,-1.2050001621245956,-0.8299997448920943,-0.7177030444144975,0.0,-1.734999179840088,-0.34999901056289673,-0.7177046495628616,0.0012115364429397246,-1.9499999253864349,0.19700005619322286,-0.4345159395690814,0.0
1759838809.4719517,1,-1.2050001621245956,-0.8299997448920943,-0.7177030444144975,0.0,-1.734999179840088,-0.34999901056289673,-0.7177046496983408,0.0012115364429397246,-1.9499999253864349,0.19700005619322286,-0.4345159395690814,0.0
1759838809.4918752,1,-1.2050001621245956,-0.8299997448920943,-0.7177030444144975,0.0,-1.734999179840088,-0.34999901056289673,-0.7177046492146921,0.0012115364429397246,-1.9499999253864349,0.19700005619322286,-0.4345159395690814,0.0
1759838809.5021157,1,-1.2050001621245956,-0.8299997448920943,-0.7177030444144975,0.0,-1.734999179840088,-0.34999901056289673,-0.717704649637227,0.0012115364429397246,-1.9499999253864349,0.19700005619322286,-0.4345159395690814,0.0
1759838809.5128245,1,-1.2050001621245956,-0.8299997448920943,-0.7177030444144975,0.0,-1.734999179840088,-0.34999901056289673,-0.717704649982295,0.0012115364429397246,-1.9499999253864349,0.19700005619322286,-0.4345159395690814,0.0
1759838809.5270753,1,-1.2050001621245956,-0.8299997448920943,-0.7177030444144975,0.0,-1.734999179840088,-0.34999901056289673,-0.7177046500184225,0.0012115364429397246,-1.9499999253864349,0.19700005619322286,-0.4345159395690814,0.0
1759838809.5378287,1,-1.2050001621245956,-0.8299997448920943,-0.7177030444144975,0.0,-1.734999179840088,-0.34999901056289673,-0.7177046502978683,0.0012115364429397246,-1.9499999253864349,0.19700005619322286,-0.4345159395690814,0.0
1759838809.5506332,1,-1.2050001621245956,-0.8299997448920943,-0.7177030444144975,0.0,-1.734999179840088,-0.34999901056289673,-0.7177046504123616,0.0012115364429397246,-1.9499999253864349,0.19700005619322286,-0.4345159395690814,0.0
1759838809.561213,1,-1.2050001621245956,-0.8299997448920943,-0.7177030444144975,0.0,-1.734999179840088,-0.34999901056289673,-0.7177046506514841,0.0012115364429397246,-1.9499999253864349,0.19700005619322286,-0.4345159395690814,0.0
1759838809.573532,1,-1.2050001621245956,-0.8299997448920943,-0.7177030444144975,0.0,-1.734999179840088,-0.34999901056289673,-0.7177046507541647,0.0012115364429397246,-1.9499999253864349,0.19700005619322286,-0.4345159395690814,0.0
1759838809.583734,1,-1.2050001621245956,-0.8299997448920943,-0.7177030444144975,0.0,-1.734999179840088,-0.34999901056289673,-0.7177046509659242,0.0012115364429397246,-1.9499999253864349,0.19700005619322286,-0.4345159395690814,0.0
1759838809.5946634,1,-1.2050001621245956,-0.8299997448920943,-0.7177030444144975,0.0,-1.734999179840088,-0.34999901056289673,-0.7177046511047767,0.0012115364429397246,-1.9499999253864349,0.19700005619322286,-0.4345159395690814,0.0
1759838809.604794,1,-1.2050001621245956,-0.8299997448920943,-0.7177030444144975,0.0,-1.734999179840088,-0.34999901056289673,-0.717704651262812,0.0012115364429397246,-1.9499999253864349,0.19700005619322286,-0.4345159395690814,0.0
1759838809.6191328,1,-1.2050001621245956,-0.8299997448920943,-0.7177030444144975,0.0,-1.734999179840088,-0.34999901056289673,-0.7177046511874927,0.0012115364429397246,-1.9499999253864349,0.19700005619322286,-0.4345159395690814,0.0
1759838809.6295428,1,-1.2050001621245956,-0.8299997448920943,-0.7177030444144975,0.0,-1.734999179840088,-0.34999901056289673,-0.7177046513416538,0.0012115364429397246,-1.9499999253864349,0.19700005619322286,-0.4345159395690814,0.0
1759838809.6396067,1,-1.2050001621245956,-0.8299997448920943,-0.7177030444144975,0.0,-1.734999179840088,-0.34999901056289673,-0.7177046514989094,0.0012115364429397246,-1.9499999253864349,0.19700005619322286,-0.4345159395690814,0.0
1759838809.6537936,1,-1.2050001621245956,-0.8299997448920943,-0.7177030444144975,0.0,-1.734999179840088,-0.34999901056289673,-0.7177046514453913,0.0012115364429397246,-1.9499999253864349,0.19700005619322286,-0.4345159395690814,0.0
1759838809.6648245,1,-1.2050001621245956,-0.8299997448920943,-0.7177030444144975,0.0,-1.734999179840088,-0.34999901056289673,-0.7177046515602328,0.0012115364429397246,-1.9499999253864349,0.19700005619322286,-0.4345159395690814,0.0
1759838809.6748285,1,-1.2050001621245956,-0.8299997448920943,-0.7177030444144975,0.0,-1.734999179840088,-0.34999901056289673,-0.7177046517123422,0.0012115364429397246,-1.9499999253864349,0.19700005619322286,-0.4345159395690814,0.0
1759838809.696255,1,-1.2050001621245956,-0.8299997448920943,-0.7177030444144975,0.0,-1.734999179840088,-0.34999901056289673,-0.7177046513955787,0.0012115364429397246,-1.9499999253864349,0.19700005619322286,-0.4345159395690814,0.0
1759838809.7074938,1,-1.2050001621245956,-0.8299997448920943,-0.7177030444144975,0.0,-1.734999179840088,-0.34999901056289673,-0.717704651578444,0.0012115364429397246,-1.9499999253864349,0.19700005619322286,-0.4345159395690814,0.0
1759838809.7188313,1,-1.2050001621245956,-0.8299997448920943,-0.7177030444144975,0.0,-1.734999179840088,-0.34999901056289673,-0.7177046517496528,0.0012115364429397246,-1.9499999253864349,0.19700005619322286,-0.4345159395690814,0.0
1759838809.7314327,1,-1.2050001621245956,-0.8299997448920943,-0.7177030444144975,0.0,-1.734999179840088,-0.34999901056289673,-0.717704651844473,0.0012115364429397246,-1.9499999253864349,0.19700005619322286,-0.4345159395690814,0.0
1759838809.7428563,1,-1.2050001621245956,-0.8299997448920943,-0.7177030444144975,0.0,-1.734999179840088,-0.34999901056289673,-0.7177046519653896,0.0012115364429397246,-1.9499999253864349,0.19700005619322286,-0.4345159395690814,0.0
1759838809.7543864,1,-1.2050001621245956,-0.8299997448920943,-0.7177030444144975,0.0,-1.734999179840088,-0.34999901056289673,-0.717704652064878,0.0012115364429397246,-1.9499999253864349,0.19700005619322286,-0.4345159395690814,0.0
1759838809.7649589,1,-1.2050001621245956,-0.8299997448920943,-0.7177030444144975,0.0,-1.734999179840088,-0.34999901056289673,-0.7177046521783268,0.0012115364429397246,-1.9499999253864349,0.19700005619322286,-0.4345159395690814,0.0
1759838809.775334,1,-1.2050001621245956,-0.8299997448920943,-0.7177030444144975,0.0,-1.734999179840088,-0.34999901056289673,-0.7177046522776855,0.0012115364429397246,-1.9499999253864349,0.19700005619322286,-0.4345159395690814,0.0
1759838809.785655,1,-1.2050001621245956,-0.8299997448920943,-0.7177030444144975,0.0,-1.734999179840088,-0.34999901056289673,-0.7177046523602826,0.0012115364429397246,-1.9499999253864349,0.19700005619322286,-0.4345159395690814,0.0
1759838809.7956865,1,-1.2050001621245956,-0.8299997448920943,-0.7177030444144975,0.0,-1.734999179840088,-0.34999901056289673,-0.7177046524367388,0.0012115364429397246,-1.9499999253864349,0.19700005619322286,-0.4345159395690814,0.0
1759838809.8068917,1,-1.2050001621245956,-0.8299997448920943,-0.7177030444144975,0.0,-1.734999179840088,-0.34999901056289673,-0.7177046524689281,0.0012115364429397246,-1.9499999253864349,0.19700005619322286,-0.4345159395690814,0.0
1759838809.8184052,1,-1.2050001621245956,-0.8299997448920943,-0.7177030444144975,0.0,-1.734999179840088,-0.34999901056289673,-0.7177046524927704,0.0012115364429397246,-1.9499999253864349,0.19700005619322286,-0.4345159395690814,0.0
1759838809.831357,1,-1.2050001621245956,-0.8299997448920943,-0.7177030444144975,0.0,-1.734999179840088,-0.34999901056289673,-0.71770465248534,0.0012115364429397246,-1.9499999253864349,0.19700005619322286,-0.4345159395690814,0.0
1759838809.8420033,1,-1.2050001621245956,-0.8299997448920943,-0.7177030444144975,0.0,-1.734999179840088,-0.34999901056289673,-0.7177046525481572,0.0012115364429397246,-1.9499999253864349,0.19700005619322286,-0.4345159395690814,0.0
1759838809.854375,1,-1.2050001621245956,-0.8299997448920943,-0.7177030444144975,0.0,-1.734999179840088,-0.34999901056289673,-0.7177046525666598,0.0012115364429397246,-1.9499999253864349,0.19700005619322286,-0.4345159395690814,0.0
1759838809.8659081,1,-1.2050001621245956,-0.8299997448920943,-0.7177030444144975,0.0,-1.734999179840088,-0.34999901056289673,-0.7177046526085888,0.0012115364429397246,-1.9499999253864349,0.19700005619322286,-0.4345159395690814,0.0
1759838809.8784971,1,-1.2050001621245956,-0.8299997448920943,-0.7177030444144975,0.0,-1.734999179840088,-0.34999901056289673,-0.717704652627873,0.0012115364429397246,-1.9499999253864349,0.19700005619322286,-0.4345159395690814,0.0
1759838809.8900692,1,-1.2050001621245956,-0.8299997448920943,-0.7177030444144975,0.0,-1.734999179840088,-0.34999901056289673,-0.717704652673536,0.0012115364429397246,-1.9499999253864349,0.19700005619322286,-0.4345159395690814,0.0
1759838809.9078813,1,-1.2050001621245956,-0.8299997448920943,-0.7177030444144975,0.0,-1.734999179840088,-0.34999901056289673,-0.7177046525961419,0.0012115364429397246,-1.9499999253864349,0.19700005619322286,-0.4345159395690814,0.0
1759838809.916536,1,-1.2050001621245956,-0.8299997448920943,-0.7177030444144975,0.0,-1.734999179840088,-0.34999901056289673,-0.7177046527269332,0.0012115364429397246,-1.9499999253864349,0.19700005619322286,-0.4345159395690814,0.0
1759838809.9274857,1,-1.2050001621245956,-0.8299997448920943,-0.7177030444144975,0.0,-1.734999179840088,-0.34999901056289673,-0.7177046527946408,0.0012115364429397246,-1.9499999253864349,0.19700005619322286,-0.4345159395690814,0.0
1759838809.940141,1,-1.2050001621245956,-0.8299997448920943,-0.7177030444144975,0.0,-1.734999179840088,-0.34999901056289673,-0.7177046528172113,0.0012115364429397246,-1.9499999253864349,0.19700005619322286,-0.4345159395690814,0.0
1759838809.9516406,1,-1.2050001621245956,-0.8299997448920943,-0.7177030444144975,0.0,-1.734999179840088,-0.34999901056289673,-0.7177046528602169,0.0012115364429397246,-1.9499999253864349,0.19700005619322286,-0.4345159395690814,0.0
1759838809.9642794,1,-1.2050001621245956,-0.8299997448920943,-0.7177030444144975,0.0,-1.734999179840088,-0.34999901056289673,-0.7177046528816504,0.0012115364429397246,-1.9499999253864349,0.19700005619322286,-0.4345159395690814,0.0
1759838809.9745605,1,-1.2050001621245956,-0.8299997448920943,-0.7177030444144975,0.0,-1.734999179840088,-0.34999901056289673,-0.7177046529417126,0.0012115364429397246,-1.9499999253864349,0.19700005619322286,-0.4345159395690814,0.0
1759838809.9889,1,-1.2050001621245956,-0.8299997448920943,-0.7177030444144975,0.0,-1.734999179840088,-0.34999901056289673,-0.7177046529316975,0.0012115364429397246,-1.9499999253864349,0.19700005619322286,-0.4345159395690814,0.0
1759838810.0007966,1,-1.2050001621245956,-0.8299997448920943,-0.7177030444144975,0.0,-1.734999179840088,-0.34999901056289673,-0.7177046529667521,0.0012115364429397246,-1.9499999253864349,0.19700005619322286,-0.4345159395690814,0.0
1759838810.0144289,1,-1.2050001621245956,-0.8299997448920943,-0.7177030444144975,0.0,-1.734999179840088,-0.34999901056289673,-0.7177046529779645,0.0012115364429397246,-1.9499999253864349,0.19700005619322286,-0.4345159395690814,0.0
1759838810.0258467,1,-1.2050001621245956,-0.8299997448920943,-0.7177030444144975,0.0,-1.734999179840088,-0.34999901056289673,-0.7177046530231728,0.0012115364429397246,-1.9499999253864349,0.19700005619322286,-0.4345159395690814,0.0
1759838810.0396008,1,-1.2050001621245956,-0.8299997448920943,-0.7177030444144975,0.0,-1.734999179840088,-0.34999901056289673,-0.7177046530340583,0.0012115364429397246,-1.9499999253864349,0.19700005619322286,-0.4345159395690814,0.0
1759838810.050522,1,-1.2050001621245956,-0.8299997448920943,-0.7177030444144975,0.0,-1.734999179840088,-0.34999901056289673,-0.7177046530829827,0.0012115364429397246,-1.9499999253864349,0.19700005619322286,-0.4345159395690814,0.0
1759838810.063034,1,-1.2050001621245956,-0.8299997448920943,-0.7177030444144975,0.0,-1.734999179840088,-0.34999901056289673,-0.7177046531065638,0.0012115364429397246,-1.9499999253864349,0.19700005619322286,-0.4345159395690814,0.0
1759838810.073496,1,-1.2050001621245956,-0.8299997448920943,-0.7177030444144975,0.0,-1.734999179840088,-0.34999901056289673,-0.7177046531516282,0.0012115364429397246,-1.9499999253864349,0.19700005619322286,-0.4345159395690814,0.0
1759838810.0888724,1,-1.2050001621245956,-0.8299997448920943,-0.7177030444144975,0.0,-1.734999179840088,-0.34999901056289673,-0.7177046531361295,0.0012115364429397246,-1.9499999253864349,0.19700005619322286,-0.4345159395690814,0.0
1759838810.0989065,1,-1.2050001621245956,-0.8299997448920943,-0.7177030444144975,0.0,-1.734999179840088,-0.34999901056289673,-0.7177046531861286,0.0012115364429397246,-1.9499999253864349,0.19700005619322286,-0.4345159395690814,0.0
1759838810.1183023,1,-1.2050001621245956,-0.8299997448920943,-0.7177030444144975,0.0,-1.734999179840088,-0.34999901056289673,-0.7177046531369164,0.0012115364429397246,-1.9499999253864349,0.19700005619322286,-0.4345159395690814,0.0
1759838810.1290467,1,-1.2050001621245956,-0.8299997448920943,-0.7177030444144975,0.0,-1.734999179840088,-0.34999901056289673,-0.7177046531903848,0.0012115364429397246,-1.9499999253864349,0.19700005619322286,-0.4345159395690814,0.0
1759838810.1403039,1,-1.2050001621245956,-0.8299997448920943,-0.7177030444144975,0.0,-1.734999179840088,-0.34999901056289673,-0.71770465323333,0.0,-1.9499999253864349,0.19700005619322286,-0.4345159395690814,0.0
1759838810.151429,1,-1.2050001621245956,-0.8299997448920943,-0.7177030444144975,0.0,-1.734999179840088,-0.34999901056289673,-0.7177046532684859,0.0,-1.9499999253864349,0.19700005619322286,-0.4345159395690814,0.0
1759838810.1620722,1,-1.2050001621245956,-0.8299997448920943,-0.7177030444144975,0.0,-1.734999179840088,-0.34999901056289673,-0.7177046533009523,0.0012115364429397246,-1.9499999253864349,0.19700005619322286,-0.4345159395690814,0.0
1759838810.173882,1,-1.2050001621245956,-0.8299997448920943,-0.7177030444144975,0.0,-1.734999179840088,-0.34999901056289673,-0.717704653317746,0.0012115364429397246,-1.9499999253864349,0.19700005619322286,-0.4345159395690814,0.0
1759838810.184266,1,-1.2050001621245956,-0.8299997448920943,-0.7177030444144975,0.0,-1.734999179840088,-0.34999901056289673,-0.7177046533440361,0.0012115364429397246,-1.9499999253864349,0.19700005619322286,-0.4345159395690814,0.0
1759838810.198371,1,-1.2050001621245956,-0.8299997448920943,-0.7177030444144975,0.0,-1.734999179840088,-0.34999901056289673,-0.7177046533379752,0.0,-1.9499999253864349,0.19700005619322286,-0.4345159395690814,0.0
1759838810.2097147,1,-1.2050001621245956,-0.8299997448920943,-0.7177030444144975,0.0,-1.734999179840088,-0.34999901056289673,-0.7177046533572096,0.0,-1.9499999253864349,0.19700005619322286,-0.4345159395690814,0.0
1759838810.2235835,1,-1.2050001621245956,-0.8299997448920943,-0.7177030444144975,0.0,-1.734999179840088,-0.34999901056289673,-0.7177046533580516,0.0,-1.9499999253864349,0.19700005619322286,-0.4345159395690814,0.0
1759838810.2339506,1,-1.2050001621245956,-0.8299997448920943,-0.7177030444144975,0.0,-1.734999179840088,-0.34999901056289673,-0.7177046533859599,0.0,-1.9499999253864349,0.19700005619322286,-0.4345159395690814,0.0
1759838810.245023,1,-1.2050001621245956,-0.8299997448920943,-0.7177030444144975,0.0,-1.734999179840088,-0.34999901056289673,-0.7177046534053328,0.0012115364429397246,-1.9499999253864349,0.19700005619322286,-0.4345159395690814,0.0
1759838810.2580636,1,-1.2050001621245956,-0.8299997448920943,-0.7177030444144975,0.0,-1.734999179840088,-0.34999901056289673,-0.7177046534090934,0.0,-1.9499999253864349,0.19700005619322286,-0.4345159395690814,0.0
1759838810.2689073,1,-1.2050001621245956,-0.8299997448920943,-0.7177030444144975,0.0,-1.734999179840088,-0.34999901056289673,-0.7177046534279299,0.0,-1.9499999253864349,0.19700005619322286,-0.4345159395690814,0.0
1759838810.282757,1,-1.2050001621245956,-0.8299997448920943,-0.7177030444144975,0.0,-1.734999179840088,-0.34999901056289673,-0.7177046534272459,0.0,-1.9499999253864349,0.19700005619322286,-0.4345159395690814,0.0
1759838810.294217,1,-1.2050001621245956,-0.8299997448920943,-0.7177030444144975,0.0,-1.734999179840088,-0.34999901056289673,-0.7177046534429614,0.0,-1.9499999253864349,0.19700005619322286,-0.4345159395690814,0.0
1759838810.3079674,1,-1.2050001621245956,-0.8299997448920943,-0.7177030444144975,0.0,-1.734999179840088,-0.34999901056289673,-0.7177046534454803,0.0,-1.9499999253864349,0.19700005619322286,-0.4345159395690814,0.0
1759838810.3237808,1,-1.2050001621245956,-0.8299997448920943,-0.7177030444144975,0.0,-1.734999179840088,-0.34999901056289673,-0.7177046534399025,0.0,-1.9499999253864349,0.19700005619322286,-0.4345159395690814,0.0
1759838810.3346066,1,-1.2050001621245956,-0.8299997448920943,-0.7177030444144975,0.0,-1.734999179840088,-0.34999901056289673,-0.7177046534643932,0.0,-1.9499999253864349,0.19700005619322286,-0.4345159395690814,0.0
1759838810.3469665,1,-1.2050001621245956,-0.8299997448920943,-0.7177030444144975,0.0,-1.734999179840088,-0.34999901056289673,-0.7177046534783518,0.0,-1.9499999253864349,0.19700005619322286,-0.4345159395690814,0.0
1759838810.3578641,1,-1.2050001621245956,-0.8299997448920943,-0.7177030444144975,0.0,-1.734999179840088,-0.34999901056289673,-0.7177046534968685,0.0,-1.9499999253864349,0.19700005619322286,-0.4345159395690814,0.0
1759838810.3718948,1,-1.2050001621245956,-0.8299997448920943,-0.7177030444144975,0.0,-1.734999179840088,-0.34999901056289673,-0.7177046534986147,0.0,-1.9499999253864349,0.19700005619322286,-0.4345159395690814,0.0
1759838810.3823044,1,-1.2050001621245956,-0.8299997448920943,-0.7177030444144975,0.0,-1.734999179840088,-0.34999901056289673,-0.7177046535170568,0.0,-1.9499999253864349,0.19700005619322286,-0.4345159395690814,0.0
1759838810.3940022,1,-1.2050001621245956,-0.8299997448920943,-0.7177030444144975,0.0,-1.734999179840088,-0.34999901056289673,-0.7177046535275267,0.0,-1.9499999253864349,0.19700005619322286,-0.4345159395690814,0.0
1759838810.4055135,1,-1.2050001621245956,-0.8299997448920943,-0.7177030444144975,0.0,-1.734999179840088,-0.34999901056289673,-0.7177046535372078,0.0,-1.9499999253864349,0.19700005619322286,-0.4345159395690814,0.0
1759838810.4169269,1,-1.2050001621245956,-0.8299997448920943,-0.7177030444144975,0.0,-1.734999179840088,-0.34999901056289673,-0.7177046535462459,0.0,-1.9499999253864349,0.19700005619322286,-0.4345159395690814,0.0
1759838810.4273098,1,-1.2050001621245956,-0.8299997448920943,-0.7177030444144975,0.0,-1.734999179840088,-0.34999901056289673,-0.7177046535581262,0.0,-1.9499999253864349,0.19700005619322286,-0.4345159395690814,0.0
1759838810.4394011,1,-1.2050001621245956,-0.8299997448920943,-0.7177030444144975,0.0,-1.734999179840088,-0.34999901056289673,-0.717704653562091,0.0,-1.9499999253864349,0.19700005619322286,-0.4345159395690814,0.0
1759838810.4507408,1,-1.2050001621245956,-0.8299997448920943,-0.7177030444144975,0.0,-1.734999179840088,-0.34999901056289673,-0.7177046535688021,0.0,-1.9499999253864349,0.19700005619322286,-0.4345159395690814,0.0
1759838810.4624994,1,-1.2050001621245956,-0.8299997448920943,-0.7177030444144975,0.0,-1.734999179840088,-0.34999901056289673,-0.7177046535738967,0.0,-1.9499999253864349,0.19700005619322286,-0.4345159395690814,0.0
1759838810.4737055,1,-1.2050001621245956,-0.8299997448920943,-0.7177030444144975,0.0,-1.734999179840088,-0.34999901056289673,-0.7177046535807747,0.0,-1.9499999253864349,0.19700005619322286,-0.4345159395690814,0.0
1759838810.4854693,1,-1.2050001621245956,-0.8299997448920943,-0.7177030444144975,0.0,-1.734999179840088,-0.34999901056289673,-0.7177046535854661,0.0,-1.9499999253864349,0.19700005619322286,-0.4345159395690814,0.0
1759838810.4955869,1,-1.2050001621245956,-0.8299997448920943,-0.7177030444144975,0.0,-1.734999179840088,-0.34999901056289673,-0.7177046535950353,0.0,-1.9499999253864349,0.19700005619322286,-0.4345159395690814,0.0
1759838810.5107412,1,-1.2050001621245956,-0.8299997448920943,-0.7177030444144975,0.0,-1.734999179840088,-0.34999901056289673,-0.7177046535888607,0.0,-1.9499999253864349,0.19700005619322286,-0.4345159395690814,0.0
1759838810.5233734,1,-1.2050001621245956,-0.8299997448920943,-0.7177030444144975,0.0,-1.734999179840088,-0.34999901056289673,-0.7177046535927296,0.0,-1.9499999253864349,0.19700005619322286,-0.4345159395690814,0.0
1759838810.533835,1,-1.2050001621245956,-0.8299997448920943,-0.7177030444144975,0.0,-1.734999179840088,-0.34999901056289673,-0.7177046536032954,0.0,-1.9499999253864349,0.19700005619322286,-0.4345159395690814,0.0
1759838810.5443883,1,-1.2050001621245956,-0.8299997448920943,-0.7177030444144975,0.0,-1.734999179840088,-0.34999901056289673,-0.7177046536119871,0.0,-1.9499999253864349,0.19700005619322286,-0.4345159395690814,0.0
1759838810.5544748,1,-1.2050001621245956,-0.8299997448920943,-0.7177030444144975,0.0,-1.734999179840088,-0.34999901056289673,-0.7177046536202116,0.0,-1.9499999253864349,0.19700005619322286,-0.4345159395690814,0.0
1759838810.5654314,1,-1.2050001621245956,-0.8299997448920943,-0.7177030444144975,0.0,-1.734999179840088,-0.34999901056289673,-0.7177046536248408,0.0,-1.9499999253864349,0.19700005619322286,-0.4345159395690814,0.0
1759838810.575524,1,-1.2050001621245956,-0.8299997448920943,-0.7177030444144975,0.0,-1.734999179840088,-0.34999901056289673,-0.7177046536309177,0.0,-1.9499999253864349,0.19700005619322286,-0.4345159395690814,0.0
1759838810.586336,1,-1.2050001621245956,-0.8299997448920943,-0.7177030444144975,0.0,-1.734999179840088,-0.34999901056289673,-0.7177046536345344,0.0,-1.9499999253864349,0.19700005619322286,-0.4345159395690814,0.0
1759838810.5966442,1,-1.2050001621245956,-0.8299997448920943,-0.7177030444144975,0.0,-1.734999179840088,-0.34999901056289673,-0.7177046536389575,0.0,-1.9499999253864349,0.19700005619322286,-0.4345159395690814,0.0
1759838810.6076388,1,-1.2050001621245956,-0.8299997448920943,-0.7177030444144975,0.0,-1.734999179840088,-0.34999901056289673,-0.717704653641503,0.0,-1.9499999253864349,0.19700005619322286,-0.4345159395690814,0.0
1759838810.6185412,1,-1.2050001621245956,-0.8299997448920943,-0.7177030444144975,0.0,-1.734999179840088,-0.34999901056289673,-0.7177046536442653,0.0,-1.9499999253864349,0.19700005619322286,-0.4345159395690814,0.0
1759838810.6297162,1,-1.2050001621245956,-0.8299997448920943,-0.7177030444144975,0.0,-1.734999179840088,-0.34999901056289673,-0.7177046536465426,0.0,-1.9499999253864349,0.19700005619322286,-0.4345159395690814,0.0
1759838810.6420798,1,-1.2050001621245956,-0.8299997448920943,-0.7177030444144975,0.0,-1.734999179840088,-0.34999901056289673,-0.7177046536467416,0.0,-1.9499999253864349,0.19700005619322286,-0.4345159395690814,0.0
1759838810.6522322,1,-1.2050001621245956,-0.8299997448920943,-0.7177030444144975,0.0,-1.734999179840088,-0.34999901056289673,-0.7177046536518272,0.0,-1.9499999253864349,0.19700005619322286,-0.4345159395690814,0.0
1759838810.6633728,1,-1.2050001621245956,-0.8299997448920943,-0.7177030444144975,0.0,-1.734999179840088,-0.34999901056289673,-0.7177046536546463,0.0,-1.9499999253864349,0.19700005619322286,-0.4345159395690814,0.0
1759838810.6759522,1,-1.2050001621245956,-0.8299997448920943,-0.7177030444144975,0.0,-1.734999179840088,-0.34999901056289673,-0.7177046536548453,0.0,-1.9499999253864349,0.19700005619322286,-0.4345159395690814,0.0
1759838810.6873217,1,-1.2050001621245956,-0.8299997448920943,-0.7177030444144975,0.0,-1.734999179840088,-0.34999901056289673,-0.7177046536577905,0.0,-1.9499999253864349,0.19700005619322286,-0.4345159395690814,0.0
1759838810.6979933,1,-1.2050001621245956,-0.8299997448920943,-0.7177030444144975,0.0,-1.734999179840088,-0.34999901056289673,-0.7177046536619169,0.0,-1.9499999253864349,0.19700005619322286,-0.4345159395690814,0.0
1759838810.7094276,1,-1.2050001621245956,-0.8299997448920943,-0.7177030444144975,0.0,-1.734999179840088,-0.34999901056289673,-0.7177046536644021,0.0,-1.9499999253864349,0.19700005619322286,-0.4345159395690814,0.0
1759838810.7232594,1,-1.2050001621245956,-0.8299997448920943,-0.7177030444144975,0.0,-1.734999179840088,-0.34999901056289673,-0.7177046536632865,0.0,-1.9499999253864349,0.19700005619322286,-0.4345159395690814,0.0
1759838810.7343323,1,-1.2050001621245956,-0.8299997448920943,-0.7177030444144975,0.0,-1.734999179840088,-0.34999901056289673,-0.7177046536671909,0.0,-1.9499999253864349,0.19700005619322286,-0.4345159395690814,0.0
1759838810.744791,1,-1.2050001621245956,-0.8299997448920943,-0.7177030444144975,0.0,-1.734999179840088,-0.34999901056289673,-0.7177046536717242,0.0,-1.9499999253864349,0.19700005619322286,-0.4345159395690814,0.0
1759838810.7548294,1,-1.2050001621245956,-0.8299997448920943,-0.7177030444144975,0.0,-1.734999179840088,-0.34999901056289673,-0.7177046536760798,0.0,-1.9499999253864349,0.19700005619322286,-0.4345159395690814,0.0
1759838810.7660017,1,-1.2050001621245956,-0.8299997448920943,-0.7177030444144975,0.0,-1.734999179840088,-0.34999901056289673,-0.7177046536781919,0.0,-1.9499999253864349,0.19700005619322286,-0.4345159395690814,0.0
1759838810.778257,1,-1.2050001621245956,-0.8299997448920943,-0.7177030444144975,0.0,-1.734999179840088,-0.34999901056289673,-0.7177046536788012,0.0,-1.9499999253864349,0.19700005619322286,-0.4345159395690814,0.0
1759838810.7891164,1,-1.2050001621245956,-0.8299997448920943,-0.7177030444144975,0.0,-1.734999179840088,-0.34999901056289673,-0.7177046536814622,0.0,-1.9499999253864349,0.19700005619322286,-0.4345159395690814,0.0
1759838810.799521,1,-1.2050001621245956,-0.8299997448920943,-0.7177030444144975,0.0,-1.734999179840088,-0.34999901056289673,-0.7177046536845015,0.0,-1.9499999253864349,0.19700005619322286,-0.4345159395690814,0.0
1759838810.809679,1,-1.2050001621245956,-0.8299997448920943,-0.7177030444144975,0.0,-1.734999179840088,-0.34999901056289673,-0.7177046536874077,0.0,-1.9499999253864349,0.19700005619322286,-0.4345159395690814,0.0
1759838810.8200395,1,-1.2050001621245956,-0.8299997448920943,-0.7177030444144975,0.0,-1.734999179840088,-0.34999901056289673,-0.7177046536896547,0.0,-1.9499999253864349,0.19700005619322286,-0.4345159395690814,0.0
1759838810.8320143,1,-1.2050001621245956,-0.8299997448920943,-0.7177030444144975,0.0,-1.734999179840088,-0.34999901056289673,-0.717704653689939,0.0,-1.9499999253864349,0.19700005619322286,-0.4345159395690814,0.0
1759838810.8433275,1,-1.2050001621245956,-0.8299997448920943,-0.7177030444144975,0.0,-1.734999179840088,-0.34999901056289673,-0.7177046536912179,0.0,-1.9499999253864349,0.19700005619322286,-0.4345159395690814,0.0
1759838810.8534431,1,-1.2050001621245956,-0.8299997448920943,-0.7177030444144975,0.0,-1.734999179840088,-0.34999901056289673,-0.7177046536938114,0.0,-1.9499999253864349,0.19700005619322286,-0.4345159395690814,0.0
1759838810.8648486,1,-1.2050001621245956,-0.8299997448920943,-0.7177030444144975,0.0,-1.734999179840088,-0.34999901056289673,-0.7177046536948737,0.0,-1.9499999253864349,0.19700005619322286,-0.4345159395690814,0.0
1759838810.876378,1,-1.2050001621245956,-0.8299997448920943,-0.7177030444144975,0.0,-1.734999179840088,-0.34999901056289673,-0.7177046536958631,0.0,-1.9499999253864349,0.19700005619322286,-0.4345159395690814,0.0
1759838810.8871338,1,-1.2050001621245956,-0.8299997448920943,-0.7177030444144975,0.0,-1.734999179840088,-0.34999901056289673,-0.7177046536976732,0.0,-1.9499999253864349,0.19700005619322286,-0.4345159395690814,0.0
1759838810.8977082,1,-1.2050001621245956,-0.8299997448920943,-0.7177030444144975,0.0,-1.734999179840088,-0.34999901056289673,-0.7177046536995277,0.0,-1.9499999253864349,0.19700005619322286,-0.4345159395690814,0.0
1759838810.909125,1,-1.2050001621245956,-0.8299997448920943,-0.7177030444144975,0.0,-1.734999179840088,-0.34999901056289673,-0.7177046537004995,0.0,-1.9499999253864349,0.19700005619322286,-0.4345159395690814,0.0
1759838810.9256186,1,-1.2050001621245956,-0.8299997448920943,-0.7177030444144975,0.0,-1.734999179840088,-0.34999901056289673,-0.7177046536975809,0.0,-1.9499999253864349,0.19700005619322286,-0.4345159395690814,0.0
1759838810.9343112,1,-1.2050001621245956,-0.8299997448920943,-0.7177030444144975,0.0,-1.734999179840088,-0.34999901056289673,-0.7177046537018512,0.0,-1.9499999253864349,0.19700005619322286,-0.4345159395690814,0.0
1759838810.9451623,1,-1.2050001621245956,-0.8299997448920943,-0.7177030444144975,0.0,-1.734999179840088,-0.34999901056289673,-0.7177046537039278,0.0,-1.9499999253864349,0.19700005619322286,-0.4345159395690814,0.0
1759838810.9563131,1,-1.2050001621245956,-0.8299997448920943,-0.7177030444144975,0.0,-1.734999179840088,-0.34999901056289673,-0.7177046537053773,0.0,-1.9499999253864349,0.19700005619322286,-0.4345159395690814,0.0
1759838810.9677455,1,-1.2050001621245956,-0.8299997448920943,-0.7177030444144975,0.0,-1.734999179840088,-0.34999901056289673,-0.7177046537064982,0.0,-1.9499999253864349,0.19700005619322286,-0.4345159395690814,0.0
1759838810.978568,1,-1.2050001621245956,-0.8299997448920943,-0.7177030444144975,0.0,-1.734999179840088,-0.34999901056289673,-0.7177046537079939,0.0,-1.9499999253864349,0.19700005619322286,-0.4345159395690814,0.0
1759838810.9900098,1,-1.2050001621245956,-0.8299997448920943,-0.7177030444144975,0.0,-1.734999179840088,-0.34999901056289673,-0.7177046537089673,0.0,-1.9499999253864349,0.19700005619322286,-0.4345159395690814,0.0
1759838811.001536,1,-1.2050001621245956,-0.8299997448920943,-0.7177030444144975,0.0,-1.734999179840088,-0.34999901056289673,-0.717704653709875,0.0,-1.9499999253864349,0.19700005619322286,-0.4345159395690814,0.0
1759838811.014305,1,-1.2050001621245956,-0.8299997448920943,-0.7177030444144975,0.0,-1.734999179840088,-0.34999901056289673,-0.7177046537100882,0.0,-1.9499999253864349,0.19700005619322286,-0.4345159395690814,0.0
1759838811.0247154,1,-1.2050001621245956,-0.8299997448920943,-0.7177030444144975,0.0,-1.734999179840088,-0.34999901056289673,-0.7177046537118699,0.0,-1.9499999253864349,0.19700005619322286,-0.4345159395690814,0.0
1759838811.035488,1,-1.2050001621245956,-0.8299997448920943,-0.7177030444144975,0.0,-1.734999179840088,-0.34999901056289673,-0.7177046537132519,0.0,-1.9499999253864349,0.19700005619322286,-0.4345159395690814,0.0
1759838811.0468087,1,-1.2050001621245956,-0.8299997448920943,-0.7177030444144975,0.0,-1.734999179840088,-0.34999901056289673,-0.7177046537141507,0.0,-1.9499999253864349,0.19700005619322286,-0.4345159395690814,0.0
1759838811.0572178,1,-1.2050001621245956,-0.8299997448920943,-0.7177030444144975,0.0,-1.734999179840088,-0.34999901056289673,-0.7177046537154688,0.0,-1.9499999253864349,0.19700005619322286,-0.4345159395690814,0.0
1759838811.0676076,1,-1.2050001621245956,-0.8299997448920943,-0.7177030444144975,0.0,-1.734999179840088,-0.34999901056289673,-0.7177046537166376,0.0,-1.9499999253864349,0.19700005619322286,-0.4345159395690814,0.0
1759838811.0784686,1,-1.2050001621245956,-0.8299997448920943,-0.7177030444144975,0.0,-1.734999179840088,-0.34999901056289673,-0.7177046537174228,0.0,-1.9499999253864349,0.19700005619322286,-0.4345159395690814,0.0
1759838811.089768,1,-1.2050001621245956,-0.8299997448920943,-0.7177030444144975,0.0,-1.734999179840088,-0.34999901056289673,-0.7177046537179592,0.0,-1.9499999253864349,0.19700005619322286,-0.4345159395690814,0.0
1759838811.1006365,1,-1.2050001621245956,-0.8299997448920943,-0.7177030444144975,0.0,-1.734999179840088,-0.34999901056289673,-0.717704653718723,0.0,-1.9499999253864349,0.19700005619322286,-0.4345159395690814,0.0
1759838811.1107502,1,-1.2050001621245956,-0.8299997448920943,-0.7177030444144975,0.0,-1.734999179840088,-0.34999901056289673,-0.7177046537197942,0.0,-1.9499999253864349,0.19700005619322286,-0.4345159395690814,0.0
1759838811.121323,1,-1.2050001621245956,-0.8299997448920943,-0.7177030444144975,0.0,-1.734999179840088,-0.34999901056289673,-0.7177046537205385,0.0,-1.9499999253864349,0.19700005619322286,-0.4345159395690814,0.0
1759838811.1379158,1,-1.2050001621245956,-0.8299997448920943,-0.7177030444144975,0.0,-1.734999179840088,-0.34999901056289673,-0.7177046537188225,0.0,-1.9499999253864349,0.19700005619322286,-0.4345159395690814,0.0
1759838811.1452312,1,-1.2050001621245956,-0.8299997448920943,-0.7177030444144975,0.0,-1.734999179840088,-0.34999901056289673,-0.7177046537213734,0.0,-1.9499999253864349,0.19700005619322286,-0.4345159395690814,0.0
1759838811.157111,1,-1.2050001621245956,-0.8299997448920943,-0.7177030444144975,0.0,-1.734999179840088,-0.34999901056289673,-0.7177046537218014,0.0,-1.9499999253864349,0.19700005619322286,-0.4345159395690814,0.0
1759838811.1673307,1,-1.2050001621245956,-0.8299997448920943,-0.7177030444144975,0.0,-1.734999179840088,-0.34999901056289673,-0.717704653722766,0.0,-1.9499999253864349,0.19700005619322286,-0.4345159395690814,0.0
1759838811.1787074,1,-1.2050001621245956,-0.8299997448920943,-0.7177030444144975,0.0,-1.734999179840088,-0.34999901056289673,-0.7177046537232155,0.0,-1.9499999253864349,0.19700005619322286,-0.4345159395690814,0.0
1759838811.1903243,1,-1.2050001621245956,-0.8299997448920943,-0.7177030444144975,0.0,-1.734999179840088,-0.34999901056289673,-0.7177046537235868,0.0,-1.9499999253864349,0.19700005619322286,-0.4345159395690814,0.0
1759838811.200574,1,-1.2050001621245956,-0.8299997448920943,-0.7177030444144975,0.0,-1.734999179840088,-0.34999901056289673,-0.71770465372445,0.0,-1.9499999253864349,0.19700005619322286,-0.4345159395690814,0.0
1759838811.2118692,1,-1.2050001621245956,-0.8299997448920943,-0.7177030444144975,0.0,-1.734999179840088,-0.34999901056289673,-0.717704653724887,0.0,-1.9499999253864349,0.19700005619322286,-0.4345159395690814,0.0
1759838811.223698,1,-1.2050001621245956,-0.8299997448920943,-0.7177030444144975,0.0,-1.734999179840088,-0.34999901056289673,-0.7177046537251552,0.0,-1.9499999253864349,0.19700005619322286,-0.4345159395690814,0.0
1759838811.2360086,1,-1.2050001621245956,-0.8299997448920943,-0.7177030444144975,0.0,-1.734999179840088,-0.34999901056289673,-0.7177046537253524,0.0,-1.9499999253864349,0.19700005619322286,-0.4345159395690814,0.0
1759838811.2463615,1,-1.2050001621245956,-0.8299997448920943,-0.7177030444144975,0.0,-1.734999179840088,-0.34999901056289673,-0.7177046537261945,0.0,-1.9499999253864349,0.19700005619322286,-0.4345159395690814,0.0
1759838811.2572653,1,-1.2050001621245956,-0.8299997448920943,-0.7177030444144975,0.0,-1.734999179840088,-0.34999901056289673,-0.7177046537267913,0.0,-1.9499999253864349,0.19700005619322286,-0.4345159395690814,0.0
1759838811.2675128,1,-1.2050001621245956,-0.8299997448920943,-0.7177030444144975,0.0,-1.734999179840088,-0.34999901056289673,-0.7177046537274876,0.0,-1.9499999253864349,0.19700005619322286,-0.4345159395690814,0.0
1759838811.2777789,1,-1.2050001621245956,-0.8299997448920943,-0.7177030444144975,0.0,-1.734999179840088,-0.34999901056289673,-0.7177046537280845,0.0,-1.9499999253864349,0.19700005619322286,-0.4345159395690814,0.0
1759838811.2892845,1,-1.2050001621245956,-0.8299997448920943,-0.7177030444144975,0.0,-1.734999179840088,-0.34999901056289673,-0.7177046537282922,0.0,-1.9499999253864349,0.19700005619322286,-0.4345159395690814,0.0
1759838811.3004503,1,-1.2050001621245956,-0.8299997448920943,-0.7177030444144975,0.0,-1.734999179840088,-0.34999901056289673,-0.7177046537286138,0.0,-1.9499999253864349,0.19700005619322286,-0.4345159395690814,0.0
1759838811.3107007,1,-1.2050001621245956,-0.8299997448920943,-0.7177030444144975,0.0,-1.734999179840088,-0.34999901056289673,-0.7177046537291645,0.0,-1.9499999253864349,0.19700005619322286,-0.4345159395690814,0.0
1759838811.3222218,1,-1.2050001621245956,-0.8299997448920943,-0.7177030444144975,0.0,-1.734999179840088,-0.34999901056289673,-0.7177046537293723,0.0,-1.9499999253864349,0.19700005619322286,-0.4345159395690814,0.0
1759838811.3352804,1,-1.2050001621245956,-0.8299997448920943,-0.7177030444144975,0.0,-1.734999179840088,-0.34999901056289673,-0.7177046537292817,0.0,-1.9499999253864349,0.19700005619322286,-0.4345159395690814,0.0
1759838811.3451164,1,-1.2050001621245956,-0.8299997448920943,-0.7177030444144975,0.0,-1.734999179840088,-0.34999901056289673,-0.7177046537299887,0.0,-1.9499999253864349,0.19700005619322286,-0.4345159395690814,0.0
1759838811.3567169,1,-1.2050001621245956,-0.8299997448920943,-0.7177030444144975,0.0,-1.734999179840088,-0.34999901056289673,-0.7177046537302587,0.0,-1.9499999253864349,0.19700005619322286,-0.4345159395690814,0.0
1759838811.3673825,1,-1.2050001621245956,-0.8299997448920943,-0.7177030444144975,0.0,-1.734999179840088,-0.34999901056289673,-0.717704653730701,0.0,-1.9499999253864349,0.19700005619322286,-0.4345159395690814,0.0
1759838811.3776453,1,-1.2050001621245956,-0.8299997448920943,-0.7177030444144975,0.0,-1.734999179840088,-0.34999901056289673,-0.717704653731179,0.0,-1.9499999253864349,0.19700005619322286,-0.4345159395690814,0.0
1759838811.389601,1,-1.2050001621245956,-0.8299997448920943,-0.7177030444144975,0.0,-1.734999179840088,-0.34999901056289673,-0.717704653731289,0.0,-1.9499999253864349,0.19700005619322286,-0.4345159395690814,0.0
1759838811.4004245,1,-1.2050001621245956,-0.8299997448920943,-0.7177030444144975,0.0,-1.734999179840088,-0.34999901056289673,-0.7177046537316301,0.0,-1.9499999253864349,0.19700005619322286,-0.4345159395690814,0.0
1759838811.4113085,1,-1.2050001621245956,-0.8299997448920943,-0.7177030444144975,0.0,-1.734999179840088,-0.34999901056289673,-0.7177046537319498,0.0,-1.9499999253864349,0.19700005619322286,-0.4345159395690814,0.0
1759838811.4232438,1,-1.2050001621245956,-0.8299997448920943,-0.7177030444144975,0.0,-1.734999179840088,-0.34999901056289673,-0.7177046537320811,0.0,-1.9499999253864349,0.19700005619322286,-0.4345159395690814,0.0
1759838811.4340596,1,-1.2050001621245956,-0.8299997448920943,-0.7177030444144975,0.0,-1.734999179840088,-0.34999901056289673,-0.7177046537324152,0.0,-1.9499999253864349,0.19700005619322286,-0.4345159395690814,0.0
1759838811.4443648,1,-1.2050001621245956,-0.8299997448920943,-0.7177030444144975,0.0,-1.734999179840088,-0.34999901056289673,-0.7177046537328096,0.0,-1.9499999253864349,0.19700005619322286,-0.4345159395690814,0.0
1759838811.456537,1,-1.2050001621245956,-0.8299997448920943,-0.7177030444144975,0.0,-1.734999179840088,-0.34999901056289673,-0.7177046537328805,0.0,-1.9499999253864349,0.19700005619322286,-0.4345159395690814,0.0
1759838811.4671648,1,-1.2050001621245956,-0.8299997448920943,-0.7177030444144975,0.0,-1.734999179840088,-0.34999901056289673,-0.7177046537332039,0.0,-1.9499999253864349,0.19700005619322286,-0.4345159395690814,0.0
1759838811.4771807,1,-1.2050001621245956,-0.8299997448920943,-0.7177030444144975,0.0,-1.734999179840088,-0.34999901056289673,-0.717704653733584,0.0,-1.9499999253864349,0.19700005619322286,-0.4345159395690814,0.0
1759838811.4875207,1,-1.2050001621245956,-0.8299997448920943,-0.7177030444144975,0.0,-1.734999179840088,-0.34999901056289673,-0.7177046537338683,0.0,-1.9499999253864349,0.19700005619322286,-0.4345159395690814,0.0
1759838811.4989934,1,-1.2050001621245956,-0.8299997448920943,-0.7177030444144975,0.0,-1.734999179840088,-0.34999901056289673,-0.7177046537339695,0.0,-1.9499999253864349,0.19700005619322286,-0.4345159395690814,0.0
1759838811.5100756,1,-1.2050001621245956,-0.8299997448920943,-0.7177030444144975,0.0,-1.734999179840088,-0.34999901056289673,-0.7177046537341383,0.0,-1.9499999253864349,0.19700005619322286,-0.4345159395690814,0.0
1759838811.5218084,1,-1.2050001621245956,-0.8299997448920943,-0.7177030444144975,0.0,-1.734999179840088,-0.34999901056289673,-0.7177046537342395,0.0,-1.9499999253864349,0.19700005619322286,-0.4345159395690814,0.0
1759838811.5321975,1,-1.2050001621245956,-0.8299997448920943,-0.7177030444144975,0.0,-1.734999179840088,-0.34999901056289673,-0.7177046537345184,0.0,-1.9499999253864349,0.19700005619322286,-0.4345159395690814,0.0
1759838811.5455647,1,-1.2050001621245956,-0.8299997448920943,-0.7177030444144975,0.0,-1.734999179840088,-0.34999901056289673,-0.7177046537344474,0.0,-1.9499999253864349,0.19700005619322286,-0.4345159395690814,0.0
1759838811.5565927,1,-1.2050001621245956,-0.8299997448920943,-0.7177030444144975,0.0,-1.734999179840088,-0.34999901056289673,-0.717704653734689,0.0,-1.9499999253864349,0.19700005619322286,-0.4345159395690814,0.0
1759838811.5670197,1,-1.2050001621245956,-0.8299997448920943,-0.7177030444144975,0.0,-1.734999179840088,-0.34999901056289673,-0.7177046537349874,0.0,-1.9499999253864349,0.19700005619322286,-0.4345159395690814,0.0
1759838811.578509,1,-1.2050001621245956,-0.8299997448920943,-0.7177030444144975,0.0,-1.734999179840088,-0.34999901056289673,-0.7177046537351401,0.0,-1.9499999253864349,0.19700005619322286,-0.4345159395690814,0.0
1759838811.5894184,1,-1.2050001621245956,-0.8299997448920943,-0.7177030444144975,0.0,-1.734999179840088,-0.34999901056289673,-0.7177046537353391,0.0,-1.9499999253864349,0.19700005619322286,-0.4345159395690814,0.0
1759838811.5999684,1,-1.2050001621245956,-0.8299997448920943,-0.7177030444144975,0.0,-1.734999179840088,-0.34999901056289673,-0.7177046537355594,0.0,-1.9499999253864349,0.19700005619322286,-0.4345159395690814,0.0
1759838811.6113064,1,-1.2050001621245956,-0.8299997448920943,-0.7177030444144975,0.0,-1.734999179840088,-0.34999901056289673,-0.7177046537356837,0.0,-1.9499999253864349,0.19700005619322286,-0.4345159395690814,0.0
1759838811.6225882,1,-1.2050001621245956,-0.8299997448920943,-0.7177030444144975,0.0,-1.734999179840088,-0.34999901056289673,-0.7177046537358116,0.0,-1.9499999253864349,0.19700005619322286,-0.4345159395690814,0.0
1759838811.6328063,1,-1.2050001621245956,-0.8299997448920943,-0.7177030444144975,0.0,-1.734999179840088,-0.34999901056289673,-0.7177046537360283,0.0,-1.9499999253864349,0.19700005619322286,-0.4345159395690814,0.0
1759838811.6442325,1,-1.2050001621245956,-0.8299997448920943,-0.7177030444144975,0.0,-1.734999179840088,-0.34999901056289673,-0.7177046537361225,0.0,-1.9499999253864349,0.19700005619322286,-0.4345159395690814,0.0
1759838811.6544814,1,-1.2050001621245956,-0.8299997448920943,-0.7177030444144975,0.0,-1.734999179840088,-0.34999901056289673,-0.717704653736309,0.0,-1.9499999253864349,0.19700005619322286,-0.4345159395690814,0.0
1759838811.6647506,1,-1.2050001621245956,-0.8299997448920943,-0.7177030444144975,0.0,-1.734999179840088,-0.34999901056289673,-0.717704653736476,0.0,-1.9499999253864349,0.19700005619322286,-0.4345159395690814,0.0
1759838811.6749976,1,-1.2050001621245956,-0.8299997448920943,-0.7177030444144975,0.0,-1.734999179840088,-0.34999901056289673,-0.7177046537366216,0.0,-1.9499999253864349,0.19700005619322286,-0.4345159395690814,0.0
1759838811.6855288,1,-1.2050001621245956,-0.8299997448920943,-0.7177030444144975,0.0,-1.734999179840088,-0.34999901056289673,-0.7177046537367318,0.0,-1.9499999253864349,0.19700005619322286,-0.4345159395690814,0.0
1759838811.696352,1,-1.2050001621245956,-0.8299997448920943,-0.7177030444144975,0.0,-1.734999179840088,-0.34999901056289673,-0.717704653736817,0.0,-1.9499999253864349,0.19700005619322286,-0.4345159395690814,0.0
1759838811.70757,1,-1.2050001621245956,-0.8299997448920943,-0.7177030444144975,0.0,-1.734999179840088,-0.34999901056289673,-0.7177046537368774,0.0,-1.9499999253864349,0.19700005619322286,-0.4345159395690814,0.0
1759838811.718828,1,-1.2050001621245956,-0.8299997448920943,-0.7177030444144975,0.0,-1.734999179840088,-0.34999901056289673,-0.7177046537369449,0.0,-1.9499999253864349,0.19700005619322286,-0.4345159395690814,0.0
1759838811.7290256,1,-1.2050001621245956,-0.8299997448920943,-0.7177030444144975,0.0,-1.734999179840088,-0.34999901056289673,-0.717704653737087,0.0,-1.9499999253864349,0.19700005619322286,-0.4345159395690814,0.0
1759838811.7441318,1,-1.2050001621245956,-0.8299997448920943,-0.7177030444144975,0.0,-1.734999179840088,-0.34999901056289673,-0.7177046537369307,0.0,-1.9499999253864349,0.19700005619322286,-0.4345159395690814,0.0
1759838811.7525675,1,-1.2050001621245956,-0.8299997448920943,-0.7177030444144975,0.0,-1.734999179840088,-0.34999901056289673,-0.7177046537372203,0.0,-1.9499999253864349,0.19700005619322286,-0.4345159395690814,0.0
1759838811.7634997,1,-1.2050001621245956,-0.8299997448920943,-0.7177030444144975,0.0,-1.734999179840088,-0.34999901056289673,-0.7177046537373322,0.0,-1.9499999253864349,0.19700005619322286,-0.4345159395690814,0.0
1759838811.7742703,1,-1.2050001621245956,-0.8299997448920943,-0.7177030444144975,0.0,-1.734999179840088,-0.34999901056289673,-0.7177046537374298,0.0,-1.9499999253864349,0.19700005619322286,-0.4345159395690814,0.0
1759838811.7869964,1,-1.2050001621245956,-0.8299997448920943,-0.7177030444144975,0.0,-1.734999179840088,-0.34999901056289673,-0.7177046537374245,0.0,-1.9499999253864349,0.19700005619322286,-0.4345159395690814,0.0
1759838811.7982495,1,-1.2050001621245956,-0.8299997448920943,-0.7177030444144975,0.0,-1.734999179840088,-0.34999901056289673,-0.7177046537375169,0.0,-1.9499999253864349,0.19700005619322286,-0.4345159395690814,0.0
1759838811.8091433,1,-1.2050001621245956,-0.8299997448920943,-0.7177030444144975,0.0,-1.734999179840088,-0.34999901056289673,-0.717704653737627,0.0,-1.9499999253864349,0.19700005619322286,-0.4345159395690814,0.0
1759838811.8191628,1,-1.2050001621245956,-0.8299997448920943,-0.7177030444144975,0.0,-1.734999179840088,-0.34999901056289673,-0.7177046537377656,0.0,-1.9499999253864349,0.19700005619322286,-0.4345159395690814,0.0
1759838811.829532,1,-1.2050001621245956,-0.8299997448920943,-0.7177030444144975,0.0,-1.734999179840088,-0.34999901056289673,-0.7177046537378668,0.0,-1.9499999253864349,0.19700005619322286,-0.4345159395690814,0.0
1759838811.8399048,1,-1.2050001621245956,-0.8299997448920943,-0.7177030444144975,0.0,-1.734999179840088,-0.34999901056289673,-0.7177046537379539,0.0,-1.9499999253864349,0.19700005619322286,-0.4345159395690814,0.0
1759838811.850144,1,-1.2050001621245956,-0.8299997448920943,-0.7177030444144975,0.0,-1.734999179840088,-0.34999901056289673,-0.7177046537380356,0.0,-1.9499999253864349,0.19700005619322286,-0.4345159395690814,0.0
1759838811.8620224,1,-1.2050001621245956,-0.8299997448920943,-0.7177030444144975,0.0,-1.734999179840088,-0.34999901056289673,-0.7177046537380427,0.0,-1.9499999253864349,0.19700005619322286,-0.4345159395690814,0.0
1759838811.8730896,1,-1.2050001621245956,-0.8299997448920943,-0.7177030444144975,0.0,-1.734999179840088,-0.34999901056289673,-0.7177046537380978,0.0,-1.9499999253864349,0.19700005619322286,-0.4345159395690814,0.0
1759838811.883549,1,-1.2050001621245956,-0.8299997448920943,-0.7177030444144975,0.0,-1.734999179840088,-0.34999901056289673,-0.7177046537381777,0.0,-1.9499999253864349,0.19700005619322286,-0.4345159395690814,0.0
1759838811.8944187,1,-1.2050001621245956,-0.8299997448920943,-0.7177030444144975,0.0,-1.734999179840088,-0.34999901056289673,-0.7177046537382363,0.0,-1.9499999253864349,0.19700005619322286,-0.4345159395690814,0.0
1759838811.9045734,1,-1.2050001621245956,-0.8299997448920943,-0.7177030444144975,0.0,-1.734999179840088,-0.34999901056289673,-0.7177046537383163,0.0,-1.9499999253864349,0.19700005619322286,-0.4345159395690814,0.0
1759838811.9154186,1,-1.2050001621245956,-0.8299997448920943,-0.7177030444144975,0.0,-1.734999179840088,-0.34999901056289673,-0.717704653738366,0.0,-1.9499999253864349,0.19700005619322286,-0.4345159395690814,0.0
1759838811.9258811,1,-1.2050001621245956,-0.8299997448920943,-0.7177030444144975,0.0,-1.734999179840088,-0.34999901056289673,-0.7177046537384246,0.0,-1.9499999253864349,0.19700005619322286,-0.4345159395690814,0.0
1759838811.9365556,1,-1.2050001621245956,-0.8299997448920943,-0.7177030444144975,0.0,-1.734999179840088,-0.34999901056289673,-0.7177046537384726,0.0,-1.9499999253864349,0.19700005619322286,-0.4345159395690814,0.0
1759838811.9518008,1,-1.2050001621245956,-0.8299997448920943,-0.7177030444144975,0.0,-1.734999179840088,-0.34999901056289673,-0.7177046537383802,0.0,-1.9499999253864349,0.19700005619322286,-0.4345159395690814,0.0
1759838811.9623027,1,-1.2050001621245956,-0.8299997448920943,-0.7177030444144975,0.0,-1.734999179840088,-0.34999901056289673,-0.7177046537384726,0.0,-1.9499999253864349,0.19700005619322286,-0.4345159395690814,0.0
1759838811.9730885,1,-1.2050001621245956,-0.8299997448920943,-0.7177030444144975,0.0,-1.734999179840088,-0.34999901056289673,-0.7177046537385472,0.0,-1.9499999253864349,0.19700005619322286,-0.4345159395690814,0.0
1759838811.9847336,1,-1.2050001621245956,-0.8299997448920943,-0.7177030444144975,0.0,-1.734999179840088,-0.34999901056289673,-0.7177046537385916,0.0,-1.9499999253864349,0.19700005619322286,-0.4345159395690814,0.0
1759838811.9955835,1,-1.2050001621245956,-0.8299997448920943,-0.7177030444144975,0.0,-1.734999179840088,-0.34999901056289673,-0.7177046537386538,0.0,-1.9499999253864349,0.19700005619322286,-0.4345159395690814,0.0
1759838812.0068264,1,-1.2050001621245956,-0.8299997448920943,-0.7177030444144975,0.0,-1.734999179840088,-0.34999901056289673,-0.7177046537387,0.0,-1.9499999253864349,0.19700005619322286,-0.4345159395690814,0.0
1759838812.0176275,1,-1.2050001621245956,-0.8299997448920943,-0.7177030444144975,0.0,-1.734999179840088,-0.34999901056289673,-0.717704653738755,0.0,-1.9499999253864349,0.19700005619322286,-0.4345159395690814,0.0
1759838812.0284348,1,-1.2050001621245956,-0.8299997448920943,-0.7177030444144975,0.0,-1.734999179840088,-0.34999901056289673,-0.7177046537388064,0.0,-1.9499999253864349,0.19700005619322286,-0.4345159395690814,0.0
1759838812.0386066,1,-1.2050001621245956,-0.8299997448920943,-0.7177030444144975,0.0,-1.734999179840088,-0.34999901056289673,-0.7177046537388634,0.0,-1.9499999253864349,0.19700005619322286,-0.4345159395690814,0.0
1759838812.0486674,1,-1.2050001621245956,-0.8299997448920943,-0.7177030444144975,0.0,-1.734999179840088,-0.34999901056289673,-0.7177046537389167,0.0,-1.9499999253864349,0.19700005619322286,-0.4345159395690814,0.0
1759838812.0594747,1,-1.2050001621245956,-0.8299997448920943,-0.7177030444144975,0.0,-1.734999179840088,-0.34999901056289673,-0.7177046537389487,0.0,-1.9499999253864349,0.19700005619322286,-0.4345159395690814,0.0
1759838812.07082,1,-1.2050001621245956,-0.8299997448920943,-0.7177030444144975,0.0,-1.734999179840088,-0.34999901056289673,-0.7177046537389646,0.0,-1.9499999253864349,0.19700005619322286,-0.4345159395690814,0.0
1759838812.0820036,1,-1.2050001621245956,-0.8299997448920943,-0.7177030444144975,0.0,-1.734999179840088,-0.34999901056289673,-0.7177046537389895,0.0,-1.9499999253864349,0.19700005619322286,-0.4345159395690814,0.0
1759838812.093332,1,-1.2050001621245956,-0.8299997448920943,-0.7177030444144975,0.0,-1.734999179840088,-0.34999901056289673,-0.7177046537390144,0.0,-1.9499999253864349,0.19700005619322286,-0.4345159395690814,0.0
1759838812.1034956,1,-1.2050001621245956,-0.8299997448920943,-0.7177030444144975,0.0,-1.734999179840088,-0.34999901056289673,-0.7177046537390622,0.0,-1.9499999253864349,0.19700005619322286,-0.4345159395690814,0.0
1759838812.1152835,1,-1.2050001621245956,-0.8299997448920943,-0.7177030444144975,0.0,-1.734999179840088,-0.34999901056289673,-0.7177046537390765,0.0,-1.9499999253864349,0.19700005619322286,-0.4345159395690814,0.0
1759838812.1260462,1,-1.2050001621245956,-0.8299997448920943,-0.7177030444144975,0.0,-1.734999179840088,-0.34999901056289673,-0.7177046537391085,0.0,-1.9499999253864349,0.19700005619322286,-0.4345159395690814,0.0
1759838812.1367755,1,-1.2050001621245956,-0.8299997448920943,-0.7177030444144975,0.0,-1.734999179840088,-0.34999901056289673,-0.7177046537391405,0.0,-1.9499999253864349,0.19700005619322286,-0.4345159395690814,0.0
1759838812.1520731,1,-1.2050001621245956,-0.8299997448920943,-0.7177030444144975,0.0,-1.734999179840088,-0.34999901056289673,-0.7177046537390979,0.0,-1.9499999253864349,0.19700005619322286,-0.4345159395690814,0.0
1759838812.1632013,1,-1.2050001621245956,-0.8299997448920943,-0.7177030444144975,0.0,-1.734999179840088,-0.34999901056289673,-0.7177046537391405,0.0,-1.9499999253864349,0.19700005619322286,-0.4345159395690814,0.0
1759838812.174627,1,-1.2050001621245956,-0.8299997448920943,-0.7177030444144975,0.0,-1.734999179840088,-0.34999901056289673,-0.7177046537391778,0.0,-1.9499999253864349,0.19700005619322286,-0.4345159395690814,0.0
1759838812.1855288,1,-1.2050001621245956,-0.8299997448920943,-0.7177030444144975,0.0,-1.734999179840088,-0.34999901056289673,-0.7177046537392187,0.0,-1.9499999253864349,0.19700005619322286,-0.4345159395690814,0.0
1759838812.196935,1,-1.2050001621245956,-0.8299997448920943,-0.7177030444144975,0.0,-1.734999179840088,-0.34999901056289673,-0.7177046537392471,0.0,-1.9499999253864349,0.19700005619322286,-0.4345159395690814,0.0
1759838812.207379,1,-1.2050001621245956,-0.8299997448920943,-0.7177030444144975,0.0,-1.734999179840088,-0.34999901056289673,-0.7177046537392862,0.0,-1.9499999253864349,0.19700005619322286,-0.4345159395690814,0.0
1759838812.2174847,1,-1.2050001621245956,-0.8299997448920943,-0.7177030444144975,0.0,-1.734999179840088,-0.34999901056289673,-0.7177046537393217,0.0,-1.9499999253864349,0.19700005619322286,-0.4345159395690814,0.0
1759838812.2286866,1,-1.2050001621245956,-0.8299997448920943,-0.7177030444144975,0.0,-1.734999179840088,-0.34999901056289673,-0.7177046537393412,0.0,-1.9499999253864349,0.19700005619322286,-0.4345159395690814,0.0
1759838812.2393863,1,-1.2050001621245956,-0.8299997448920943,-0.7177030444144975,0.0,-1.734999179840088,-0.34999901056289673,-0.7177046537393661,0.0,-1.9499999253864349,0.19700005619322286,-0.4345159395690814,0.0
1759838812.2499392,1,-1.2050001621245956,-0.8299997448920943,-0.7177030444144975,0.0,-1.734999179840088,-0.34999901056289673,-0.717704653739391,0.0,-1.9499999253864349,0.19700005619322286,-0.4345159395690814,0.0
1759838812.2605708,1,-1.2050001621245956,-0.8299997448920943,-0.7177030444144975,0.0,-1.734999179840088,-0.34999901056289673,-0.7177046537394088,0.0,-1.9499999253864349,0.19700005619322286,-0.4345159395690814,0.0
1759838812.2706704,1,-1.2050001621245956,-0.8299997448920943,-0.7177030444144975,0.0,-1.734999179840088,-0.34999901056289673,-0.7177046537394336,0.0,-1.9499999253864349,0.19700005619322286,-0.4345159395690814,0.0
1759838812.280678,1,-1.2050001621245956,-0.8299997448920943,-0.7177030444144975,0.0,-1.734999179840088,-0.34999901056289673,-0.7177046537394567,0.0,-1.9499999253864349,0.19700005619322286,-0.4345159395690814,0.0
1759838812.291215,1,-1.2050001621245956,-0.8299997448920943,-0.7177030444144975,0.0,-1.734999179840088,-0.34999901056289673,-0.7177046537394709,0.0,-1.9499999253864349,0.19700005619322286,-0.4345159395690814,0.0
1759838812.3019512,1,-1.2050001621245956,-0.8299997448920943,-0.7177030444144975,0.0,-1.734999179840088,-0.34999901056289673,-0.7177046537394816,0.0,-1.9499999253864349,0.19700005619322286,-0.4345159395690814,0.0
1759838812.312978,1,-1.2050001621245956,-0.8299997448920943,-0.7177030444144975,0.0,-1.734999179840088,-0.34999901056289673,-0.7177046537394887,0.0,-1.9499999253864349,0.19700005619322286,-0.4345159395690814,0.0
1759838812.324461,1,-1.2050001621245956,-0.8299997448920943,-0.7177030444144975,0.0,-1.734999179840088,-0.34999901056289673,-0.7177046537394958,0.0,-1.9499999253864349,0.19700005619322286,-0.4345159395690814,0.0
1759838812.3351953,1,-1.2050001621245956,-0.8299997448920943,-0.7177030444144975,0.0,-1.734999179840088,-0.34999901056289673,-0.7177046537395118,0.0,-1.9499999253864349,0.19700005619322286,-0.4345159395690814,0.0
1759838812.350834,1,-1.2050001621245956,-0.8299997448920943,-0.7177030444144975,0.0,-1.734999179840088,-0.34999901056289673,-0.7177046537394851,0.0,-1.9499999253864349,0.19700005619322286,-0.4345159395690814,0.0
1759838812.3595707,1,-1.2050001621245956,-0.8299997448920943,-0.7177030444144975,0.0,-1.734999179840088,-0.34999901056289673,-0.7177046537395277,0.0,-1.9499999253864349,0.19700005619322286,-0.4345159395690814,0.0
1759838812.370987,1,-1.2050001621245956,-0.8299997448920943,-0.7177030444144975,0.0,-1.734999179840088,-0.34999901056289673,-0.7177046537395421,0.0,-1.9499999253864349,0.19700005619322286,-0.4345159395690814,0.0
1759838812.3821638,1,-1.2050001621245956,-0.8299997448920943,-0.7177030444144975,0.0,-1.734999179840088,-0.34999901056289673,-0.7177046537395579,0.0,-1.9499999253864349,0.19700005619322286,-0.4345159395690814,0.0
1759838812.3929875,1,-1.2050001621245956,-0.8299997448920943,-0.7177030444144975,0.0,-1.734999179840088,-0.34999901056289673,-0.7177046537395739,0.0,-1.9499999253864349,0.19700005619322286,-0.4345159395690814,0.0
1759838812.404281,1,-1.2050001621245956,-0.8299997448920943,-0.7177030444144975,0.0,-1.734999179840088,-0.34999901056289673,-0.7177046537395881,0.0,-1.9499999253864349,0.19700005619322286,-0.4345159395690814,0.0
1759838812.4150538,1,-1.2050001621245956,-0.8299997448920943,-0.7177030444144975,0.0,-1.734999179840088,-0.34999901056289673,-0.7177046537396022,0.0,-1.9499999253864349,0.19700005619322286,-0.4345159395690814,0.0
1759838812.4250867,1,-1.2050001621245956,-0.8299997448920943,-0.7177030444144975,0.0,-1.734999179840088,-0.34999901056289673,-0.7177046537396183,0.0,-1.9499999253864349,0.19700005619322286,-0.4345159395690814,0.0
1759838812.4359968,1,-1.2050001621245956,-0.8299997448920943,-0.7177030444144975,0.0,-1.734999179840088,-0.34999901056289673,-0.7177046537396308,0.0,-1.9499999253864349,0.19700005619322286,-0.4345159395690814,0.0
1759838812.4468293,1,-1.2050001621245956,-0.8299997448920943,-0.7177030444144975,0.0,-1.734999179840088,-0.34999901056289673,-0.7177046537396414,0.0,-1.9499999253864349,0.19700005619322286,-0.4345159395690814,0.0
1759838812.457823,1,-1.2050001621245956,-0.8299997448920943,-0.7177030444144975,0.0,-1.734999179840088,-0.34999901056289673,-0.7177046537396485,0.0,-1.9499999253864349,0.19700005619322286,-0.4345159395690814,0.0
1759838812.468491,1,-1.2050001621245956,-0.8299997448920943,-0.7177030444144975,0.0,-1.734999179840088,-0.34999901056289673,-0.7177046537396592,0.0,-1.9499999253864349,0.19700005619322286,-0.4345159395690814,0.0
1759838812.478541,1,-1.2050001621245956,-0.8299997448920943,-0.7177030444144975,0.0,-1.734999179840088,-0.34999901056289673,-0.7177046537396733,0.0,-1.9499999253864349,0.19700005619322286,-0.4345159395690814,0.0
1759838812.4886498,1,-1.2050001621245956,-0.8299997448920943,-0.7177030444144975,0.0,-1.734999179840088,-0.34999901056289673,-0.7177046537396842,0.0,-1.9499999253864349,0.19700005619322286,-0.4345159395690814,0.0
1759838812.4999287,1,-1.2050001621245956,-0.8299997448920943,-0.7177030444144975,0.0,-1.734999179840088,-0.34999901056289673,-0.7177046537396876,0.0,-1.9499999253864349,0.19700005619322286,-0.4345159395690814,0.0
1759838812.5101647,1,-1.2050001621245956,-0.8299997448920943,-0.7177030444144975,0.0,-1.734999179840088,-0.34999901056289673,-0.7177046537396983,0.0,-1.9499999253864349,0.19700005619322286,-0.4345159395690814,0.0
1759838812.5208213,1,-1.2050001621245956,-0.8299997448920943,-0.7177030444144975,0.0,-1.734999179840088,-0.34999901056289673,-0.7177046537397054,0.0,-1.9499999253864349,0.19700005619322286,-0.4345159395690814,0.0
1759838812.5316021,1,-1.2050001621245956,-0.8299997448920943,-0.7177030444144975,0.0,-1.734999179840088,-0.34999901056289673,-0.7177046537397107,0.0,-1.9499999253864349,0.19700005619322286,-0.4345159395690814,0.0
1759838812.542317,1,-1.2050001621245956,-0.8299997448920943,-0.7177030444144975,0.0,-1.734999179840088,-0.34999901056289673,-0.717704653739716,0.0,-1.9499999253864349,0.19700005619322286,-0.4345159395690814,0.0
1759838812.5580127,1,-1.2050001621245956,-0.8299997448920943,-0.7177030444144975,0.0,-1.734999179840088,-0.34999901056289673,-0.7177046537397018,0.0,-1.9499999253864349,0.19700005619322286,-0.4345159395690814,0.0
1759838812.569501,1,-1.2050001621245956,-0.8299997448920943,-0.7177030444144975,0.0,-1.734999179840088,-0.34999901056289673,-0.7177046537397125,0.0,-1.9499999253864349,0.19700005619322286,-0.4345159395690814,0.0
1759838812.5807528,1,-1.2050001621245956,-0.8299997448920943,-0.7177030444144975,0.0,-1.734999179840088,-0.34999901056289673,-0.7177046537397231,0.0,-1.9499999253864349,0.19700005619322286,-0.4345159395690814,0.0
1759838812.5909553,1,-1.2050001621245956,-0.8299997448920943,-0.7177030444144975,0.0,-1.734999179840088,-0.34999901056289673,-0.7177046537397374,0.0,-1.9499999253864349,0.19700005619322286,-0.4345159395690814,0.0
1759838812.6022308,1,-1.2050001621245956,-0.8299997448920943,-0.7177030444144975,0.0,-1.734999179840088,-0.34999901056289673,-0.7177046537397445,0.0,-1.9499999253864349,0.19700005619322286,-0.4345159395690814,0.0
1759838812.6129808,1,-1.2050001621245956,-0.8299997448920943,-0.7177030444144975,0.0,-1.734999179840088,-0.34999901056289673,-0.7177046537397516,0.0,-1.9499999253864349,0.19700005619322286,-0.4345159395690814,0.0
1759838812.623752,1,-1.2050001621245956,-0.8299997448920943,-0.7177030444144975,0.0,-1.734999179840088,-0.34999901056289673,-0.7177046537397622,0.0,-1.9499999253864349,0.19700005619322286,-0.4345159395690814,0.0
1759838812.6353009,1,-1.2050001621245956,-0.8299997448920943,-0.7177030444144975,0.0,-1.734999179840088,-0.34999901056289673,-0.7177046537397658,0.0,-1.9499999253864349,0.19700005619322286,-0.4345159395690814,0.0
1759838812.6460695,1,-1.2050001621245956,-0.8299997448920943,-0.7177030444144975,0.0,-1.734999179840088,-0.34999901056289673,-0.7177046537397729,0.0,-1.9499999253864349,0.19700005619322286,-0.4345159395690814,0.0
1759838812.6570296,1,-1.2050001621245956,-0.8299997448920943,-0.7177030444144975,0.0,-1.734999179840088,-0.34999901056289673,-0.7177046537397781,0.0,-1.9499999253864349,0.19700005619322286,-0.4345159395690814,0.0
1759838812.667372,1,-1.2050001621245956,-0.8299997448920943,-0.7177030444144975,0.0,-1.734999179840088,-0.34999901056289673,-0.7177046537397871,0.0,-1.9499999253864349,0.19700005619322286,-0.4345159395690814,0.0
1759838812.6788406,1,-1.2050001621245956,-0.8299997448920943,-0.7177030444144975,0.0,-1.734999179840088,-0.34999901056289673,-0.7177046537397889,0.0,-1.9499999253864349,0.19700005619322286,-0.4345159395690814,0.0
1759838812.689603,1,-1.2050001621245956,-0.8299997448920943,-0.7177030444144975,0.0,-1.734999179840088,-0.34999901056289673,-0.7177046537397942,0.0,-1.9499999253864349,0.19700005619322286,-0.4345159395690814,0.0
1759838812.7005389,1,-1.2050001621245956,-0.8299997448920943,-0.7177030444144975,0.0,-1.734999179840088,-0.34999901056289673,-0.7177046537397977,0.0,-1.9499999253864349,0.19700005619322286,-0.4345159395690814,0.0
1759838812.711802,1,-1.2050001621245956,-0.8299997448920943,-0.7177030444144975,0.0,-1.734999179840088,-0.34999901056289673,-0.7177046537398013,0.0,-1.9499999253864349,0.19700005619322286,-0.4345159395690814,0.0
1759838812.7225976,1,-1.2050001621245956,-0.8299997448920943,-0.7177030444144975,0.0,-1.734999179840088,-0.34999901056289673,-0.7177046537398066,0.0,-1.9499999253864349,0.19700005619322286,-0.4345159395690814,0.0
1759838812.732785,1,-1.2050001621245956,-0.8299997448920943,-0.7177030444144975,0.0,-1.734999179840088,-0.34999901056289673,-0.717704653739812,0.0,-1.9499999253864349,0.19700005619322286,-0.4345159395690814,0.0
1759838812.7435453,1,-1.2050001621245956,-0.8299997448920943,-0.7177030444144975,0.0,-1.734999179840088,-0.34999901056289673,-0.7177046537398173,0.0,-1.9499999253864349,0.19700005619322286,-0.4345159395690814,0.0
1759838812.756997,1,-1.2050001621245956,-0.8299997448920943,-0.7177030444144975,0.0,-1.734999179840088,-0.34999901056289673,-0.7177046537398138,0.0,-1.9499999253864349,0.19700005619322286,-0.4345159395690814,0.0
1759838812.7681715,1,-1.2050001621245956,-0.8299997448920943,-0.7177030444144975,0.0,-1.734999179840088,-0.34999901056289673,-0.7177046537398191,0.0,-1.9499999253864349,0.19700005619322286,-0.4345159395690814,0.0
1759838812.7791831,1,-1.2050001621245956,-0.8299997448920943,-0.7177030444144975,0.0,-1.734999179840088,-0.34999901056289673,-0.7177046537398244,0.0,-1.9499999253864349,0.19700005619322286,-0.4345159395690814,0.0
1759838812.7891846,1,-1.2050001621245956,-0.8299997448920943,-0.7177030444144975,0.0,-1.734999179840088,-0.34999901056289673,-0.7177046537398297,0.0,-1.9499999253864349,0.19700005619322286,-0.4345159395690814,0.0
1759838812.8002357,1,-1.2050001621245956,-0.8299997448920943,-0.7177030444144975,0.0,-1.734999179840088,-0.34999901056289673,-0.7177046537398333,0.0,-1.9499999253864349,0.19700005619322286,-0.4345159395690814,0.0
1759838812.8116746,1,-1.2050001621245956,-0.8299997448920943,-0.7177030444144975,0.0,-1.734999179840088,-0.34999901056289673,-0.7177046537398368,0.0,-1.9499999253864349,0.19700005619322286,-0.4345159395690814,0.0
1759838812.8226137,1,-1.2050001621245956,-0.8299997448920943,-0.7177030444144975,0.0,-1.734999179840088,-0.34999901056289673,-0.7177046537398404,0.0,-1.9499999253864349,0.19700005619322286,-0.4345159395690814,0.0
1759838812.8332355,1,-1.2050001621245956,-0.8299997448920943,-0.7177030444144975,0.0,-1.734999179840088,-0.34999901056289673,-0.7177046537398439,0.0,-1.9499999253864349,0.19700005619322286,-0.4345159395690814,0.0
1759838812.8441198,1,-1.2050001621245956,-0.8299997448920943,-0.7177030444144975,0.0,-1.734999179840088,-0.34999901056289673,-0.7177046537398475,0.0,-1.9499999253864349,0.19700005619322286,-0.4345159395690814,0.0
1759838812.8548567,1,-1.2050001621245956,-0.8299997448920943,-0.7177030444144975,0.0,-1.734999179840088,-0.34999901056289673,-0.717704653739851,0.0,-1.9499999253864349,0.19700005619322286,-0.4345159395690814,0.0
1759838812.866142,1,-1.2050001621245956,-0.8299997448920943,-0.7177030444144975,0.0,-1.734999179840088,-0.34999901056289673,-0.7177046537398528,0.0,-1.9499999253864349,0.19700005619322286,-0.4345159395690814,0.0
1759838812.8773727,1,-1.2050001621245956,-0.8299997448920943,-0.7177030444144975,0.0,-1.734999179840088,-0.34999901056289673,-0.7177046537398546,0.0,-1.9499999253864349,0.19700005619322286,-0.4345159395690814,0.0
1759838812.8880754,1,-1.2050001621245956,-0.8299997448920943,-0.7177030444144975,0.0,-1.734999179840088,-0.34999901056289673,-0.7177046537398581,0.0,-1.9499999253864349,0.19700005619322286,-0.4345159395690814,0.0
1759838812.8981664,1,-1.2050001621245956,-0.8299997448920943,-0.7177030444144975,0.0,-1.734999179840088,-0.34999901056289673,-0.7177046537398617,0.0,-1.9499999253864349,0.19700005619322286,-0.4345159395690814,0.0
1759838812.9089577,1,-1.2050001621245956,-0.8299997448920943,-0.7177030444144975,0.0,-1.734999179840088,-0.34999901056289673,-0.7177046537398635,0.0,-1.9499999253864349,0.19700005619322286,-0.4345159395690814,0.0
1759838812.9196744,1,-1.2050001621245956,-0.8299997448920943,-0.7177030444144975,0.0,-1.734999179840088,-0.34999901056289673,-0.7177046537398653,0.0,-1.9499999253864349,0.19700005619322286,-0.4345159395690814,0.0
1759838812.9308212,1,-1.2050001621245956,-0.8299997448920943,-0.7177030444144975,0.0,-1.734999179840088,-0.34999901056289673,-0.7177046537398653,0.0,-1.9499999253864349,0.19700005619322286,-0.4345159395690814,0.0
1759838812.9421177,1,-1.2050001621245956,-0.8299997448920943,-0.7177030444144975,0.0,-1.734999179840088,-0.34999901056289673,-0.7177046537398653,0.0,-1.9499999253864349,0.19700005619322286,-0.4345159395690814,0.0
1759838812.9537497,1,-1.2050001621245956,-0.8299997448920943,-0.7177030444144975,0.0,-1.734999179840088,-0.34999901056289673,-0.717704653739867,0.0,-1.9499999253864349,0.19700005619322286,-0.4345159395690814,0.0
1759838812.9645548,1,-1.2050001621245956,-0.8299997448920943,-0.7177030444144975,0.0,-1.734999179840088,-0.34999901056289673,-0.7177046537398706,0.0,-1.9499999253864349,0.19700005619322286,-0.4345159395690814,0.0
1759838812.9757953,1,-1.2050001621245956,-0.8299997448920943,-0.7177030444144975,0.0,-1.734999179840088,-0.34999901056289673,-0.7177046537398724,0.0,-1.9499999253864349,0.19700005619322286,-0.4345159395690814,0.0
1759838812.9858613,1,-1.2050001621245956,-0.8299997448920943,-0.7177030444144975,0.0,-1.734999179840088,-0.34999901056289673,-0.7177046537398759,0.0,-1.9499999253864349,0.19700005619322286,-0.4345159395690814,0.0
1759838812.996018,1,-1.2050001621245956,-0.8299997448920943,-0.7177030444144975,0.0,-1.734999179840088,-0.34999901056289673,-0.7177046537398795,0.0,-1.9499999253864349,0.19700005619322286,-0.4345159395690814,0.0
1759838813.006909,1,-1.2050001621245956,-0.8299997448920943,-0.7177030444144975,0.0,-1.734999179840088,-0.34999901056289673,-0.7177046537398813,0.0,-1.9499999253864349,0.19700005619322286,-0.4345159395690814,0.0
1759838813.0180745,1,-1.2050001621245956,-0.8299997448920943,-0.7177030444144975,0.0,-1.734999179840088,-0.34999901056289673,-0.7177046537398813,0.0,-1.9499999253864349,0.19700005619322286,-0.4345159395690814,0.0
1759838813.0282004,1,-1.2050001621245956,-0.8299997448920943,-0.7177030444144975,0.0,-1.734999179840088,-0.34999901056289673,-0.717704653739883,0.0,-1.9499999253864349,0.19700005619322286,-0.4345159395690814,0.0
1759838813.0406837,1,-1.2050001621245956,-0.8299997448920943,-0.7177030444144975,0.0,-1.734999179840088,-0.34999901056289673,-0.717704653739883,0.0,-1.9499999253864349,0.19700005619322286,-0.4345159395690814,0.0
1759838813.0520413,1,-1.2050001621245956,-0.8299997448920943,-0.7177030444144975,0.0,-1.734999179840088,-0.34999901056289673,-0.717704653739883,0.0,-1.9499999253864349,0.19700005619322286,-0.4345159395690814,0.0
1759838813.0629318,1,-1.2050001621245956,-0.8299997448920943,-0.7177030444144975,0.0,-1.734999179840088,-0.34999901056289673,-0.7177046537398866,0.0,-1.9499999253864349,0.19700005619322286,-0.4345159395690814,0.0
1759838813.0739067,1,-1.2050001621245956,-0.8299997448920943,-0.7177030444144975,0.0,-1.734999179840088,-0.34999901056289673,-0.7177046537398901,0.0,-1.9499999253864349,0.19700005619322286,-0.4345159395690814,0.0
1759838813.0839312,1,-1.2050001621245956,-0.8299997448920943,-0.7177030444144975,0.0,-1.734999179840088,-0.34999901056289673,-0.7177046537398919,0.0,-1.9499999253864349,0.19700005619322286,-0.4345159395690814,0.0
1759838813.0961418,1,-1.2050001621245956,-0.8299997448920943,-0.7177030444144975,0.0,-1.734999179840088,-0.34999901056289673,-0.7177046537398919,0.0,-1.9499999253864349,0.19700005619322286,-0.4345159395690814,0.0
1759838813.106774,1,-1.2050001621245956,-0.8299997448920943,-0.7177030444144975,0.0,-1.734999179840088,-0.34999901056289673,-0.7177046537398937,0.0,-1.9499999253864349,0.19700005619322286,-0.4345159395690814,0.0
1759838813.1175766,1,-1.2050001621245956,-0.8299997448920943,-0.7177030444144975,0.0,-1.734999179840088,-0.34999901056289673,-0.7177046537398937,0.0,-1.9499999253864349,0.19700005619322286,-0.4345159395690814,0.0
1759838813.128601,1,-1.2050001621245956,-0.8299997448920943,-0.7177030444144975,0.0,-1.734999179840088,-0.34999901056289673,-0.7177046537398937,0.0,-1.9499999253864349,0.19700005619322286,-0.4345159395690814,0.0
1759838813.1391382,1,-1.2050001621245956,-0.8299997448920943,-0.7177030444144975,0.0,-1.734999179840088,-0.34999901056289673,-0.7177046537398954,0.0,-1.9499999253864349,0.19700005619322286,-0.4345159395690814,0.0
1759838813.1500683,1,-1.2050001621245956,-0.8299997448920943,-0.7177030444144975,0.0,-1.734999179840088,-0.34999901056289673,-0.7177046537398972,0.0,-1.9499999253864349,0.19700005619322286,-0.4345159395690814,0.0
1759838813.1639822,1,-1.2050001621245956,-0.8299997448920943,-0.7177030444144975,0.0,-1.734999179840088,-0.34999901056289673,-0.7177046537398972,0.0,-1.9499999253864349,0.19700005619322286,-0.4345159395690814,0.0
1759838813.1747775,1,-1.2050001621245956,-0.8299997448920943,-0.7177030444144975,0.0,-1.734999179840088,-0.34999901056289673,-0.717704653739899,0.0,-1.9499999253864349,0.19700005619322286,-0.4345159395690814,0.0
1759838813.185759,1,-1.2050001621245956,-0.8299997448920943,-0.7177030444144975,0.0,-1.734999179840088,-0.34999901056289673,-0.7177046537399008,0.0,-1.9499999253864349,0.19700005619322286,-0.4345159395690814,0.0
1759838813.1962802,1,-1.2050001621245956,-0.8299997448920943,-0.7177030444144975,0.0,-1.734999179840088,-0.34999901056289673,-0.7177046537399008,0.0,-1.9499999253864349,0.19700005619322286,-0.4345159395690814,0.0
1759838813.2080972,1,-1.2050001621245956,-0.8299997448920943,-0.7177030444144975,0.0,-1.734999179840088,-0.34999901056289673,-0.7177046537399008,0.0,-1.9499999253864349,0.19700005619322286,-0.4345159395690814,0.0
1759838813.2190526,1,-1.2050001621245956,-0.8299997448920943,-0.7177030444144975,0.0,-1.734999179840088,-0.34999901056289673,-0.7177046537399008,0.0,-1.9499999253864349,0.19700005619322286,-0.4345159395690814,0.0
1759838813.229869,1,-1.2050001621245956,-0.8299997448920943,-0.7177030444144975,0.0,-1.734999179840088,-0.34999901056289673,-0.7177046537399026,0.0,-1.9499999253864349,0.19700005619322286,-0.4345159395690814,0.0
1759838813.24077,1,-1.2050001621245956,-0.8299997448920943,-0.7177030444144975,0.0,-1.734999179840088,-0.34999901056289673,-0.7177046537399043,0.0,-1.9499999253864349,0.19700005619322286,-0.4345159395690814,0.0
1759838813.2514312,1,-1.2050001621245956,-0.8299997448920943,-0.7177030444144975,0.0,-1.734999179840088,-0.34999901056289673,-0.7177046537399078,0.0,-1.9499999253864349,0.19700005619322286,-0.4345159395690814,0.0
1759838813.262271,1,-1.2050001621245956,-0.8299997448920943,-0.7177030444144975,0.0,-1.734999179840088,-0.34999901056289673,-0.7177046537399078,0.0,-1.9499999253864349,0.19700005619322286,-0.4345159395690814,0.0
1759838813.2729948,1,-1.2050001621245956,-0.8299997448920943,-0.7177030444144975,0.0,-1.734999179840088,-0.34999901056289673,-0.7177046537399078,0.0,-1.9499999253864349,0.19700005619322286,-0.4345159395690814,0.0
1759838813.283333,1,-1.2050001621245956,-0.8299997448920943,-0.7177030444144975,0.0,-1.734999179840088,-0.34999901056289673,-0.7177046537399078,0.0,-1.9499999253864349,0.19700005619322286,-0.4345159395690814,0.0
1759838813.293388,1,-1.2050001621245956,-0.8299997448920943,-0.7177030444144975,0.0,-1.734999179840088,-0.34999901056289673,-0.7177046537399078,0.0,-1.9499999253864349,0.19700005619322286,-0.4345159395690814,0.0
1759838813.3045282,1,-1.2050001621245956,-0.8299997448920943,-0.7177030444144975,0.0,-1.734999179840088,-0.34999901056289673,-0.7177046537399078,0.0,-1.9499999253864349,0.19700005619322286,-0.4345159395690814,0.0
1759838813.3158185,1,-1.2050001621245956,-0.8299997448920943,-0.7177030444144975,0.0,-1.734999179840088,-0.34999901056289673,-0.7177046537399078,0.0,-1.9499999253864349,0.19700005619322286,-0.4345159395690814,0.0
1759838813.3263602,1,-1.2050001621245956,-0.8299997448920943,-0.7177030444144975,0.0,-1.734999179840088,-0.34999901056289673,-0.7177046537399078,0.0,-1.9499999253864349,0.19700005619322286,-0.4345159395690814,0.0
1759838813.3366568,1,-1.2050001621245956,-0.8299997448920943,-0.7177030444144975,0.0,-1.734999179840088,-0.34999901056289673,-0.7177046537399078,0.0,-1.9499999253864349,0.19700005619322286,-0.4345159395690814,0.0
1759838813.3475976,1,-1.2050001621245956,-0.8299997448920943,-0.7177030444144975,0.0,-1.734999179840088,-0.34999901056289673,-0.7177046537399078,0.0,-1.9499999253864349,0.19700005619322286,-0.4345159395690814,0.0
1759838813.3577254,1,-1.2050001621245956,-0.8299997448920943,-0.7177030444144975,0.0,-1.734999179840088,-0.34999901056289673,-0.7177046537399114,0.0,-1.9499999253864349,0.19700005619322286,-0.4345159395690814,0.0
1759838813.3732958,1,-1.2050001621245956,-0.8299997448920943,-0.7177030444144975,0.0,-1.734999179840088,-0.34999901056289673,-0.7177046537399114,0.0,-1.9499999253864349,0.19700005619322286,-0.4345159395690814,0.0
1759838813.3839633,1,-1.2050001621245956,-0.8299997448920943,-0.7177030444144975,0.0,-1.734999179840088,-0.34999901056289673,-0.7177046537399132,0.0,-1.9499999253864349,0.19700005619322286,-0.4345159395690814,0.0
1759838813.394389,1,-1.2050001621245956,-0.8299997448920943,-0.7177030444144975,0.0,-1.734999179840088,-0.34999901056289673,-0.717704653739915,0.0,-1.9499999253864349,0.19700005619322286,-0.4345159395690814,0.0
1759838813.4057322,1,-1.2050001621245956,-0.8299997448920943,-0.7177030444144975,0.0,-1.734999179840088,-0.34999901056289673,-0.717704653739915,0.0,-1.9499999253864349,0.19700005619322286,-0.4345159395690814,0.0
1759838813.4159005,1,-1.2050001621245956,-0.8299997448920943,-0.7177030444144975,0.0,-1.734999179840088,-0.34999901056289673,-0.7177046537399168,0.0,-1.9499999253864349,0.19700005619322286,-0.4345159395690814,0.0
1759838813.4260404,1,-1.2050001621245956,-0.8299997448920943,-0.7177030444144975,0.0,-1.734999179840088,-0.34999901056289673,-0.7177046537399168,0.0,-1.9499999253864349,0.19700005619322286,-0.4345159395690814,0.0
1759838813.4375017,1,-1.2050001621245956,-0.8299997448920943,-0.7177030444144975,0.0,-1.734999179840088,-0.34999901056289673,-0.7177046537399168,0.0,-1.9499999253864349,0.19700005619322286,-0.4345159395690814,0.0
1759838813.4488819,1,-1.2050001621245956,-0.8299997448920943,-0.7177030444144975,0.0,-1.734999179840088,-0.34999901056289673,-0.7177046537399168,0.0,-1.9499999253864349,0.19700005619322286,-0.4345159395690814,0.0
1759838813.460138,1,-1.2050001621245956,-0.8299997448920943,-0.7177030444144975,0.0,-1.734999179840088,-0.34999901056289673,-0.7177046537399168,0.0,-1.9499999253864349,0.19700005619322286,-0.4345159395690814,0.0
1759838813.4713235,1,-1.2050001621245956,-0.8299997448920943,-0.7177030444144975,0.0,-1.734999179840088,-0.34999901056289673,-0.7177046537399168,0.0,-1.9499999253864349,0.19700005619322286,-0.4345159395690814,0.0
1759838813.4814653,1,-1.2050001621245956,-0.8299997448920943,-0.7177030444144975,0.0,-1.734999179840088,-0.34999901056289673,-0.7177046537399185,0.0,-1.9499999253864349,0.19700005619322286,-0.4345159395690814,0.0
1759838813.492639,1,-1.2050001621245956,-0.8299997448920943,-0.7177030444144975,0.0,-1.734999179840088,-0.34999901056289673,-0.7177046537399185,0.0,-1.9499999253864349,0.19700005619322286,-0.4345159395690814,0.0
1759838813.5037482,1,-1.2050001621245956,-0.8299997448920943,-0.7177030444144975,0.0,-1.734999179840088,-0.34999901056289673,-0.7177046537399185,0.0,-1.9499999253864349,0.19700005619322286,-0.4345159395690814,0.0
1759838813.5144033,1,-1.2050001621245956,-0.8299997448920943,-0.7177030444144975,0.0,-1.734999179840088,-0.34999901056289673,-0.7177046537399185,0.0,-1.9499999253864349,0.19700005619322286,-0.4345159395690814,0.0
1759838813.525395,1,-1.2050001621245956,-0.8299997448920943,-0.7177030444144975,0.0,-1.734999179840088,-0.34999901056289673,-0.7177046537399185,0.0,-1.9499999253864349,0.19700005619322286,-0.4345159395690814,0.0
1759838813.5367873,1,-1.2050001621245956,-0.8299997448920943,-0.7177030444144975,0.0,-1.734999179840088,-0.34999901056289673,-0.7177046537399185,0.0,-1.9499999253864349,0.19700005619322286,-0.4345159395690814,0.0
1759838813.5478806,1,-1.2050001621245956,-0.8299997448920943,-0.7177030444144975,0.0,-1.734999179840088,-0.34999901056289673,-0.7177046537399185,0.0,-1.9499999253864349,0.19700005619322286,-0.4345159395690814,0.0
1759838813.5582557,1,-1.2050001621245956,-0.8299997448920943,-0.7177030444144975,0.0,-1.734999179840088,-0.34999901056289673,-0.7177046537399185,0.0,-1.9499999253864349,0.19700005619322286,-0.4345159395690814,0.0
1759838813.5725415,1,-1.2050001621245956,-0.8299997448920943,-0.7177030444144975,0.0,-1.734999179840088,-0.34999901056289673,-0.7177046537399185,0.0,-1.9499999253864349,0.19700005619322286,-0.4345159395690814,0.0
1759838813.5839837,1,-1.2050001621245956,-0.8299997448920943,-0.7177030444144975,0.0,-1.734999179840088,-0.34999901056289673,-0.7177046537399185,0.0,-1.9499999253864349,0.19700005619322286,-0.4345159395690814,0.0
1759838813.5943089,1,-1.2050001621245956,-0.8299997448920943,-0.7177030444144975,0.0,-1.734999179840088,-0.34999901056289673,-0.7177046537399185,0.0,-1.9499999253864349,0.19700005619322286,-0.4345159395690814,0.0
1759838813.604781,1,-1.2050001621245956,-0.8299997448920943,-0.7177030444144975,0.0,-1.734999179840088,-0.34999901056289673,-0.7177046537399185,0.0,-1.9499999253864349,0.19700005619322286,-0.4345159395690814,0.0
1759838813.6160362,1,-1.2050001621245956,-0.8299997448920943,-0.7177030444144975,0.0,-1.734999179840088,-0.34999901056289673,-0.7177046537399185,0.0,-1.9499999253864349,0.19700005619322286,-0.4345159395690814,0.0
1759838813.6270328,1,-1.2050001621245956,-0.8299997448920943,-0.7177030444144975,0.0,-1.734999179840088,-0.34999901056289673,-0.7177046537399203,0.0,-1.9499999253864349,0.19700005619322286,-0.4345159395690814,0.0
1759838813.6382372,1,-1.2050001621245956,-0.8299997448920943,-0.7177030444144975,0.0,-1.734999179840088,-0.34999901056289673,-0.7177046537399221,0.0,-1.9499999253864349,0.19700005619322286,-0.4345159395690814,0.0
1759838813.6494691,1,-1.2050001621245956,-0.8299997448920943,-0.7177030444144975,0.0,-1.734999179840088,-0.34999901056289673,-0.7177046537399221,0.0,-1.9499999253864349,0.19700005619322286,-0.4345159395690814,0.0
1759838813.6607075,1,-1.2050001621245956,-0.8299997448920943,-0.7177030444144975,0.0,-1.734999179840088,-0.34999901056289673,-0.7177046537399221,0.0,-1.9499999253864349,0.19700005619322286,-0.4345159395690814,0.0
1759838813.671697,1,-1.2050001621245956,-0.8299997448920943,-0.7177030444144975,0.0,-1.734999179840088,-0.34999901056289673,-0.7177046537399221,0.0,-1.9499999253864349,0.19700005619322286,-0.4345159395690814,0.0
1759838813.6821702,1,-1.2050001621245956,-0.8299997448920943,-0.7177030444144975,0.0,-1.734999179840088,-0.34999901056289673,-0.7177046537399221,0.0,-1.9499999253864349,0.19700005619322286,-0.4345159395690814,0.0
1759838813.6931038,1,-1.2050001621245956,-0.8299997448920943,-0.7177030444144975,0.0,-1.734999179840088,-0.34999901056289673,-0.7177046537399221,0.0,-1.9499999253864349,0.19700005619322286,-0.4345159395690814,0.0
1759838813.7045357,1,-1.2050001621245956,-0.8299997448920943,-0.7177030444144975,0.0,-1.734999179840088,-0.34999901056289673,-0.7177046537399221,0.0,-1.9499999253864349,0.19700005619322286,-0.4345159395690814,0.0
1759838813.7156584,1,-1.2050001621245956,-0.8299997448920943,-0.7177030444144975,0.0,-1.734999179840088,-0.34999901056289673,-0.7177046537399221,0.0,-1.9499999253864349,0.19700005619322286,-0.4345159395690814,0.0
1759838813.7270024,1,-1.2050001621245956,-0.8299997448920943,-0.7177030444144975,0.0,-1.734999179840088,-0.34999901056289673,-0.7177046537399221,0.0,-1.9499999253864349,0.19700005619322286,-0.4345159395690814,0.0
1759838813.7385197,1,-1.2050001621245956,-0.8299997448920943,-0.7177030444144975,0.0,-1.734999179840088,-0.34999901056289673,-0.7177046537399221,0.0,-1.9499999253864349,0.19700005619322286,-0.4345159395690814,0.0
1759838813.7500505,1,-1.2050001621245956,-0.8299997448920943,-0.7177030444144975,0.0,-1.734999179840088,-0.34999901056289673,-0.7177046537399221,0.0,-1.9499999253864349,0.19700005619322286,-0.4345159395690814,0.0
1759838813.7619894,1,-1.2050001621245956,-0.8299997448920943,-0.7177030444144975,0.0,-1.734999179840088,-0.34999901056289673,-0.7177046537399239,0.0,-1.9499999253864349,0.19700005619322286,-0.4345159395690814,0.0
1759838813.782557,1,-1.2050001621245956,-0.8299997448920943,-0.7177030444144975,0.0,-1.734999179840088,-0.34999901056289673,-0.7177046537399239,0.0,-1.9499999253864349,0.19700005619322286,-0.4345159395690814,0.0
1759838813.790331,1,-1.2050001621245956,-0.8299997448920943,-0.7177030444144975,0.0,-1.734999179840088,-0.34999901056289673,-0.7177046537399239,0.0,-1.9499999253864349,0.19700005619322286,-0.4345159395690814,0.0
1759838813.8007796,1,-1.2050001621245956,-0.8299997448920943,-0.7177030444144975,0.0,-1.734999179840088,-0.34999901056289673,-0.7177046537399239,0.0,-1.9499999253864349,0.19700005619322286,-0.4345159395690814,0.0
1759838813.8110015,1,-1.2050001621245956,-0.8299997448920943,-0.7177030444144975,0.0,-1.734999179840088,-0.34999901056289673,-0.7177046537399239,0.0,-1.9499999253864349,0.19700005619322286,-0.4345159395690814,0.0
1759838813.8224092,1,-1.2050001621245956,-0.8299997448920943,-0.7177030444144975,0.0,-1.734999179840088,-0.34999901056289673,-0.7177046537399239,0.0,-1.9499999253864349,0.19700005619322286,-0.4345159395690814,0.0
1759838813.8332574,1,-1.2050001621245956,-0.8299997448920943,-0.7177030444144975,0.0,-1.734999179840088,-0.34999901056289673,-0.7177046537399239,0.0,-1.9499999253864349,0.19700005619322286,-0.4345159395690814,0.0
1759838813.8441453,1,-1.2050001621245956,-0.8299997448920943,-0.7177030444144975,0.0,-1.734999179840088,-0.34999901056289673,-0.7177046537399239,0.0,-1.9499999253864349,0.19700005619322286,-0.4345159395690814,0.0
1759838813.856653,1,-1.2050001621245956,-0.8299997448920943,-0.7177030444144975,0.0,-1.734999179840088,-0.34999901056289673,-0.7177046537399239,0.0,-1.9499999253864349,0.19700005619322286,-0.4345159395690814,0.0
1759838813.8670125,1,-1.2050001621245956,-0.8299997448920943,-0.7177030444144975,0.0,-1.734999179840088,-0.34999901056289673,-0.7177046537399239,0.0,-1.9499999253864349,0.19700005619322286,-0.4345159395690814,0.0
1759838813.8773584,1,-1.2050001621245956,-0.8299997448920943,-0.7177030444144975,0.0,-1.734999179840088,-0.34999901056289673,-0.7177046537399256,0.0,-1.9499999253864349,0.19700005619322286,-0.4345159395690814,0.0
1759838813.8875983,1,-1.2050001621245956,-0.8299997448920943,-0.7177030444144975,0.0,-1.734999179840088,-0.34999901056289673,-0.7177046537399256,0.0,-1.9499999253864349,0.19700005619322286,-0.4345159395690814,0.0
1759838813.8980603,1,-1.2050001621245956,-0.8299997448920943,-0.7177030444144975,0.0,-1.734999179840088,-0.34999901056289673,-0.7177046537399256,0.0,-1.9499999253864349,0.19700005619322286,-0.4345159395690814,0.0
1759838813.9087987,1,-1.2050001621245956,-0.8299997448920943,-0.7177030444144975,0.0,-1.734999179840088,-0.34999901056289673,-0.7177046537399256,0.0,-1.9499999253864349,0.19700005619322286,-0.4345159395690814,0.0
1759838813.9203064,1,-1.2050001621245956,-0.8299997448920943,-0.7177030444144975,0.0,-1.734999179840088,-0.34999901056289673,-0.7177046537399256,0.0,-1.9499999253864349,0.19700005619322286,-0.4345159395690814,0.0
1759838813.9317281,1,-1.2050001621245956,-0.8299997448920943,-0.7177030444144975,0.0,-1.734999179840088,-0.34999901056289673,-0.7177046537399256,0.0,-1.9499999253864349,0.19700005619322286,-0.4345159395690814,0.0
1759838813.94306,1,-1.2050001621245956,-0.8299997448920943,-0.7177030444144975,0.0,-1.734999179840088,-0.34999901056289673,-0.7177046537399256,0.0,-1.9499999253864349,0.19700005619322286,-0.4345159395690814,0.0
1759838813.954535,1,-1.2050001621245956,-0.8299997448920943,-0.7177030444144975,0.0,-1.734999179840088,-0.34999901056289673,-0.7177046537399256,0.0,-1.9499999253864349,0.19700005619322286,-0.4345159395690814,0.0
1759838813.9659278,1,-1.2050001621245956,-0.8299997448920943,-0.7177030444144975,0.0,-1.734999179840088,-0.34999901056289673,-0.7177046537399256,0.0,-1.9499999253864349,0.19700005619322286,-0.4345159395690814,0.0
1759838813.983034,1,-1.2050001621245956,-0.8299997448920943,-0.7177030444144975,0.0,-1.734999179840088,-0.34999901056289673,-0.7177046537399256,0.0,-1.9499999253864349,0.19700005619322286,-0.4345159395690814,0.0
1759838813.9917667,1,-1.2050001621245956,-0.8299997448920943,-0.7177030444144975,0.0,-1.734999179840088,-0.34999901056289673,-0.7177046537399256,0.0,-1.9499999253864349,0.19700005619322286,-0.4345159395690814,0.0
1759838814.0026793,1,-1.2050001621245956,-0.8299997448920943,-0.7177030444144975,0.0,-1.734999179840088,-0.34999901056289673,-0.7177046537399256,0.0,-1.9499999253864349,0.19700005619322286,-0.4345159395690814,0.0
1759838814.0127904,1,-1.2050001621245956,-0.8299997448920943,-0.7177030444144975,0.0,-1.734999179840088,-0.34999901056289673,-0.7177046537399256,0.0,-1.9499999253864349,0.19700005619322286,-0.4345159395690814,0.0
1759838814.0230212,1,-1.2050001621245956,-0.8299997448920943,-0.7177030444144975,0.0,-1.734999179840088,-0.34999901056289673,-0.7177046537399256,0.0,-1.9499999253864349,0.19700005619322286,-0.4345159395690814,0.0
1759838814.034301,1,-1.2050001621245956,-0.8299997448920943,-0.7177030444144975,0.0,-1.734999179840088,-0.34999901056289673,-0.7177046537399256,0.0,-1.9499999253864349,0.19700005619322286,-0.4345159395690814,0.0
1759838814.0446606,1,-1.2050001621245956,-0.8299997448920943,-0.7177030444144975,0.0,-1.734999179840088,-0.34999901056289673,-0.7177046537399256,0.0,-1.9499999253864349,0.19700005619322286,-0.4345159395690814,0.0
1759838814.0577164,1,-1.2050001621245956,-0.8299997448920943,-0.7177030444144975,0.0,-1.734999179840088,-0.34999901056289673,-0.7177046537399256,0.0,-1.9499999253864349,0.19700005619322286,-0.4345159395690814,0.0
1759838814.0679977,1,-1.2050001621245956,-0.8299997448920943,-0.7177030444144975,0.0,-1.734999179840088,-0.34999901056289673,-0.7177046537399256,0.0,-1.9499999253864349,0.19700005619322286,-0.4345159395690814,0.0
1759838814.0785246,1,-1.2050001621245956,-0.8299997448920943,-0.7177030444144975,0.0,-1.734999179840088,-0.34999901056289673,-0.7177046537399256,0.0,-1.9499999253864349,0.19700005619322286,-0.4345159395690814,0.0
1759838814.0899887,1,-1.2050001621245956,-0.8299997448920943,-0.7177030444144975,0.0,-1.734999179840088,-0.34999901056289673,-0.7177046537399256,0.0,-1.9499999253864349,0.19700005619322286,-0.4345159395690814,0.0
1759838814.1014473,1,-1.2050001621245956,-0.8299997448920943,-0.7177030444144975,0.0,-1.734999179840088,-0.34999901056289673,-0.7177046537399256,0.0,-1.9499999253864349,0.19700005619322286,-0.4345159395690814,0.0
1759838814.1115758,1,-1.2050001621245956,-0.8299997448920943,-0.7177030444144975,0.0,-1.734999179840088,-0.34999901056289673,-0.7177046537399256,0.0,-1.9499999253864349,0.19700005619322286,-0.4345159395690814,0.0
1759838814.1223478,1,-1.2050001621245956,-0.8299997448920943,-0.7177030444144975,0.0,-1.734999179840088,-0.34999901056289673,-0.7177046537399256,0.0,-1.9499999253864349,0.19700005619322286,-0.4345159395690814,0.0
1759838814.134588,1,-1.2050001621245956,-0.8299997448920943,-0.7177030444144975,0.0,-1.734999179840088,-0.34999901056289673,-0.7177046537399256,0.0,-1.9499999253864349,0.19700005619322286,-0.4345159395690814,0.0
1759838814.1451364,1,-1.2050001621245956,-0.8299997448920943,-0.7177030444144975,0.0,-1.734999179840088,-0.34999901056289673,-0.7177046537399256,0.0,-1.9499999253864349,0.19700005619322286,-0.4345159395690814,0.0
1759838814.156086,1,-1.2050001621245956,-0.8299997448920943,-0.7177030444144975,0.0,-1.734999179840088,-0.34999901056289673,-0.7177046537399256,0.0,-1.9499999253864349,0.19700005619322286,-0.4345159395690814,0.0
1759838814.1665113,1,-1.2050001621245956,-0.8299997448920943,-0.7177030444144975,0.0,-1.734999179840088,-0.34999901056289673,-0.7177046537399256,0.0,-1.9499999253864349,0.19700005619322286,-0.4345159395690814,0.0
1759838814.1829524,1,-1.2050001621245956,-0.8299997448920943,-0.7177030444144975,0.0,-1.734999179840088,-0.34999901056289673,-0.7177046537399256,0.0,-1.9499999253864349,0.19700005619322286,-0.4345159395690814,0.0
1759838814.1925898,1,-1.2050001621245956,-0.8299997448920943,-0.7177030444144975,0.0,-1.734999179840088,-0.34999901056289673,-0.7177046537399256,0.0,-1.9499999253864349,0.19700005619322286,-0.4345159395690814,0.0
1759838814.2031968,1,-1.2050001621245956,-0.8299997448920943,-0.7177030444144975,0.0,-1.734999179840088,-0.34999901056289673,-0.7177046537399256,0.0,-1.9499999253864349,0.19700005619322286,-0.4345159395690814,0.0
1759838814.2145746,1,-1.2050001621245956,-0.8299997448920943,-0.7177030444144975,0.0,-1.734999179840088,-0.34999901056289673,-0.7177046537399256,0.0,-1.9499999253864349,0.19700005619322286,-0.4345159395690814,0.0
1759838814.2257373,1,-1.2050001621245956,-0.8299997448920943,-0.7177030444144975,0.0,-1.734999179840088,-0.34999901056289673,-0.7177046537399256,0.0,-1.9499999253864349,0.19700005619322286,-0.4345159395690814,0.0
1759838814.2364476,1,-1.2050001621245956,-0.8299997448920943,-0.7177030444144975,0.0,-1.734999179840088,-0.34999901056289673,-0.7177046537399256,0.0,-1.9499999253864349,0.19700005619322286,-0.4345159395690814,0.0
1759838814.2466462,1,-1.2050001621245956,-0.8299997448920943,-0.7177030444144975,0.0,-1.734999179840088,-0.34999901056289673,-0.7177046537399256,0.0,-1.9499999253864349,0.19700005619322286,-0.4345159395690814,0.0
1759838814.2594059,1,-1.2050001621245956,-0.8299997448920943,-0.7177030444144975,0.0,-1.734999179840088,-0.34999901056289673,-0.7177046537399256,0.0,-1.9499999253864349,0.19700005619322286,-0.4345159395690814,0.0
1759838814.2696607,1,-1.2050001621245956,-0.8299997448920943,-0.7177030444144975,0.0,-1.734999179840088,-0.34999901056289673,-0.7177046537399256,0.0,-1.9499999253864349,0.19700005619322286,-0.4345159395690814,0.0
1759838814.2809677,1,-1.2050001621245956,-0.8299997448920943,-0.7177030444144975,0.0,-1.734999179840088,-0.34999901056289673,-0.7177046537399256,0.0,-1.9499999253864349,0.19700005619322286,-0.4345159395690814,0.0
1759838814.291308,1,-1.2050001621245956,-0.8299997448920943,-0.7177030444144975,0.0,-1.734999179840088,-0.34999901056289673,-0.7177046537399256,0.0,-1.9499999253864349,0.19700005619322286,-0.4345159395690814,0.0
1759838814.3022735,1,-1.2050001621245956,-0.8299997448920943,-0.7177030444144975,0.0,-1.734999179840088,-0.34999901056289673,-0.7177046537399256,0.0,-1.9499999253864349,0.19700005619322286,-0.4345159395690814,0.0
1759838814.3127627,1,-1.2050001621245956,-0.8299997448920943,-0.7177030444144975,0.0,-1.734999179840088,-0.34999901056289673,-0.7177046537399256,0.0,-1.9499999253864349,0.19700005619322286,-0.4345159395690814,0.0
1759838814.3244352,1,-1.2050001621245956,-0.8299997448920943,-0.7177030444144975,0.0,-1.734999179840088,-0.34999901056289673,-0.7177046537399256,0.0,-1.9499999253864349,0.19700005619322286,-0.4345159395690814,0.0
1759838814.3351052,1,-1.2050001621245956,-0.8299997448920943,-0.7177030444144975,0.0,-1.734999179840088,-0.34999901056289673,-0.7177046537399256,0.0,-1.9499999253864349,0.19700005619322286,-0.4345159395690814,0.0
1759838814.3453238,1,-1.2050001621245956,-0.8299997448920943,-0.7177030444144975,0.0,-1.734999179840088,-0.34999901056289673,-0.7177046537399256,0.0,-1.9499999253864349,0.19700005619322286,-0.4345159395690814,0.0
1759838814.3568218,1,-1.2050001621245956,-0.8299997448920943,-0.7177030444144975,0.0,-1.734999179840088,-0.34999901056289673,-0.7177046537399256,0.0,-1.9499999253864349,0.19700005619322286,-0.4345159395690814,0.0
1759838814.3681114,1,-1.2050001621245956,-0.8299997448920943,-0.7177030444144975,0.0,-1.734999179840088,-0.34999901056289673,-0.7177046537399256,0.0,-1.9499999253864349,0.19700005619322286,-0.4345159395690814,0.0
1759838814.379206,1,-1.2050001621245956,-0.8299997448920943,-0.7177030444144975,0.0,-1.734999179840088,-0.34999901056289673,-0.7177046537399256,0.0,-1.9499999253864349,0.19700005619322286,-0.4345159395690814,0.0
1759838814.3901145,1,-1.2050001621245956,-0.8299997448920943,-0.7177030444144975,0.0,-1.734999179840088,-0.34999901056289673,-0.7177046537399256,0.0,-1.9499999253864349,0.19700005619322286,-0.4345159395690814,0.0
1759838814.4007878,1,-1.2050001621245956,-0.8299997448920943,-0.7177030444144975,0.0,-1.734999179840088,-0.34999901056289673,-0.7177046537399256,0.0,-1.9499999253864349,0.19700005619322286,-0.4345159395690814,0.0
1759838814.4123073,1,-1.2050001621245956,-0.8299997448920943,-0.7177030444144975,0.0,-1.734999179840088,-0.34999901056289673,-0.7177046537399256,0.0,-1.9499999253864349,0.19700005619322286,-0.4345159395690814,0.0
1759838814.4255598,1,-1.2050001621245956,-0.8299997448920943,-0.7177030444144975,0.0,-1.734999179840088,-0.34999901056289673,-0.7177046537399292,0.0,-1.9499999253864349,0.19700005619322286,-0.4345159395690814,0.0
1759838814.4368603,1,-1.2050001621245956,-0.8299997448920943,-0.7177030444144975,0.0,-1.734999179840088,-0.34999901056289673,-0.7177046537399292,0.0,-1.9499999253864349,0.19700005619322286,-0.4345159395690814,0.0
1759838814.4480603,1,-1.2050001621245956,-0.8299997448920943,-0.7177030444144975,0.0,-1.734999179840088,-0.34999901056289673,-0.7177046537399292,0.0,-1.9499999253864349,0.19700005619322286,-0.4345159395690814,0.0
1759838814.45809,1,-1.2050001621245956,-0.8299997448920943,-0.7177030444144975,0.0,-1.734999179840088,-0.34999901056289673,-0.7177046537399292,0.0,-1.9499999253864349,0.19700005619322286,-0.4345159395690814,0.0
1759838814.468673,1,-1.2050001621245956,-0.8299997448920943,-0.7177030444144975,0.0,-1.734999179840088,-0.34999901056289673,-0.7177046537399292,0.0,-1.9499999253864349,0.19700005619322286,-0.4345159395690814,0.0
1759838814.47969,1,-1.2050001621245956,-0.8299997448920943,-0.7177030444144975,0.0,-1.734999179840088,-0.34999901056289673,-0.7177046537399292,0.0,-1.9499999253864349,0.19700005619322286,-0.4345159395690814,0.0
1759838814.4910672,1,-1.2050001621245956,-0.8299997448920943,-0.7177030444144975,0.0,-1.734999179840088,-0.34999901056289673,-0.7177046537399292,0.0,-1.9499999253864349,0.19700005619322286,-0.4345159395690814,0.0
1759838814.5021074,1,-1.2050001621245956,-0.8299997448920943,-0.7177030444144975,0.0,-1.734999179840088,-0.34999901056289673,-0.7177046537399292,0.0,-1.9499999253864349,0.19700005619322286,-0.4345159395690814,0.0
1759838814.5126066,1,-1.2050001621245956,-0.8299997448920943,-0.7177030444144975,0.0,-1.734999179840088,-0.34999901056289673,-0.7177046537399292,0.0,-1.9499999253864349,0.19700005619322286,-0.4345159395690814,0.0
1759838814.5230913,1,-1.2050001621245956,-0.8299997448920943,-0.7177030444144975,0.0,-1.734999179840088,-0.34999901056289673,-0.7177046537399292,0.0,-1.9499999253864349,0.19700005619322286,-0.4345159395690814,0.0
1759838814.5340087,1,-1.2050001621245956,-0.8299997448920943,-0.7177030444144975,0.0,-1.734999179840088,-0.34999901056289673,-0.7177046537399292,0.0,-1.9499999253864349,0.19700005619322286,-0.4345159395690814,0.0
1759838814.544429,1,-1.2050001621245956,-0.8299997448920943,-0.7177030444144975,0.0,-1.734999179840088,-0.34999901056289673,-0.7177046537399292,0.0,-1.9499999253864349,0.19700005619322286,-0.4345159395690814,0.0
1759838814.557402,1,-1.2050001621245956,-0.8299997448920943,-0.7177030444144975,0.0,-1.734999179840088,-0.34999901056289673,-0.7177046537399292,0.0,-1.9499999253864349,0.19700005619322286,-0.4345159395690814,0.0
1759838814.5689454,1,-1.2050001621245956,-0.8299997448920943,-0.7177030444144975,0.0,-1.734999179840088,-0.34999901056289673,-0.7177046537399292,0.0,-1.9499999253864349,0.19700005619322286,-0.4345159395690814,0.0
1759838814.5873861,1,-1.2050001621245956,-0.8299997448920943,-0.7177030444144975,0.0,-1.734999179840088,-0.34999901056289673,-0.7177046537399292,0.0,-1.9499999253864349,0.19700005619322286,-0.4345159395690814,0.0
1759838814.5956233,1,-1.2050001621245956,-0.8299997448920943,-0.7177030444144975,0.0,-1.734999179840088,-0.34999901056289673,-0.7177046537399292,0.0,-1.9499999253864349,0.19700005619322286,-0.4345159395690814,0.0
1759838814.6062715,1,-1.2050001621245956,-0.8299997448920943,-0.7177030444144975,0.0,-1.734999179840088,-0.34999901056289673,-0.7177046537399292,0.0,-1.9499999253864349,0.19700005619322286,-0.4345159395690814,0.0
1759838814.6185503,1,-1.2050001621245956,-0.8299997448920943,-0.7177030444144975,0.0,-1.734999179840088,-0.34999901056289673,-0.7177046537399292,0.0,-1.9499999253864349,0.19700005619322286,-0.4345159395690814,0.0
1759838814.628808,1,-1.2050001621245956,-0.8299997448920943,-0.7177030444144975,0.0,-1.734999179840088,-0.34999901056289673,-0.7177046537399292,0.0,-1.9499999253864349,0.19700005619322286,-0.4345159395690814,0.0
1759838814.640082,1,-1.2050001621245956,-0.8299997448920943,-0.7177030444144975,0.0,-1.734999179840088,-0.34999901056289673,-0.7177046537399292,0.0,-1.9499999253864349,0.19700005619322286,-0.4345159395690814,0.0
1759838814.6505265,1,-1.2050001621245956,-0.8299997448920943,-0.7177030444144975,0.0,-1.734999179840088,-0.34999901056289673,-0.7177046537399292,0.0,-1.9499999253864349,0.19700005619322286,-0.4345159395690814,0.0
1759838814.6622646,1,-1.2050001621245956,-0.8299997448920943,-0.7177030444144975,0.0,-1.734999179840088,-0.34999901056289673,-0.7177046537399292,0.0,-1.9499999253864349,0.19700005619322286,-0.4345159395690814,0.0
1759838814.6732147,1,-1.2050001621245956,-0.8299997448920943,-0.7177030444144975,0.0,-1.734999179840088,-0.34999901056289673,-0.7177046537399292,0.0,-1.9499999253864349,0.19700005619322286,-0.4345159395690814,0.0
1759838814.6844673,1,-1.2050001621245956,-0.8299997448920943,-0.7177030444144975,0.0,-1.734999179840088,-0.34999901056289673,-0.7177046537399292,0.0,-1.9499999253864349,0.19700005619322286,-0.4345159395690814,0.0
1759838814.6946695,1,-1.2050001621245956,-0.8299997448920943,-0.7177030444144975,0.0,-1.734999179840088,-0.34999901056289673,-0.7177046537399292,0.0,-1.9499999253864349,0.19700005619322286,-0.4345159395690814,0.0
1759838814.7066388,1,-1.2050001621245956,-0.8299997448920943,-0.7177030444144975,0.0,-1.734999179840088,-0.34999901056289673,-0.7177046537399292,0.0,-1.9499999253864349,0.19700005619322286,-0.4345159395690814,0.0
1759838814.717944,1,-1.2050001621245956,-0.8299997448920943,-0.7177030444144975,0.0,-1.734999179840088,-0.34999901056289673,-0.7177046537399292,0.0,-1.9499999253864349,0.19700005619322286,-0.4345159395690814,0.0
1759838814.728817,1,-1.2050001621245956,-0.8299997448920943,-0.7177030444144975,0.0,-1.734999179840088,-0.34999901056289673,-0.7177046537399292,0.0,-1.9499999253864349,0.19700005619322286,-0.4345159395690814,0.0
1759838814.7391608,1,-1.2050001621245956,-0.8299997448920943,-0.7177030444144975,0.0,-1.734999179840088,-0.34999901056289673,-0.7177046537399292,0.0,-1.9499999253864349,0.19700005619322286,-0.4345159395690814,0.0
1759838814.7498841,1,-1.2050001621245956,-0.8299997448920943,-0.7177030444144975,0.0,-1.734999179840088,-0.34999901056289673,-0.7177046537399292,0.0,-1.9499999253864349,0.19700005619322286,-0.4345159395690814,0.0
1759838814.760607,1,-1.2050001621245956,-0.8299997448920943,-0.7177030444144975,0.0,-1.734999179840088,-0.34999901056289673,-0.7177046537399292,0.0,-1.9499999253864349,0.19700005619322286,-0.4345159395690814,0.0
1759838814.774632,1,-1.2050001621245956,-0.8299997448920943,-0.7177030444144975,0.0,-1.734999179840088,-0.34999901056289673,-0.7177046537399292,0.0,-1.9499999253864349,0.19700005619322286,-0.4345159395690814,0.0
1759838814.79726,1,-1.2050001621245956,-0.8299997448920943,-0.7177030444144975,0.0,-1.734999179840088,-0.34999901056289673,-0.7177046537399292,0.0,-1.9499999253864349,0.19700005619322286,-0.4345159395690814,0.0
1759838814.808159,1,-1.2050001621245956,-0.8299997448920943,-0.7177030444144975,0.0,-1.734999179840088,-0.34999901056289673,-0.7177046537399292,0.0,-1.9499999253864349,0.19700005619322286,-0.4345159395690814,0.0
1759838814.8192728,1,-1.2050001621245956,-0.8299997448920943,-0.7177030444144975,0.0,-1.734999179840088,-0.34999901056289673,-0.7177046537399292,0.0,-1.9499999253864349,0.19700005619322286,-0.4345159395690814,0.0
1759838814.8315287,1,-1.2050001621245956,-0.8299997448920943,-0.7177030444144975,0.0,-1.734999179840088,-0.34999901056289673,-0.7177046537399292,0.0,-1.9499999253864349,0.19700005619322286,-0.4345159395690814,0.0
1759838814.8419454,1,-1.2050001621245956,-0.8299997448920943,-0.7177030444144975,0.0,-1.734999179840088,-0.34999901056289673,-0.7177046537399292,0.0,-1.9499999253864349,0.19700005619322286,-0.4345159395690814,0.0
1759838814.8557575,1,-1.2050001621245956,-0.8299997448920943,-0.7177030444144975,0.0,-1.734999179840088,-0.34999901056289673,-0.7177046537399292,0.0,-1.9499999253864349,0.19700005619322286,-0.4345159395690814,0.0
1759838814.8662205,1,-1.2050001621245956,-0.8299997448920943,-0.7177030444144975,0.0,-1.734999179840088,-0.34999901056289673,-0.7177046537399292,0.0,-1.9499999253864349,0.19700005619322286,-0.4345159395690814,0.0
1759838814.8784668,1,-1.2050001621245956,-0.8299997448920943,-0.7177030444144975,0.0,-1.734999179840088,-0.34999901056289673,-0.7177046537399292,0.0,-1.9499999253864349,0.19700005619322286,-0.4345159395690814,0.0
1759838814.888755,1,-1.2050001621245956,-0.8299997448920943,-0.7177030444144975,0.0,-1.734999179840088,-0.34999901056289673,-0.7177046537399292,0.0,-1.9499999253864349,0.19700005619322286,-0.4345159395690814,0.0
1759838814.901311,1,-1.2050001621245956,-0.8299997448920943,-0.7177030444144975,0.0,-1.734999179840088,-0.34999901056289673,-0.7177046537399292,0.0,-1.9499999253864349,0.19700005619322286,-0.4345159395690814,0.0
1759838814.9123263,1,-1.2050001621245956,-0.8299997448920943,-0.7177030444144975,0.0,-1.734999179840088,-0.34999901056289673,-0.7177046537399292,0.0,-1.9499999253864349,0.19700005619322286,-0.4345159395690814,0.0
1759838814.9241846,1,-1.2050001621245956,-0.8299997448920943,-0.7177030444144975,0.0,-1.734999179840088,-0.34999901056289673,-0.7177046537399292,0.0,-1.9499999253864349,0.19700005619322286,-0.4345159395690814,0.0
1759838814.9356098,1,-1.2050001621245956,-0.8299997448920943,-0.7177030444144975,0.0,-1.734999179840088,-0.34999901056289673,-0.7177046537399292,0.0,-1.9499999253864349,0.19700005619322286,-0.4345159395690814,0.0
1759838814.947491,1,-1.2050001621245956,-0.8299997448920943,-0.7177030444144975,0.0,-1.734999179840088,-0.34999901056289673,-0.7177046537399292,0.0,-1.9499999253864349,0.19700005619322286,-0.4345159395690814,0.0
1759838814.95881,1,-1.2050001621245956,-0.8299997448920943,-0.7177030444144975,0.0,-1.734999179840088,-0.34999901056289673,-0.7177046537399292,0.0,-1.9499999253864349,0.19700005619322286,-0.4345159395690814,0.0
1759838814.9713833,1,-1.2050001621245956,-0.8299997448920943,-0.7177030444144975,0.0,-1.734999179840088,-0.34999901056289673,-0.7177046537399292,0.0,-1.9499999253864349,0.19700005619322286,-0.4345159395690814,0.0
1759838814.9816303,1,-1.2050001621245956,-0.8299997448920943,-0.7177030444144975,0.0,-1.734999179840088,-0.34999901056289673,-0.7177046537399292,0.0,-1.9499999253864349,0.19700005619322286,-0.4345159395690814,0.0
1759838814.9995403,1,-1.2050001621245956,-0.8299997448920943,-0.7177030444144975,0.0,-1.734999179840088,-0.34999901056289673,-0.7177046537399292,0.0,-1.9499999253864349,0.19700005619322286,-0.4345159395690814,0.0
1759838815.0086465,1,-1.2050001621245956,-0.8299997448920943,-0.7177030444144975,0.0,-1.734999179840088,-0.34999901056289673,-0.7177046537399292,0.0,-1.9499999253864349,0.19700005619322286,-0.4345159395690814,0.0
1759838815.0197248,1,-1.2050001621245956,-0.8299997448920943,-0.7177030444144975,0.0,-1.734999179840088,-0.34999901056289673,-0.7177046537399292,0.0,-1.9499999253864349,0.19700005619322286,-0.4345159395690814,0.0
1759838815.0338945,1,-1.2050001621245956,-0.8299997448920943,-0.7177030444144975,0.0,-1.734999179840088,-0.34999901056289673,-0.7177046537399292,0.0,-1.9499999253864349,0.19700005619322286,-0.4345159395690814,0.0
1759838815.0453043,1,-1.2050001621245956,-0.8299997448920943,-0.7177030444144975,0.0,-1.734999179840088,-0.34999901056289673,-0.7177046537399292,0.0,-1.9499999253864349,0.19700005619322286,-0.4345159395690814,0.0
1759838815.0582306,1,-1.2050001621245956,-0.8299997448920943,-0.7177030444144975,0.0,-1.734999179840088,-0.34999901056289673,-0.7177046537399292,0.0,-1.9499999253864349,0.19700005619322286,-0.4345159395690814,0.0
1759838815.0687923,1,-1.2050001621245956,-0.8299997448920943,-0.7177030444144975,0.0,-1.734999179840088,-0.34999901056289673,-0.7177046537399292,0.0,-1.9499999253864349,0.19700005619322286,-0.4345159395690814,0.0
1759838815.0831292,1,-1.2050001621245956,-0.8299997448920943,-0.7177030444144975,0.0,-1.734999179840088,-0.34999901056289673,-0.7177046537399292,0.0,-1.9499999253864349,0.19700005619322286,-0.4345159395690814,0.0
1759838815.0938933,1,-1.2050001621245956,-0.8299997448920943,-0.7177030444144975,0.0,-1.734999179840088,-0.34999901056289673,-0.7177046537399292,0.0,-1.9499999253864349,0.19700005619322286,-0.4345159395690814,0.0
1759838815.1096148,1,-1.2050001621245956,-0.8299997448920943,-0.7177030444144975,0.0,-1.734999179840088,-0.34999901056289673,-0.7177046537399292,0.0,-1.9499999253864349,0.19700005619322286,-0.4345159395690814,0.0
1759838815.1262233,1,-1.2050001621245956,-0.8299997448920943,-0.7177030444144975,0.0,-1.734999179840088,-0.34999901056289673,-0.7177046537399292,0.0,-1.9499999253864349,0.19700005619322286,-0.4345159395690814,0.0
1759838815.1364956,1,-1.2050001621245956,-0.8299997448920943,-0.7177030444144975,0.0,-1.734999179840088,-0.34999901056289673,-0.7177046537399292,0.0,-1.9499999253864349,0.19700005619322286,-0.4345159395690814,0.0
1759838815.14935,1,-1.2050001621245956,-0.8299997448920943,-0.7177030444144975,0.0,-1.734999179840088,-0.34999901056289673,-0.7177046537399292,0.0,-1.9499999253864349,0.19700005619322286,-0.4345159395690814,0.0
1759838815.1606908,1,-1.2050001621245956,-0.8299997448920943,-0.7177030444144975,0.0,-1.734999179840088,-0.34999901056289673,-0.7177046537399292,0.0,-1.9499999253864349,0.19700005619322286,-0.4345159395690814,0.0
1759838815.1747491,1,-1.2050001621245956,-0.8299997448920943,-0.7177030444144975,0.0,-1.734999179840088,-0.34999901056289673,-0.7177046537399292,0.0,-1.9499999253864349,0.19700005619322286,-0.4345159395690814,0.0
1759838815.1851943,1,-1.2050001621245956,-0.8299997448920943,-0.7177030444144975,0.0,-1.734999179840088,-0.34999901056289673,-0.7177046537399292,0.0,-1.9499999253864349,0.19700005619322286,-0.4345159395690814,0.0
1759838815.2009187,1,-1.2050001621245956,-0.8299997448920943,-0.7177030444144975,0.0,-1.734999179840088,-0.34999901056289673,-0.7177046537399292,0.0,-1.9499999253864349,0.19700005619322286,-0.4345159395690814,0.0
1759838815.212218,1,-1.2050001621245956,-0.8299997448920943,-0.7177030444144975,0.0,-1.734999179840088,-0.34999901056289673,-0.7177046537399292,0.0,-1.9499999253864349,0.19700005619322286,-0.4345159395690814,0.0
1759838815.2230942,1,-1.2050001621245956,-0.8299997448920943,-0.7177030444144975,0.0,-1.734999179840088,-0.34999901056289673,-0.7177046537399292,0.0,-1.9499999253864349,0.19700005619322286,-0.4345159395690814,0.0
1759838815.2427711,1,-1.2050001621245956,-0.8299997448920943,-0.7177030444144975,0.0,-1.734999179840088,-0.34999901056289673,-0.7177046537399292,0.0,-1.9499999253864349,0.19700005619322286,-0.4345159395690814,0.0
1759838815.2551017,1,-1.2050001621245956,-0.8299997448920943,-0.7177030444144975,0.0,-1.734999179840088,-0.34999901056289673,-0.7177046537399292,0.0,-1.9499999253864349,0.19700005619322286,-0.4345159395690814,0.0
1759838815.266585,1,-1.2050001621245956,-0.8299997448920943,-0.7177030444144975,0.0,-1.734999179840088,-0.34999901056289673,-0.7177046537399292,0.0,-1.9499999253864349,0.19700005619322286,-0.4345159395690814,0.0
1759838815.2840118,1,-1.2050001621245956,-0.8299997448920943,-0.7177030444144975,0.0,-1.734999179840088,-0.34999901056289673,-0.7177046537399292,0.0,-1.9499999253864349,0.19700005619322286,-0.4345159395690814,0.0
1759838815.296004,1,-1.2050001621245956,-0.8299997448920943,-0.7177030444144975,0.0,-1.734999179840088,-0.34999901056289673,-0.7177046537399292,0.0,-1.9499999253864349,0.19700005619322286,-0.4345159395690814,0.0
1759838815.3114214,1,-1.2050001621245956,-0.8299997448920943,-0.7177030444144975,0.0,-1.734999179840088,-0.34999901056289673,-0.7177046537399292,0.0,-1.9499999253864349,0.19700005619322286,-0.4345159395690814,0.0
1759838815.3242555,1,-1.2050001621245956,-0.8299997448920943,-0.7177030444144975,0.0,-1.734999179840088,-0.34999901056289673,-0.7177046537399292,0.0,-1.9499999253864349,0.19700005619322286,-0.4345159395690814,0.0
1759838815.336375,1,-1.2050001621245956,-0.8299997448920943,-0.7177030444144975,0.0,-1.734999179840088,-0.34999901056289673,-0.7177046537399292,0.0,-1.9499999253864349,0.19700005619322286,-0.4345159395690814,0.0
1759838815.3492963,1,-1.2050001621245956,-0.8299997448920943,-0.7177030444144975,0.0,-1.734999179840088,-0.34999901056289673,-0.7177046537399292,0.0,-1.9499999253864349,0.19700005619322286,-0.4345159395690814,0.0
1759838815.3604963,1,-1.2050001621245956,-0.8299997448920943,-0.7177030444144975,0.0,-1.734999179840088,-0.34999901056289673,-0.7177046537399292,0.0,-1.9499999253864349,0.19700005619322286,-0.4345159395690814,0.0
1759838815.3714037,1,-1.2050001621245956,-0.8299997448920943,-0.7177030444144975,0.0,-1.734999179840088,-0.34999901056289673,-0.7177046537399292,0.0,-1.9499999253864349,0.19700005619322286,-0.4345159395690814,0.0
1759838815.3818579,1,-1.2050001621245956,-0.8299997448920943,-0.7177030444144975,0.0,-1.734999179840088,-0.34999901056289673,-0.7177046537399292,0.0,-1.9499999253864349,0.19700005619322286,-0.4345159395690814,0.0
1759838815.3947835,1,-1.2050001621245956,-0.8299997448920943,-0.7177030444144975,0.0,-1.734999179840088,-0.34999901056289673,-0.7177046537399292,0.0,-1.9499999253864349,0.19700005619322286,-0.4345159395690814,0.0
1759838815.4205353,1,-1.2050001621245956,-0.8299997448920943,-0.7177030444144975,0.0,-1.734999179840088,-0.34999901056289673,-0.7177046537399292,0.0,-1.9499999253864349,0.19700005619322286,-0.4345159395690814,0.0
1759838815.4323494,1,-1.2050001621245956,-0.8299997448920943,-0.7177030444144975,0.0,-1.734999179840088,-0.34999901056289673,-0.7177046537399292,0.0,-1.9499999253864349,0.19700005619322286,-0.4345159395690814,0.0
1759838815.444844,1,-1.2050001621245956,-0.8299997448920943,-0.7177030444144975,0.0,-1.734999179840088,-0.34999901056289673,-0.7177046537399292,0.0,-1.9499999253864349,0.19700005619322286,-0.4345159395690814,0.0
1759838815.4563107,1,-1.2050001621245956,-0.8299997448920943,-0.7177030444144975,0.0,-1.734999179840088,-0.34999901056289673,-0.7177046537399292,0.0,-1.9499999253864349,0.19700005619322286,-0.4345159395690814,0.0
1759838815.467073,1,-1.2050001621245956,-0.8299997448920943,-0.7177030444144975,0.0,-1.734999179840088,-0.34999901056289673,-0.7177046537399292,0.0,-1.9499999253864349,0.19700005619322286,-0.4345159395690814,0.0
1759838815.478009,1,-1.2050001621245956,-0.8299997448920943,-0.7177030444144975,0.0,-1.734999179840088,-0.34999901056289673,-0.7177046537399292,0.0,-1.9499999253864349,0.19700005619322286,-0.4345159395690814,0.0
1759838815.4908907,1,-1.2050001621245956,-0.8299997448920943,-0.7177030444144975,0.0,-1.734999179840088,-0.34999901056289673,-0.7177046537399292,0.0,-1.9499999253864349,0.19700005619322286,-0.4345159395690814,0.0
1759838815.5025377,1,-1.2050001621245956,-0.8299997448920943,-0.7177030444144975,0.0,-1.734999179840088,-0.34999901056289673,-0.7177046537399292,0.0,-1.9499999253864349,0.19700005619322286,-0.4345159395690814,0.0
1759838815.5196557,1,-1.2050001621245956,-0.8299997448920943,-0.7177030444144975,0.0,-1.734999179840088,-0.34999901056289673,-0.7177046537399292,0.0,-1.9499999253864349,0.19700005619322286,-0.4345159395690814,0.0
1759838815.535209,1,-1.2050001621245956,-0.8299997448920943,-0.7177030444144975,0.0,-1.734999179840088,-0.34999901056289673,-0.7177046537399292,0.0,-1.9499999253864349,0.19700005619322286,-0.4345159395690814,0.0
1759838815.5514011,1,-1.2050001621245956,-0.8299997448920943,-0.7177030444144975,0.0,-1.734999179840088,-0.34999901056289673,-0.7177046537399292,0.0,-1.9499999253864349,0.19700005619322286,-0.4345159395690814,0.0
1759838815.5668106,1,-1.2050001621245956,-0.8299997448920943,-0.7177030444144975,0.0,-1.734999179840088,-0.34999901056289673,-0.7177046537399292,0.0,-1.9499999253864349,0.19700005619322286,-0.4345159395690814,0.0
1759838815.584373,1,-1.2050001621245956,-0.8299997448920943,-0.7177030444144975,0.0,-1.734999179840088,-0.34999901056289673,-0.7177046537399292,0.0,-1.9499999253864349,0.19700005619322286,-0.4345159395690814,0.0
1759838815.6045527,1,-1.2050001621245956,-0.8299997448920943,-0.7177030444144975,0.0,-1.734999179840088,-0.34999901056289673,-0.7177046537399292,0.0,-1.9499999253864349,0.19700005619322286,-0.4345159395690814,0.0
1759838815.6296377,1,-1.2050001621245956,-0.8299997448920943,-0.7177030444144975,0.0,-1.734999179840088,-0.34999901056289673,-0.7177046537399292,0.0,-1.9499999253864349,0.19700005619322286,-0.4345159395690814,0.0
1759838815.6436896,1,-1.2050001621245956,-0.8299997448920943,-0.7177030444144975,0.0,-1.734999179840088,-0.34999901056289673,-0.7177046537399292,0.0,-1.9499999253864349,0.19700005619322286,-0.4345159395690814,0.0
1759838815.6553252,1,-1.2050001621245956,-0.8299997448920943,-0.7177030444144975,0.0,-1.734999179840088,-0.34999901056289673,-0.7177046537399292,0.0,-1.9499999253864349,0.19700005619322286,-0.4345159395690814,0.0
1759838815.6670067,1,-1.2050001621245956,-0.8299997448920943,-0.7177030444144975,0.0,-1.734999179840088,-0.34999901056289673,-0.7177046537399292,0.0,-1.9499999253864349,0.19700005619322286,-0.4345159395690814,0.0
1759838815.6770072,1,-1.2050001621245956,-0.8299997448920943,-0.7177030444144975,0.0,-1.734999179840088,-0.34999901056289673,-0.7177046537399292,0.0,-1.9499999253864349,0.19700005619322286,-0.4345159395690814,0.0
1759838815.6878054,1,-1.2050001621245956,-0.8299997448920943,-0.7177030444144975,0.0,-1.734999179840088,-0.34999901056289673,-0.7177046537399292,0.0,-1.9499999253864349,0.19700005619322286,-0.4345159395690814,0.0
1759838815.6984901,1,-1.2050001621245956,-0.8299997448920943,-0.7177030444144975,0.0,-1.734999179840088,-0.34999901056289673,-0.7177046537399292,0.0,-1.9499999253864349,0.19700005619322286,-0.4345159395690814,0.0
1759838815.708957,1,-1.2050001621245956,-0.8299997448920943,-0.7177030444144975,0.0,-1.734999179840088,-0.34999901056289673,-0.7177046537399292,0.0,-1.9499999253864349,0.19700005619322286,-0.4345159395690814,0.0
1759838815.7323468,1,-1.2050001621245956,-0.8299997448920943,-0.7177030444144975,0.0,-1.734999179840088,-0.34999901056289673,-0.7177046537399292,0.0,-1.9499999253864349,0.19700005619322286,-0.4345159395690814,0.0
1759838815.7432392,1,-1.2050001621245956,-0.8299997448920943,-0.7177030444144975,0.0,-1.734999179840088,-0.34999901056289673,-0.7177046537399292,0.0,-1.9499999253864349,0.19700005619322286,-0.4345159395690814,0.0
1759838815.7546198,1,-1.2050001621245956,-0.8299997448920943,-0.7177030444144975,0.0,-1.734999179840088,-0.34999901056289673,-0.7177046537399292,0.0,-1.9499999253864349,0.19700005619322286,-0.4345159395690814,0.0
1759838815.775197,1,-1.2050001621245956,-0.8299997448920943,-0.7177030444144975,0.0,-1.734999179840088,-0.34999901056289673,-0.7177046537399292,0.0,-1.9499999253864349,0.19700005619322286,-0.4345159395690814,0.0
1759838815.7865767,1,-1.2050001621245956,-0.8299997448920943,-0.7177030444144975,0.0,-1.734999179840088,-0.34999901056289673,-0.7177046537399292,0.0,-1.9499999253864349,0.19700005619322286,-0.4345159395690814,0.0
1759838815.79778,1,-1.2050001621245956,-0.8299997448920943,-0.7177030444144975,0.0,-1.734999179840088,-0.34999901056289673,-0.7177046537399292,0.0,-1.9499999253864349,0.19700005619322286,-0.4345159395690814,0.0
1759838815.809876,1,-1.2050001621245956,-0.8299997448920943,-0.7177030444144975,0.0,-1.734999179840088,-0.34999901056289673,-0.7177046537399292,0.0,-1.9499999253864349,0.19700005619322286,-0.4345159395690814,0.0
1759838815.8301778,1,-1.2050001621245956,-0.8299997448920943,-0.7177030444144975,0.0,-1.734999179840088,-0.34999901056289673,-0.7177046537399292,0.0,-1.9499999253864349,0.19700005619322286,-0.4345159395690814,0.0
1759838815.8440576,1,-1.2050001621245956,-0.8299997448920943,-0.7177030444144975,0.0,-1.734999179840088,-0.34999901056289673,-0.7177046537399292,0.0,-1.9499999253864349,0.19700005619322286,-0.4345159395690814,0.0
1759838815.8548489,1,-1.2050001621245956,-0.8299997448920943,-0.7177030444144975,0.0,-1.734999179840088,-0.34999901056289673,-0.7177046537399292,0.0,-1.9499999253864349,0.19700005619322286,-0.4345159395690814,0.0
1759838815.8659804,1,-1.2050001621245956,-0.8299997448920943,-0.7177030444144975,0.0,-1.734999179840088,-0.34999901056289673,-0.7177046537399292,0.0,-1.9499999253864349,0.19700005619322286,-0.4345159395690814,0.0
1759838815.878645,1,-1.2050001621245956,-0.8299997448920943,-0.7177030444144975,0.0,-1.734999179840088,-0.34999901056289673,-0.7177046537399292,0.0,-1.9499999253864349,0.19700005619322286,-0.4345159395690814,0.0
1759838815.8906045,1,-1.2050001621245956,-0.8299997448920943,-0.7177030444144975,0.0,-1.734999179840088,-0.34999901056289673,-0.7177046537399292,0.0,-1.9499999253864349,0.19700005619322286,-0.4345159395690814,0.0
1759838815.900636,1,-1.2050001621245956,-0.8299997448920943,-0.7177030444144975,0.0,-1.734999179840088,-0.34999901056289673,-0.7177046537399292,0.0,-1.9499999253864349,0.19700005619322286,-0.4345159395690814,0.0
1759838815.9108915,1,-1.2050001621245956,-0.8299997448920943,-0.7177030444144975,0.0,-1.734999179840088,-0.34999901056289673,-0.7177046537399292,0.0,-1.9499999253864349,0.19700005619322286,-0.4345159395690814,0.0
1759838815.9209247,1,-1.2050001621245956,-0.8299997448920943,-0.7177030444144975,0.0,-1.734999179840088,-0.34999901056289673,-0.7177046537399292,0.0,-1.9499999253864349,0.19700005619322286,-0.4345159395690814,0.0
1759838815.9336135,1,-1.2050001621245956,-0.8299997448920943,-0.7177030444144975,0.0,-1.734999179840088,-0.34999901056289673,-0.7177046537399292,0.0,-1.9499999253864349,0.19700005619322286,-0.4345159395690814,0.0
1759838815.944522,1,-1.2050001621245956,-0.8299997448920943,-0.7177030444144975,0.0,-1.734999179840088,-0.34999901056289673,-0.7177046537399292,0.0,-1.9499999253864349,0.19700005619322286,-0.4345159395690814,0.0
1759838815.9620461,1,-1.2050001621245956,-0.8299997448920943,-0.7177030444144975,0.0,-1.734999179840088,-0.34999901056289673,-0.7177046537399292,0.0,-1.9499999253864349,0.19700005619322286,-0.4345159395690814,0.0
1759838815.9737449,1,-1.2050001621245956,-0.8299997448920943,-0.7177030444144975,0.0,-1.734999179840088,-0.34999901056289673,-0.7177046537399292,0.0,-1.9499999253864349,0.19700005619322286,-0.4345159395690814,0.0
1759838815.9856298,1,-1.2050001621245956,-0.8299997448920943,-0.7177030444144975,0.0,-1.734999179840088,-0.34999901056289673,-0.7177046537399292,0.0,-1.9499999253864349,0.19700005619322286,-0.4345159395690814,0.0
1759838815.995712,1,-1.2050001621245956,-0.8299997448920943,-0.7177030444144975,0.0,-1.734999179840088,-0.34999901056289673,-0.7177046537399292,0.0,-1.9499999253864349,0.19700005619322286,-0.4345159395690814,0.0
1759838816.0070534,1,-1.2050001621245956,-0.8299997448920943,-0.7177030444144975,0.0,-1.734999179840088,-0.34999901056289673,-0.7177046537399292,0.0,-1.9499999253864349,0.19700005619322286,-0.4345159395690814,0.0
1759838816.0182226,1,-1.2050001621245956,-0.8299997448920943,-0.7177030444144975,0.0,-1.734999179840088,-0.34999901056289673,-0.7177046537399292,0.0,-1.9499999253864349,0.19700005619322286,-0.4345159395690814,0.0
1759838816.040014,1,-1.2050001621245956,-0.8299997448920943,-0.7177030444144975,0.0,-1.734999179840088,-0.34999901056289673,-0.7177046537399292,0.0,-1.9499999253864349,0.19700005619322286,-0.4345159395690814,0.0
1759838816.0528133,1,-1.2050001621245956,-0.8299997448920943,-0.7177030444144975,0.0,-1.734999179840088,-0.34999901056289673,-0.7177046537399292,0.0,-1.9499999253864349,0.19700005619322286,-0.4345159395690814,0.0
1759838816.0639727,1,-1.2050001621245956,-0.8299997448920943,-0.7177030444144975,0.0,-1.734999179840088,-0.34999901056289673,-0.7177046537399292,0.0,-1.9499999253864349,0.19700005619322286,-0.4345159395690814,0.0
1759838816.0752492,1,-1.2050001621245956,-0.8299997448920943,-0.7177030444144975,0.0,-1.734999179840088,-0.34999901056289673,-0.7177046537399292,0.0,-1.9499999253864349,0.19700005619322286,-0.4345159395690814,0.0
1759838816.0891838,1,-1.2050001621245956,-0.8299997448920943,-0.7177030444144975,0.0,-1.734999179840088,-0.34999901056289673,-0.7177046537399292,0.0,-1.9499999253864349,0.19700005619322286,-0.4345159395690814,0.0
1759838816.1010616,1,-1.2050001621245956,-0.8299997448920943,-0.7177030444144975,0.0,-1.734999179840088,-0.34999901056289673,-0.7177046537399292,0.0,-1.9499999253864349,0.19700005619322286,-0.4345159395690814,0.0
1759838816.1162076,1,-1.2050001621245956,-0.8299997448920943,-0.7177030444144975,0.0,-1.734999179840088,-0.34999901056289673,-0.7177046537399292,0.0,-1.9499999253864349,0.19700005619322286,-0.4345159395690814,0.0
1759838816.1272116,1,-1.2050001621245956,-0.8299997448920943,-0.7177030444144975,0.0,-1.734999179840088,-0.34999901056289673,-0.7177046537399292,0.0,-1.9499999253864349,0.19700005619322286,-0.4345159395690814,0.0
1759838816.143989,1,-1.2050001621245956,-0.8299997448920943,-0.7177030444144975,0.0,-1.734999179840088,-0.34999901056289673,-0.7177046537399292,0.0,-1.9499999253864349,0.19700005619322286,-0.4345159395690814,0.0
1759838816.154811,1,-1.2050001621245956,-0.8299997448920943,-0.7177030444144975,0.0,-1.734999179840088,-0.34999901056289673,-0.7177046537399292,0.0,-1.9499999253864349,0.19700005619322286,-0.4345159395690814,0.0
1759838816.165591,1,-1.2050001621245956,-0.8299997448920943,-0.7177030444144975,0.0,-1.734999179840088,-0.34999901056289673,-0.7177046537399292,0.0,-1.9499999253864349,0.19700005619322286,-0.4345159395690814,0.0
1759838816.1823242,1,-1.2050001621245956,-0.8299997448920943,-0.7177030444144975,0.0,-1.734999179840088,-0.34999901056289673,-0.7177046537399292,0.0,-1.9499999253864349,0.19700005619322286,-0.4345159395690814,0.0
1759838816.1931815,1,-1.2050001621245956,-0.8299997448920943,-0.7177030444144975,0.0,-1.734999179840088,-0.34999901056289673,-0.7177046537399292,0.0,-1.9499999253864349,0.19700005619322286,-0.4345159395690814,0.0
1759838816.2103388,1,-1.2050001621245956,-0.8299997448920943,-0.7177030444144975,0.0,-1.734999179840088,-0.34999901056289673,-0.7177046537399292,0.0,-1.9499999253864349,0.19700005619322286,-0.4345159395690814,0.0
1759838816.22726,1,-1.2050001621245956,-0.8299997448920943,-0.7177030444144975,0.0,-1.734999179840088,-0.34999901056289673,-0.7177046537399292,0.0,-1.9499999253864349,0.19700005619322286,-0.4345159395690814,0.0
1759838816.2468429,1,-1.2050001621245956,-0.8299997448920943,-0.7177030444144975,0.0,-1.734999179840088,-0.34999901056289673,-0.7177046537399292,0.0,-1.9499999253864349,0.19700005619322286,-0.4345159395690814,0.0
1759838816.2580183,1,-1.2050001621245956,-0.8299997448920943,-0.7177030444144975,0.0,-1.734999179840088,-0.34999901056289673,-0.7177046537399292,0.0,-1.9499999253864349,0.19700005619322286,-0.4345159395690814,0.0
1759838816.272654,1,-1.2050001621245956,-0.8299997448920943,-0.7177030444144975,0.0,-1.734999179840088,-0.34999901056289673,-0.7177046537399292,0.0,-1.9499999253864349,0.19700005619322286,-0.4345159395690814,0.0
1759838816.283007,1,-1.2050001621245956,-0.8299997448920943,-0.7177030444144975,0.0,-1.734999179840088,-0.34999901056289673,-0.7177046537399292,0.0,-1.9499999253864349,0.19700005619322286,-0.4345159395690814,0.0
1759838816.2991424,1,-1.2050001621245956,-0.8299997448920943,-0.7177030444144975,0.0,-1.734999179840088,-0.34999901056289673,-0.7177046537399292,0.0,-1.9499999253864349,0.19700005619322286,-0.4345159395690814,0.0
1759838816.3092513,1,-1.2050001621245956,-0.8299997448920943,-0.7177030444144975,0.0,-1.734999179840088,-0.34999901056289673,-0.7177046537399292,0.0,-1.9499999253864349,0.19700005619322286,-0.4345159395690814,0.0
1759838816.3204272,1,-1.2050001621245956,-0.8299997448920943,-0.7177030444144975,0.0,-1.734999179840088,-0.34999901056289673,-0.7177046537399292,0.0,-1.9499999253864349,0.19700005619322286,-0.4345159395690814,0.0
1759838816.3320277,1,-1.2050001621245956,-0.8299997448920943,-0.7177030444144975,0.0,-1.734999179840088,-0.34999901056289673,-0.7177046537399292,0.0,-1.9499999253864349,0.19700005619322286,-0.4345159395690814,0.0
1759838816.3488991,1,-1.2050001621245956,-0.8299997448920943,-0.7177030444144975,0.0,-1.734999179840088,-0.34999901056289673,-0.7177046537399292,0.0,-1.9499999253864349,0.19700005619322286,-0.4345159395690814,0.0
1759838816.3620698,1,-1.2050001621245956,-0.8299997448920943,-0.7177030444144975,0.0,-1.734999179840088,-0.34999901056289673,-0.7177046537399292,0.0,-1.9499999253864349,0.19700005619322286,-0.4345159395690814,0.0
1759838816.3779445,1,-1.2050001621245956,-0.8299997448920943,-0.7177030444144975,0.0,-1.734999179840088,-0.34999901056289673,-0.7177046537399292,0.0,-1.9499999253864349,0.19700005619322286,-0.4345159395690814,0.0
1759838816.3893864,1,-1.2050001621245956,-0.8299997448920943,-0.7177030444144975,0.0,-1.734999179840088,-0.34999901056289673,-0.7177046537399292,0.0,-1.9499999253864349,0.19700005619322286,-0.4345159395690814,0.0
1759838816.401428,1,-1.2050001621245956,-0.8299997448920943,-0.7177030444144975,0.0,-1.734999179840088,-0.34999901056289673,-0.7177046537399292,0.0,-1.9499999253864349,0.19700005619322286,-0.4345159395690814,0.0
1759838816.411702,1,-1.2050001621245956,-0.8299997448920943,-0.7177030444144975,0.0,-1.734999179840088,-0.34999901056289673,-0.7177046537399292,0.0,-1.9499999253864349,0.19700005619322286,-0.4345159395690814,0.0
1759838816.425341,1,-1.2050001621245956,-0.8299997448920943,-0.7177030444144975,0.0,-1.734999179840088,-0.34999901056289673,-0.7177046537399292,0.0,-1.9499999253864349,0.19700005619322286,-0.4345159395690814,0.0
1759838816.4577985,1,-1.2050001621245956,-0.8299997448920943,-0.7177030444144975,0.0,-1.734999179840088,-0.34999901056289673,-0.7177046537399292,0.0,-1.9499999253864349,0.19700005619322286,-0.4345159395690814,0.0
1759838816.4707012,1,-1.2050001621245956,-0.8299997448920943,-0.7177030444144975,0.0,-1.734999179840088,-0.34999901056289673,-0.7177046537399292,0.0,-1.9499999253864349,0.19700005619322286,-0.4345159395690814,0.0
1759838816.48288,1,-1.2050001621245956,-0.8299997448920943,-0.7177030444144975,0.0,-1.734999179840088,-0.34999901056289673,-0.7177046537399292,0.0,-1.9499999253864349,0.19700005619322286,-0.4345159395690814,0.0
1759838816.493115,1,-1.2050001621245956,-0.8299997448920943,-0.7177030444144975,0.0,-1.734999179840088,-0.34999901056289673,-0.7177046537399292,0.0,-1.9499999253864349,0.19700005619322286,-0.4345159395690814,0.0
1759838816.5068822,1,-1.2050001621245956,-0.8299997448920943,-0.7177030444144975,0.0,-1.734999179840088,-0.34999901056289673,-0.7177046537399292,0.0,-1.9499999253864349,0.19700005619322286,-0.4345159395690814,0.0
1759838816.518427,1,-1.2050001621245956,-0.8299997448920943,-0.7177030444144975,0.0,-1.734999179840088,-0.34999901056289673,-0.7177046537399292,0.0,-1.9499999253864349,0.19700005619322286,-0.4345159395690814,0.0
1759838816.538861,1,-1.2050001621245956,-0.8299997448920943,-0.7177030444144975,0.0,-1.734999179840088,-0.34999901056289673,-0.7177046537399292,0.0,-1.9499999253864349,0.19700005619322286,-0.4345159395690814,0.0
1759838816.5496266,1,-1.2050001621245956,-0.8299997448920943,-0.7177030444144975,0.0,-1.734999179840088,-0.34999901056289673,-0.7177046537399292,0.0,-1.9499999253864349,0.19700005619322286,-0.4345159395690814,0.0
1759838816.5605845,1,-1.2050001621245956,-0.8299997448920943,-0.7177030444144975,0.0,-1.734999179840088,-0.34999901056289673,-0.7177046537399292,0.0,-1.9499999253864349,0.19700005619322286,-0.4345159395690814,0.0
1759838816.570803,1,-1.2050001621245956,-0.8299997448920943,-0.7177030444144975,0.0,-1.734999179840088,-0.34999901056289673,-0.7177046537399292,0.0,-1.9499999253864349,0.19700005619322286,-0.4345159395690814,0.0
1759838816.581269,1,-1.2050001621245956,-0.8299997448920943,-0.7177030444144975,0.0,-1.734999179840088,-0.34999901056289673,-0.7177046537399292,0.0,-1.9499999253864349,0.19700005619322286,-0.4345159395690814,0.0
1759838816.591827,1,-1.2050001621245956,-0.8299997448920943,-0.7177030444144975,0.0,-1.734999179840088,-0.34999901056289673,-0.7177046537399292,0.0,-1.9499999253864349,0.19700005619322286,-0.4345159395690814,0.0
1759838816.603032,1,-1.2050001621245956,-0.8299997448920943,-0.7177030444144975,0.0,-1.734999179840088,-0.34999901056289673,-0.7177046537399292,0.0,-1.9499999253864349,0.19700005619322286,-0.4345159395690814,0.0
1759838816.61712,1,-1.2050001621245956,-0.8299997448920943,-0.7177030444144975,0.0,-1.734999179840088,-0.34999901056289673,-0.7177046537399292,0.0,-1.9499999253864349,0.19700005619322286,-0.4345159395690814,0.0
1759838816.6322763,1,-1.2050001621245956,-0.8299997448920943,-0.7177030444144975,0.0,-1.734999179840088,-0.34999901056289673,-0.7177046537399292,0.0,-1.9499999253864349,0.19700005619322286,-0.4345159395690814,0.0
1759838816.643543,1,-1.2050001621245956,-0.8299997448920943,-0.7177030444144975,0.0,-1.734999179840088,-0.34999901056289673,-0.7177046537399292,0.0,-1.9499999253864349,0.19700005619322286,-0.4345159395690814,0.0
1759838816.6581695,1,-1.2050001621245956,-0.8299997448920943,-0.7177030444144975,0.0,-1.734999179840088,-0.34999901056289673,-0.7177046537399292,0.0,-1.9499999253864349,0.19700005619322286,-0.4345159395690814,0.0
1759838816.6695502,1,-1.2050001621245956,-0.8299997448920943,-0.7177030444144975,0.0,-1.734999179840088,-0.34999901056289673,-0.7177046537399292,0.0,-1.9499999253864349,0.19700005619322286,-0.4345159395690814,0.0
1759838816.6808624,1,-1.2050001621245956,-0.8299997448920943,-0.7177030444144975,0.0,-1.734999179840088,-0.34999901056289673,-0.7177046537399292,0.0,-1.9499999253864349,0.19700005619322286,-0.4345159395690814,0.0
1759838816.6918886,1,-1.2050001621245956,-0.8299997448920943,-0.7177030444144975,0.0,-1.734999179840088,-0.34999901056289673,-0.7177046537399292,0.0,-1.9499999253864349,0.19700005619322286,-0.4345159395690814,0.0
1759838816.7042847,1,-1.2050001621245956,-0.8299997448920943,-0.7177030444144975,0.0,-1.734999179840088,-0.34999901056289673,-0.7177046537399292,0.0,-1.9499999253864349,0.19700005619322286,-0.4345159395690814,0.0
1759838816.7241879,1,-1.2050001621245956,-0.8299997448920943,-0.7177030444144975,0.0,-1.734999179840088,-0.34999901056289673,-0.7177046537399292,0.0,-1.9499999253864349,0.19700005619322286,-0.4345159395690814,0.0
1759838816.7342982,1,-1.2050001621245956,-0.8299997448920943,-0.7177030444144975,0.0,-1.734999179840088,-0.34999901056289673,-0.7177046537399292,0.0,-1.9499999253864349,0.19700005619322286,-0.4345159395690814,0.0
1759838816.745291,1,-1.2050001621245956,-0.8299997448920943,-0.7177030444144975,0.0,-1.734999179840088,-0.34999901056289673,-0.7177046537399292,0.0,-1.9499999253864349,0.19700005619322286,-0.4345159395690814,0.0
1759838816.7615259,1,-1.2050001621245956,-0.8299997448920943,-0.7177030444144975,0.0,-1.734999179840088,-0.34999901056289673,-0.7177046537399292,0.0,-1.9499999253864349,0.19700005619322286,-0.4345159395690814,0.0
1759838816.7726812,1,-1.2050001621245956,-0.8299997448920943,-0.7177030444144975,0.0,-1.734999179840088,-0.34999901056289673,-0.7177046537399292,0.0,-1.9499999253864349,0.19700005619322286,-0.4345159395690814,0.0
1759838816.7903295,1,-1.2050001621245956,-0.8299997448920943,-0.7177030444144975,0.0,-1.734999179840088,-0.34999901056289673,-0.7177046537399292,0.0,-1.9499999253864349,0.19700005619322286,-0.4345159395690814,0.0
1759838816.8010788,1,-1.2050001621245956,-0.8299997448920943,-0.7177030444144975,0.0,-1.734999179840088,-0.34999901056289673,-0.7177046537399292,0.0,-1.9499999253864349,0.19700005619322286,-0.4345159395690814,0.0
1759838816.8190863,1,-1.2050001621245956,-0.8299997448920943,-0.7177030444144975,0.0,-1.734999179840088,-0.34999901056289673,-0.7177046537399292,0.0,-1.9499999253864349,0.19700005619322286,-0.4345159395690814,0.0
1759838816.8355508,1,-1.2050001621245956,-0.8299997448920943,-0.7177030444144975,0.0,-1.734999179840088,-0.34999901056289673,-0.7177046537399292,0.0,-1.9499999253864349,0.19700005619322286,-0.4345159395690814,0.0
1759838816.846903,1,-1.2050001621245956,-0.8299997448920943,-0.7177030444144975,0.0,-1.734999179840088,-0.34999901056289673,-0.7177046537399292,0.0,-1.9499999253864349,0.19700005619322286,-0.4345159395690814,0.0
1759838816.8670316,1,-1.2050001621245956,-0.8299997448920943,-0.7177030444144975,0.0,-1.734999179840088,-0.34999901056289673,-0.7177046537399292,0.0,-1.9499999253864349,0.19700005619322286,-0.4345159395690814,0.0
1759838816.8771398,1,-1.2050001621245956,-0.8299997448920943,-0.7177030444144975,0.0,-1.734999179840088,-0.34999901056289673,-0.7177046537399292,0.0,-1.9499999253864349,0.19700005619322286,-0.4345159395690814,0.0
1759838816.8876677,1,-1.2050001621245956,-0.8299997448920943,-0.7177030444144975,0.0,-1.734999179840088,-0.34999901056289673,-0.7177046537399292,0.0,-1.9499999253864349,0.19700005619322286,-0.4345159395690814,0.0
1759838816.8990662,1,-1.2050001621245956,-0.8299997448920943,-0.7177030444144975,0.0,-1.734999179840088,-0.34999901056289673,-0.7177046537399292,0.0,-1.9499999253864349,0.19700005619322286,-0.4345159395690814,0.0
1759838816.9106343,1,-1.2050001621245956,-0.8299997448920943,-0.7177030444144975,0.0,-1.734999179840088,-0.34999901056289673,-0.7177046537399292,0.0,-1.9499999253864349,0.19700005619322286,-0.4345159395690814,0.0
1759838816.9206927,1,-1.2050001621245956,-0.8299997448920943,-0.7177030444144975,0.0,-1.734999179840088,-0.34999901056289673,-0.7177046537399292,0.0,-1.9499999253864349,0.19700005619322286,-0.4345159395690814,0.0
1759838816.9350026,1,-1.2050001621245956,-0.8299997448920943,-0.7177030444144975,0.0,-1.734999179840088,-0.34999901056289673,-0.7177046537399292,0.0,-1.9499999253864349,0.19700005619322286,-0.4345159395690814,0.0
1759838816.946019,1,-1.2050001621245956,-0.8299997448920943,-0.7177030444144975,0.0,-1.734999179840088,-0.34999901056289673,-0.7177046537399292,0.0,-1.9499999253864349,0.19700005619322286,-0.4345159395690814,0.0
1759838816.9579687,1,-1.2050001621245956,-0.8299997448920943,-0.7177030444144975,0.0,-1.734999179840088,-0.34999901056289673,-0.7177046537399292,0.0,-1.9499999253864349,0.19700005619322286,-0.4345159395690814,0.0
1759838816.969462,1,-1.2050001621245956,-0.8299997448920943,-0.7177030444144975,0.0,-1.734999179840088,-0.34999901056289673,-0.7177046537399292,0.0,-1.9499999253864349,0.19700005619322286,-0.4345159395690814,0.0
1759838816.981955,1,-1.2050001621245956,-0.8299997448920943,-0.7177030444144975,0.0,-1.734999179840088,-0.34999901056289673,-0.7177046537399292,0.0,-1.9499999253864349,0.19700005619322286,-0.4345159395690814,0.0
1759838816.9924982,1,-1.2050001621245956,-0.8299997448920943,-0.7177030444144975,0.0,-1.734999179840088,-0.34999901056289673,-0.7177046537399292,0.0,-1.9499999253864349,0.19700005619322286,-0.4345159395690814,0.0
1759838817.0041976,1,-1.2050001621245956,-0.8299997448920943,-0.7177030444144975,0.0,-1.734999179840088,-0.34999901056289673,-0.7177046537399292,0.0,-1.9499999253864349,0.19700005619322286,-0.4345159395690814,0.0
1759838817.0193026,1,-1.2050001621245956,-0.8299997448920943,-0.7177030444144975,0.0,-1.734999179840088,-0.34999901056289673,-0.7177046537399292,0.0,-1.9499999253864349,0.19700005619322286,-0.4345159395690814,0.0
1759838817.0301716,1,-1.2050001621245956,-0.8299997448920943,-0.7177030444144975,0.0,-1.734999179840088,-0.34999901056289673,-0.7177046537399292,0.0,-1.9499999253864349,0.19700005619322286,-0.4345159395690814,0.0
1759838817.042767,1,-1.2050001621245956,-0.8299997448920943,-0.7177030444144975,0.0,-1.734999179840088,-0.34999901056289673,-0.7177046537399292,0.0,-1.9499999253864349,0.19700005619322286,-0.4345159395690814,0.0
1759838817.0534878,1,-1.2050001621245956,-0.8299997448920943,-0.7177030444144975,0.0,-1.734999179840088,-0.34999901056289673,-0.7177046537399292,0.0,-1.9499999253864349,0.19700005619322286,-0.4345159395690814,0.0
1759838817.0684047,1,-1.2050001621245956,-0.8299997448920943,-0.7177030444144975,0.0,-1.734999179840088,-0.34999901056289673,-0.7177046537399292,0.0,-1.9499999253864349,0.19700005619322286,-0.4345159395690814,0.0
1759838817.0785866,1,-1.2050001621245956,-0.8299997448920943,-0.7177030444144975,0.0,-1.734999179840088,-0.34999901056289673,-0.7177046537399292,0.0,-1.9499999253864349,0.19700005619322286,-0.4345159395690814,0.0
1759838817.090399,1,-1.2050001621245956,-0.8299997448920943,-0.7177030444144975,0.0,-1.734999179840088,-0.34999901056289673,-0.7177046537399292,0.0,-1.9499999253864349,0.19700005619322286,-0.4345159395690814,0.0
1759838817.100649,1,-1.2050001621245956,-0.8299997448920943,-0.7177030444144975,0.0,-1.734999179840088,-0.34999901056289673,-0.7177046537399292,0.0,-1.9499999253864349,0.19700005619322286,-0.4345159395690814,0.0
1759838817.1134982,1,-1.2050001621245956,-0.8299997448920943,-0.7177030444144975,0.0,-1.734999179840088,-0.34999901056289673,-0.7177046537399292,0.0,-1.9499999253864349,0.19700005619322286,-0.4345159395690814,0.0
1759838817.125953,1,-1.2050001621245956,-0.8299997448920943,-0.7177030444144975,0.0,-1.734999179840088,-0.34999901056289673,-0.7177046537399292,0.0,-1.9499999253864349,0.19700005619322286,-0.4345159395690814,0.0
1759838817.140799,1,-1.2050001621245956,-0.8299997448920943,-0.7177030444144975,0.0,-1.734999179840088,-0.34999901056289673,-0.7177046537399292,0.0,-1.9499999253864349,0.19700005619322286,-0.4345159395690814,0.0
1759838817.1522808,1,-1.2050001621245956,-0.8299997448920943,-0.7177030444144975,0.0,-1.734999179840088,-0.34999901056289673,-0.7177046537399292,0.0,-1.9499999253864349,0.19700005619322286,-0.4345159395690814,0.0
1759838817.1676767,1,-1.2050001621245956,-0.8299997448920943,-0.7177030444144975,0.0,-1.734999179840088,-0.34999901056289673,-0.7177046537399292,0.0,-1.9499999253864349,0.19700005619322286,-0.4345159395690814,0.0
1759838817.178814,1,-1.2050001621245956,-0.8299997448920943,-0.7177030444144975,0.0,-1.734999179840088,-0.34999901056289673,-0.7177046537399292,0.0,-1.9499999253864349,0.19700005619322286,-0.4345159395690814,0.0
1759838817.1896195,1,-1.2050001621245956,-0.8299997448920943,-0.7177030444144975,0.0,-1.734999179840088,-0.34999901056289673,-0.7177046537399292,0.0,-1.9499999253864349,0.19700005619322286,-0.4345159395690814,0.0
1759838817.2028487,1,-1.2050001621245956,-0.8299997448920943,-0.7177030444144975,0.0,-1.734999179840088,-0.34999901056289673,-0.7177046537399292,0.0,-1.9499999253864349,0.19700005619322286,-0.4345159395690814,0.0
1759838817.2142203,1,-1.2050001621245956,-0.8299997448920943,-0.7177030444144975,0.0,-1.734999179840088,-0.34999901056289673,-0.7177046537399292,0.0,-1.9499999253864349,0.19700005619322286,-0.4345159395690814,0.0
1759838817.2291822,1,-1.2050001621245956,-0.8299997448920943,-0.7177030444144975,0.0,-1.734999179840088,-0.34999901056289673,-0.7177046537399292,0.0,-1.9499999253864349,0.19700005619322286,-0.4345159395690814,0.0
1759838817.2393312,1,-1.2050001621245956,-0.8299997448920943,-0.7177030444144975,0.0,-1.734999179840088,-0.34999901056289673,-0.7177046537399292,0.0,-1.9499999253864349,0.19700005619322286,-0.4345159395690814,0.0
1759838817.2500863,1,-1.2050001621245956,-0.8299997448920943,-0.7177030444144975,0.0,-1.734999179840088,-0.34999901056289673,-0.7177046537399292,0.0,-1.9499999253864349,0.19700005619322286,-0.4345159395690814,0.0
1759838817.270382,1,-1.2050001621245956,-0.8299997448920943,-0.7177030444144975,0.0,-1.734999179840088,-0.34999901056289673,-0.7177046537399292,0.0,-1.9499999253864349,0.19700005619322286,-0.4345159395690814,0.0
1759838817.2821262,1,-1.2050001621245956,-0.8299997448920943,-0.7177030444144975,0.0,-1.734999179840088,-0.34999901056289673,-0.7177046537399292,0.0,-1.9499999253864349,0.19700005619322286,-0.4345159395690814,0.0
1759838817.2934997,1,-1.2050001621245956,-0.8299997448920943,-0.7177030444144975,0.0,-1.734999179840088,-0.34999901056289673,-0.7177046537399292,0.0,-1.9499999253864349,0.19700005619322286,-0.4345159395690814,0.0
1759838817.3046813,1,-1.2050001621245956,-0.8299997448920943,-0.7177030444144975,0.0,-1.734999179840088,-0.34999901056289673,-0.7177046537399292,0.0,-1.9499999253864349,0.19700005619322286,-0.4345159395690814,0.0
1759838817.322655,1,-1.2050001621245956,-0.8299997448920943,-0.7177030444144975,0.0,-1.734999179840088,-0.34999901056289673,-0.7177046537399292,0.0,-1.9499999253864349,0.19700005619322286,-0.4345159395690814,0.0
1759838817.3328586,1,-1.2050001621245956,-0.8299997448920943,-0.7177030444144975,0.0,-1.734999179840088,-0.34999901056289673,-0.7177046537399292,0.0,-1.9499999253864349,0.19700005619322286,-0.4345159395690814,0.0
1759838817.34785,1,-1.2050001621245956,-0.8299997448920943,-0.7177030444144975,0.0,-1.734999179840088,-0.34999901056289673,-0.7177046537399292,0.0,-1.9499999253864349,0.19700005619322286,-0.4345159395690814,0.0
1759838817.3587263,1,-1.2050001621245956,-0.8299997448920943,-0.7177030444144975,0.0,-1.734999179840088,-0.34999901056289673,-0.7177046537399292,0.0,-1.9499999253864349,0.19700005619322286,-0.4345159395690814,0.0
1759838817.3725963,1,-1.2050001621245956,-0.8299997448920943,-0.7177030444144975,0.0,-1.734999179840088,-0.34999901056289673,-0.7177046537399292,0.0,-1.9499999253864349,0.19700005619322286,-0.4345159395690814,0.0
1759838817.3827317,1,-1.2050001621245956,-0.8299997448920943,-0.7177030444144975,0.0,-1.734999179840088,-0.34999901056289673,-0.7177046537399292,0.0,-1.9499999253864349,0.19700005619322286,-0.4345159395690814,0.0
1759838817.398329,1,-1.2050001621245956,-0.8299997448920943,-0.7177030444144975,0.0,-1.734999179840088,-0.34999901056289673,-0.7177046537399292,0.0,-1.9499999253864349,0.19700005619322286,-0.4345159395690814,0.0
1759838817.4085672,1,-1.2050001621245956,-0.8299997448920943,-0.7177030444144975,0.0,-1.734999179840088,-0.34999901056289673,-0.7177046537399292,0.0,-1.9499999253864349,0.19700005619322286,-0.4345159395690814,0.0
1759838817.423727,1,-1.2050001621245956,-0.8299997448920943,-0.7177030444144975,0.0,-1.734999179840088,-0.34999901056289673,-0.7177046537399292,0.0,-1.9499999253864349,0.19700005619322286,-0.4345159395690814,0.0
1759838817.434922,1,-1.2050001621245956,-0.8299997448920943,-0.7177030444144975,0.0,-1.734999179840088,-0.34999901056289673,-0.7177046537399292,0.0,-1.9499999253864349,0.19700005619322286,-0.4345159395690814,0.0
1759838817.4476101,1,-1.2050001621245956,-0.8299997448920943,-0.7177030444144975,0.0,-1.734999179840088,-0.34999901056289673,-0.7177046537399292,0.0,-1.9499999253864349,0.19700005619322286,-0.4345159395690814,0.0
1759838817.458061,1,-1.2050001621245956,-0.8299997448920943,-0.7177030444144975,0.0,-1.734999179840088,-0.34999901056289673,-0.7177046537399292,0.0,-1.9499999253864349,0.19700005619322286,-0.4345159395690814,0.0
1759838817.479637,1,-1.2050001621245956,-0.8299997448920943,-0.7177030444144975,0.0,-1.734999179840088,-0.34999901056289673,-0.7177046537399292,0.0,-1.9499999253864349,0.19700005619322286,-0.4345159395690814,0.0
1759838817.4887612,1,-1.2050001621245956,-0.8299997448920943,-0.7177030444144975,0.0,-1.734999179840088,-0.34999901056289673,-0.7177046537399292,0.0,-1.9499999253864349,0.19700005619322286,-0.4345159395690814,0.0
1759838817.500258,1,-1.2050001621245956,-0.8299997448920943,-0.7177030444144975,0.0,-1.734999179840088,-0.34999901056289673,-0.7177046537399292,0.0,-1.9499999253864349,0.19700005619322286,-0.4345159395690814,0.0
1759838817.5139618,1,-1.2050001621245956,-0.8299997448920943,-0.7177030444144975,0.0,-1.734999179840088,-0.34999901056289673,-0.7177046537399292,0.0,-1.9499999253864349,0.19700005619322286,-0.4345159395690814,0.0
1759838817.5244474,1,-1.2050001621245956,-0.8299997448920943,-0.7177030444144975,0.0,-1.734999179840088,-0.34999901056289673,-0.7177046537399292,0.0,-1.9499999253864349,0.19700005619322286,-0.4345159395690814,0.0
1759838817.5359883,1,-1.2050001621245956,-0.8299997448920943,-0.7177030444144975,0.0,-1.734999179840088,-0.34999901056289673,-0.7177046537399292,0.0,-1.9499999253864349,0.19700005619322286,-0.4345159395690814,0.0
1759838817.5474722,1,-1.2050001621245956,-0.8299997448920943,-0.7177030444144975,0.0,-1.734999179840088,-0.34999901056289673,-0.7177046537399292,0.0,-1.9499999253864349,0.19700005619322286,-0.4345159395690814,0.0
1759838817.5613914,1,-1.2050001621245956,-0.8299997448920943,-0.7177030444144975,0.0,-1.734999179840088,-0.34999901056289673,-0.7177046537399292,0.0,-1.9499999253864349,0.19700005619322286,-0.4345159395690814,0.0
1759838817.572544,1,-1.2050001621245956,-0.8299997448920943,-0.7177030444144975,0.0,-1.734999179840088,-0.34999901056289673,-0.7177046537399292,0.0,-1.9499999253864349,0.19700005619322286,-0.4345159395690814,0.0
1759838817.584449,1,-1.2050001621245956,-0.8299997448920943,-0.7177030444144975,0.0,-1.734999179840088,-0.34999901056289673,-0.7177046537399292,0.0,-1.9499999253864349,0.19700005619322286,-0.4345159395690814,0.0
1759838817.595681,1,-1.2050001621245956,-0.8299997448920943,-0.7177030444144975,0.0,-1.734999179840088,-0.34999901056289673,-0.7177046537399292,0.0,-1.9499999253864349,0.19700005619322286,-0.4345159395690814,0.0
1759838817.606373,1,-1.2050001621245956,-0.8299997448920943,-0.7177030444144975,0.0,-1.734999179840088,-0.34999901056289673,-0.7177046537399292,0.0,-1.9499999253864349,0.19700005619322286,-0.4345159395690814,0.0
1759838817.6169379,1,-1.2050001621245956,-0.8299997448920943,-0.7177030444144975,0.0,-1.734999179840088,-0.34999901056289673,-0.7177046537399292,0.0,-1.9499999253864349,0.19700005619322286,-0.4345159395690814,0.0
1759838817.6285267,1,-1.2050001621245956,-0.8299997448920943,-0.7177030444144975,0.0,-1.734999179840088,-0.34999901056289673,-0.7177046537399292,0.0,-1.9499999253864349,0.19700005619322286,-0.4345159395690814,0.0
1759838817.6410317,1,-1.2050001621245956,-0.8299997448920943,-0.7177030444144975,0.0,-1.734999179840088,-0.34999901056289673,-0.7177046537399292,0.0,-1.9499999253864349,0.19700005619322286,-0.4345159395690814,0.0
1759838817.6511495,1,-1.2050001621245956,-0.8299997448920943,-0.7177030444144975,0.0,-1.734999179840088,-0.34999901056289673,-0.7177046537399292,0.0,-1.9499999253864349,0.19700005619322286,-0.4345159395690814,0.0
1759838817.66334,1,-1.2050001621245956,-0.8299997448920943,-0.7177030444144975,0.0,-1.734999179840088,-0.34999901056289673,-0.7177046537399292,0.0,-1.9499999253864349,0.19700005619322286,-0.4345159395690814,0.0
1759838817.6798368,1,-1.2050001621245956,-0.8299997448920943,-0.7177030444144975,0.0,-1.734999179840088,-0.34999901056289673,-0.7177046537399292,0.0,-1.9499999253864349,0.19700005619322286,-0.4345159395690814,0.0
1759838817.690653,1,-1.2050001621245956,-0.8299997448920943,-0.7177030444144975,0.0,-1.734999179840088,-0.34999901056289673,-0.7177046537399292,0.0,-1.9499999253864349,0.19700005619322286,-0.4345159395690814,0.0
1759838817.7029824,1,-1.2050001621245956,-0.8299997448920943,-0.7177030444144975,0.0,-1.734999179840088,-0.34999901056289673,-0.7177046537399292,0.0,-1.9499999253864349,0.19700005619322286,-0.4345159395690814,0.0
1759838817.7132018,1,-1.2050001621245956,-0.8299997448920943,-0.7177030444144975,0.0,-1.734999179840088,-0.34999901056289673,-0.7177046537399292,0.0,-1.9499999253864349,0.19700005619322286,-0.4345159395690814,0.0
1759838817.726179,1,-1.2050001621245956,-0.8299997448920943,-0.7177030444144975,0.0,-1.734999179840088,-0.34999901056289673,-0.7177046537399292,0.0,-1.9499999253864349,0.19700005619322286,-0.4345159395690814,0.0
1759838817.7364645,1,-1.2050001621245956,-0.8299997448920943,-0.7177030444144975,0.0,-1.734999179840088,-0.34999901056289673,-0.7177046537399292,0.0,-1.9499999253864349,0.19700005619322286,-0.4345159395690814,0.0
1759838817.7477787,1,-1.2050001621245956,-0.8299997448920943,-0.7177030444144975,0.0,-1.734999179840088,-0.34999901056289673,-0.7177046537399292,0.0,-1.9499999253864349,0.19700005619322286,-0.4345159395690814,0.0
1759838817.7625232,1,-1.2050001621245956,-0.8299997448920943,-0.7177030444144975,0.0,-1.734999179840088,-0.34999901056289673,-0.7177046537399292,0.0,-1.9499999253864349,0.19700005619322286,-0.4345159395690814,0.0
1759838817.772883,1,-1.2050001621245956,-0.8299997448920943,-0.7177030444144975,0.0,-1.734999179840088,-0.34999901056289673,-0.7177046537399292,0.0,-1.9499999253864349,0.19700005619322286,-0.4345159395690814,0.0
1759838817.7849584,1,-1.2050001621245956,-0.8299997448920943,-0.7177030444144975,0.0,-1.734999179840088,-0.34999901056289673,-0.7177046537399292,0.0,-1.9499999253864349,0.19700005619322286,-0.4345159395690814,0.0
1759838817.7961931,1,-1.2050001621245956,-0.8299997448920943,-0.7177030444144975,0.0,-1.734999179840088,-0.34999901056289673,-0.7177046537399292,0.0,-1.9499999253864349,0.19700005619322286,-0.4345159395690814,0.0
1759838817.8066478,1,-1.2050001621245956,-0.8299997448920943,-0.7177030444144975,0.0,-1.734999179840088,-0.34999901056289673,-0.7177046537399292,0.0,-1.9499999253864349,0.19700005619322286,-0.4345159395690814,0.0
1759838817.8171172,1,-1.2050001621245956,-0.8299997448920943,-0.7177030444144975,0.0,-1.734999179840088,-0.34999901056289673,-0.7177046537399292,0.0,-1.9499999253864349,0.19700005619322286,-0.4345159395690814,0.0
1759838817.8278706,1,-1.2050001621245956,-0.8299997448920943,-0.7177030444144975,0.0,-1.734999179840088,-0.34999901056289673,-0.7177046537399292,0.0,-1.9499999253864349,0.19700005619322286,-0.4345159395690814,0.0
1759838817.8418257,1,-1.2050001621245956,-0.8299997448920943,-0.7177030444144975,0.0,-1.734999179840088,-0.34999901056289673,-0.7177046537399292,0.0,-1.9499999253864349,0.19700005619322286,-0.4345159395690814,0.0
1759838817.8521063,1,-1.2050001621245956,-0.8299997448920943,-0.7177030444144975,0.0,-1.734999179840088,-0.34999901056289673,-0.7177046537399292,0.0,-1.9499999253864349,0.19700005619322286,-0.4345159395690814,0.0
1759838817.8625598,1,-1.2050001621245956,-0.8299997448920943,-0.7177030444144975,0.0,-1.734999179840088,-0.34999901056289673,-0.7177046537399292,0.0,-1.9499999253864349,0.19700005619322286,-0.4345159395690814,0.0
1759838817.8758337,1,-1.2050001621245956,-0.8299997448920943,-0.7177030444144975,0.0,-1.734999179840088,-0.34999901056289673,-0.7177046537399292,0.0,-1.9499999253864349,0.19700005619322286,-0.4345159395690814,0.0
1759838817.8852742,1,-1.2050001621245956,-0.8299997448920943,-0.7177030444144975,0.0,-1.734999179840088,-0.34999901056289673,-0.7177046537399292,0.0,-1.9499999253864349,0.19700005619322286,-0.4345159395690814,0.0
1759838817.8957162,1,-1.2050001621245956,-0.8299997448920943,-0.7177030444144975,0.0,-1.734999179840088,-0.34999901056289673,-0.7177046537399292,0.0,-1.9499999253864349,0.19700005619322286,-0.4345159395690814,0.0
1759838817.9077027,1,-1.2050001621245956,-0.8299997448920943,-0.7177030444144975,0.0,-1.734999179840088,-0.34999901056289673,-0.7177046537399292,0.0,-1.9499999253864349,0.19700005619322286,-0.4345159395690814,0.0
1759838817.917732,1,-1.2050001621245956,-0.8299997448920943,-0.7177030444144975,0.0,-1.734999179840088,-0.34999901056289673,-0.7177046537399292,0.0,-1.9499999253864349,0.19700005619322286,-0.4345159395690814,0.0
1759838817.9296618,1,-1.2050001621245956,-0.8299997448920943,-0.7177030444144975,0.0,-1.734999179840088,-0.34999901056289673,-0.7177046537399292,0.0,-1.9499999253864349,0.19700005619322286,-0.4345159395690814,0.0
1759838817.9404044,1,-1.2050001621245956,-0.8299997448920943,-0.7177030444144975,0.0,-1.734999179840088,-0.34999901056289673,-0.7177046537399292,0.0,-1.9499999253864349,0.19700005619322286,-0.4345159395690814,0.0
1759838817.9508846,1,-1.2050001621245956,-0.8299997448920943,-0.7177030444144975,0.0,-1.734999179840088,-0.34999901056289673,-0.7177046537399292,0.0,-1.9499999253864349,0.19700005619322286,-0.4345159395690814,0.0
1759838817.9611483,1,-1.2050001621245956,-0.8299997448920943,-0.7177030444144975,0.0,-1.734999179840088,-0.34999901056289673,-0.7177046537399292,0.0,-1.9499999253864349,0.19700005619322286,-0.4345159395690814,0.0
1759838817.9725251,1,-1.2050001621245956,-0.8299997448920943,-0.7177030444144975,0.0,-1.734999179840088,-0.34999901056289673,-0.7177046537399292,0.0,-1.9499999253864349,0.19700005619322286,-0.4345159395690814,0.0
1759838817.9827616,1,-1.2050001621245956,-0.8299997448920943,-0.7177030444144975,0.0,-1.734999179840088,-0.34999901056289673,-0.7177046537399292,0.0,-1.9499999253864349,0.19700005619322286,-0.4345159395690814,0.0
1759838817.9934406,1,-1.2050001621245956,-0.8299997448920943,-0.7177030444144975,0.0,-1.734999179840088,-0.34999901056289673,-0.7177046537399292,0.0,-1.9499999253864349,0.19700005619322286,-0.4345159395690814,0.0
1759838818.0037038,1,-1.2050001621245956,-0.8299997448920943,-0.7177030444144975,0.0,-1.734999179840088,-0.34999901056289673,-0.7177046537399292,0.0,-1.9499999253864349,0.19700005619322286,-0.4345159395690814,0.0
1759838818.0140033,1,-1.2050001621245956,-0.8299997448920943,-0.7177030444144975,0.0,-1.734999179840088,-0.34999901056289673,-0.7177046537399292,0.0,-1.9499999253864349,0.19700005619322286,-0.4345159395690814,0.0
1759838818.0240781,1,-1.2050001621245956,-0.8299997448920943,-0.7177030444144975,0.0,-1.734999179840088,-0.34999901056289673,-0.7177046537399292,0.0,-1.9499999253864349,0.19700005619322286,-0.4345159395690814,0.0
1759838818.0355997,1,-1.2050001621245956,-0.8299997448920943,-0.7177030444144975,0.0,-1.734999179840088,-0.34999901056289673,-0.7177046537399292,0.0,-1.9499999253864349,0.19700005619322286,-0.4345159395690814,0.0
1759838818.0459578,1,-1.2050001621245956,-0.8299997448920943,-0.7177030444144975,0.0,-1.734999179840088,-0.34999901056289673,-0.7177046537399292,0.0,-1.9499999253864349,0.19700005619322286,-0.4345159395690814,0.0
1759838818.056845,1,-1.2050001621245956,-0.8299997448920943,-0.7177030444144975,0.0,-1.734999179840088,-0.34999901056289673,-0.7177046537399292,0.0,-1.9499999253864349,0.19700005619322286,-0.4345159395690814,0.0
1759838818.068302,1,-1.2050001621245956,-0.8299997448920943,-0.7177030444144975,0.0,-1.734999179840088,-0.34999901056289673,-0.7177046537399292,0.0,-1.9499999253864349,0.19700005619322286,-0.4345159395690814,0.0
1759838818.0841467,1,-1.2050001621245956,-0.8299997448920943,-0.7177030444144975,0.0,-1.734999179840088,-0.34999901056289673,-0.7177046537399292,0.0,-1.9499999253864349,0.19700005619322286,-0.4345159395690814,0.0
1759838818.0934143,1,-1.2050001621245956,-0.8299997448920943,-0.7177030444144975,0.0,-1.734999179840088,-0.34999901056289673,-0.7177046537399292,0.0,-1.9499999253864349,0.19700005619322286,-0.4345159395690814,0.0
1759838818.104724,1,-1.2050001621245956,-0.8299997448920943,-0.7177030444144975,0.0,-1.734999179840088,-0.34999901056289673,-0.7177046537399292,0.0,-1.9499999253864349,0.19700005619322286,-0.4345159395690814,0.0
1759838818.1161325,1,-1.2050001621245956,-0.8299997448920943,-0.7177030444144975,0.0,-1.734999179840088,-0.34999901056289673,-0.7177046537399292,0.0,-1.9499999253864349,0.19700005619322286,-0.4345159395690814,0.0
1759838818.1275957,1,-1.2050001621245956,-0.8299997448920943,-0.7177030444144975,0.0,-1.734999179840088,-0.34999901056289673,-0.7177046537399292,0.0,-1.9499999253864349,0.19700005619322286,-0.4345159395690814,0.0
1759838818.1383946,1,-1.2050001621245956,-0.8299997448920943,-0.7177030444144975,0.0,-1.734999179840088,-0.34999901056289673,-0.7177046537399292,0.0,-1.9499999253864349,0.19700005619322286,-0.4345159395690814,0.0
1759838818.148402,1,-1.2050001621245956,-0.8299997448920943,-0.7177030444144975,0.0,-1.734999179840088,-0.34999901056289673,-0.7177046537399292,0.0,-1.9499999253864349,0.19700005619322286,-0.4345159395690814,0.0
1759838818.1591332,1,-1.2050001621245956,-0.8299997448920943,-0.7177030444144975,0.0,-1.734999179840088,-0.34999901056289673,-0.7177046537399292,0.0,-1.9499999253864349,0.19700005619322286,-0.4345159395690814,0.0
1759838818.1702564,1,-1.2050001621245956,-0.8299997448920943,-0.7177030444144975,0.0,-1.734999179840088,-0.34999901056289673,-0.7177046537399292,0.0,-1.9499999253864349,0.19700005619322286,-0.4345159395690814,0.0
1759838818.1834426,1,-1.2050001621245956,-0.8299997448920943,-0.7177030444144975,0.0,-1.734999179840088,-0.34999901056289673,-0.7177046537399292,0.0,-1.9499999253864349,0.19700005619322286,-0.4345159395690814,0.0
1759838818.1946023,1,-1.2050001621245956,-0.8299997448920943,-0.7177030444144975,0.0,-1.734999179840088,-0.34999901056289673,-0.7177046537399292,0.0,-1.9499999253864349,0.19700005619322286,-0.4345159395690814,0.0
1759838818.2048926,1,-1.2050001621245956,-0.8299997448920943,-0.7177030444144975,0.0,-1.734999179840088,-0.34999901056289673,-0.7177046537399292,0.0,-1.9499999253864349,0.19700005619322286,-0.4345159395690814,0.0
1759838818.2156339,1,-1.2050001621245956,-0.8299997448920943,-0.7177030444144975,0.0,-1.734999179840088,-0.34999901056289673,-0.7177046537399292,0.0,-1.9499999253864349,0.19700005619322286,-0.4345159395690814,0.0
1759838818.2265582,1,-1.2050001621245956,-0.8299997448920943,-0.7177030444144975,0.0,-1.734999179840088,-0.34999901056289673,-0.7177046537399292,0.0,-1.9499999253864349,0.19700005619322286,-0.4345159395690814,0.0
1759838818.2382474,1,-1.2050001621245956,-0.8299997448920943,-0.7177030444144975,0.0,-1.734999179840088,-0.34999901056289673,-0.7177046537399292,0.0,-1.9499999253864349,0.19700005619322286,-0.4345159395690814,0.0
1759838818.2494795,1,-1.2050001621245956,-0.8299997448920943,-0.7177030444144975,0.0,-1.734999179840088,-0.34999901056289673,-0.7177046537399292,0.0,-1.9499999253864349,0.19700005619322286,-0.4345159395690814,0.0
1759838818.2597475,1,-1.2050001621245956,-0.8299997448920943,-0.7177030444144975,0.0,-1.734999179840088,-0.34999901056289673,-0.7177046537399292,0.0,-1.9499999253864349,0.19700005619322286,-0.4345159395690814,0.0
1759838818.2720437,1,-1.2050001621245956,-0.8299997448920943,-0.7177030444144975,0.0,-1.734999179840088,-0.34999901056289673,-0.7177046537399292,0.0,-1.9499999253864349,0.19700005619322286,-0.4345159395690814,0.0
1759838818.2900286,1,-1.2050001621245956,-0.8299997448920943,-0.7177030444144975,0.0,-1.734999179840088,-0.34999901056289673,-0.7177046537399292,0.0,-1.9499999253864349,0.19700005619322286,-0.4345159395690814,0.0
1759838818.2992344,1,-1.2050001621245956,-0.8299997448920943,-0.7177030444144975,0.0,-1.734999179840088,-0.34999901056289673,-0.7177046537399292,0.0,-1.9499999253864349,0.19700005619322286,-0.4345159395690814,0.0
1759838818.3102114,1,-1.2050001621245956,-0.8299997448920943,-0.7177030444144975,0.0,-1.734999179840088,-0.34999901056289673,-0.7177046537399292,0.0,-1.9499999253864349,0.19700005619322286,-0.4345159395690814,0.0
1759838818.3212085,1,-1.2050001621245956,-0.8299997448920943,-0.7177030444144975,0.0,-1.734999179840088,-0.34999901056289673,-0.7177046537399292,0.0,-1.9499999253864349,0.19700005619322286,-0.4345159395690814,0.0
1759838818.331564,1,-1.2050001621245956,-0.8299997448920943,-0.7177030444144975,0.0,-1.734999179840088,-0.34999901056289673,-0.7177046537399292,0.0,-1.9499999253864349,0.19700005619322286,-0.4345159395690814,0.0
1759838818.34207,1,-1.2050001621245956,-0.8299997448920943,-0.7177030444144975,0.0,-1.734999179840088,-0.34999901056289673,-0.7177046537399292,0.0,-1.9499999253864349,0.19700005619322286,-0.4345159395690814,0.0
1759838818.3565152,1,-1.2050001621245956,-0.8299997448920943,-0.7177030444144975,0.0,-1.734999179840088,-0.34999901056289673,-0.7177046537399292,0.0,-1.9499999253864349,0.19700005619322286,-0.4345159395690814,0.0
1759838818.36685,1,-1.2050001621245956,-0.8299997448920943,-0.7177030444144975,0.0,-1.734999179840088,-0.34999901056289673,-0.7177046537399292,0.0,-1.9499999253864349,0.19700005619322286,-0.4345159395690814,0.0
1759838818.3787985,1,-1.2050001621245956,-0.8299997448920943,-0.7177030444144975,0.0,-1.734999179840088,-0.34999901056289673,-0.7177046537399292,0.0,-1.9499999253864349,0.19700005619322286,-0.4345159395690814,0.0
1759838818.3940842,1,-1.2050001621245956,-0.8299997448920943,-0.7177030444144975,0.0,-1.734999179840088,-0.34999901056289673,-0.7177046537399292,0.0,-1.9499999253864349,0.19700005619322286,-0.4345159395690814,0.0
1759838818.4042668,1,-1.2050001621245956,-0.8299997448920943,-0.7177030444144975,0.0,-1.734999179840088,-0.34999901056289673,-0.7177046537399292,0.0,-1.9499999253864349,0.19700005619322286,-0.4345159395690814,0.0
1759838818.414436,1,-1.2050001621245956,-0.8299997448920943,-0.7177030444144975,0.0,-1.734999179840088,-0.34999901056289673,-0.7177046537399292,0.0,-1.9499999253864349,0.19700005619322286,-0.4345159395690814,0.0
1759838818.4253104,1,-1.2050001621245956,-0.8299997448920943,-0.7177030444144975,0.0,-1.734999179840088,-0.34999901056289673,-0.7177046537399292,0.0,-1.9499999253864349,0.19700005619322286,-0.4345159395690814,0.0
1759838818.4366994,1,-1.2050001621245956,-0.8299997448920943,-0.7177030444144975,0.0,-1.734999179840088,-0.34999901056289673,-0.7177046537399292,0.0,-1.9499999253864349,0.19700005619322286,-0.4345159395690814,0.0
1759838818.4476547,1,-1.2050001621245956,-0.8299997448920943,-0.7177030444144975,0.0,-1.734999179840088,-0.34999901056289673,-0.7177046537399292,0.0,-1.9499999253864349,0.19700005619322286,-0.4345159395690814,0.0
1759838818.4589055,1,-1.2050001621245956,-0.8299997448920943,-0.7177030444144975,0.0,-1.734999179840088,-0.34999901056289673,-0.7177046537399292,0.0,-1.9499999253864349,0.19700005619322286,-0.4345159395690814,0.0
1759838818.471618,1,-1.2050001621245956,-0.8299997448920943,-0.7177030444144975,0.0,-1.734999179840088,-0.34999901056289673,-0.7177046537399292,0.0,-1.9499999253864349,0.19700005619322286,-0.4345159395690814,0.0
1759838818.4821982,1,-1.2050001621245956,-0.8299997448920943,-0.7177030444144975,0.0,-1.734999179840088,-0.34999901056289673,-0.7177046537399292,0.0,-1.9499999253864349,0.19700005619322286,-0.4345159395690814,0.0
1759838818.49878,1,-1.2050001621245956,-0.8299997448920943,-0.7177030444144975,0.0,-1.734999179840088,-0.34999901056289673,-0.7177046537399292,0.0,-1.9499999253864349,0.19700005619322286,-0.4345159395690814,0.0
1759838818.5080352,1,-1.2050001621245956,-0.8299997448920943,-0.7177030444144975,0.0,-1.734999179840088,-0.34999901056289673,-0.7177046537399292,0.0,-1.9499999253864349,0.19700005619322286,-0.4345159395690814,0.0
1759838818.5191178,1,-1.2050001621245956,-0.8299997448920943,-0.7177030444144975,0.0,-1.734999179840088,-0.34999901056289673,-0.7177046537399292,0.0,-1.9499999253864349,0.19700005619322286,-0.4345159395690814,0.0
1759838818.529963,1,-1.2050001621245956,-0.8299997448920943,-0.7177030444144975,0.0,-1.734999179840088,-0.34999901056289673,-0.7177046537399292,0.0,-1.9499999253864349,0.19700005619322286,-0.4345159395690814,0.0
1759838818.5415037,1,-1.2050001621245956,-0.8299997448920943,-0.7177030444144975,0.0,-1.734999179840088,-0.34999901056289673,-0.7177046537399292,0.0,-1.9499999253864349,0.19700005619322286,-0.4345159395690814,0.0
1759838818.5525038,1,-1.2050001621245956,-0.8299997448920943,-0.7177030444144975,0.0,-1.734999179840088,-0.34999901056289673,-0.7177046537399292,0.0,-1.9499999253864349,0.19700005619322286,-0.4345159395690814,0.0
1759838818.5646417,1,-1.2050001621245956,-0.8299997448920943,-0.7177030444144975,0.0,-1.734999179840088,-0.34999901056289673,-0.7177046537399292,0.0,-1.9499999253864349,0.19700005619322286,-0.4345159395690814,0.0
1759838818.5751154,1,-1.2050001621245956,-0.8299997448920943,-0.7177030444144975,0.0,-1.734999179840088,-0.34999901056289673,-0.7177046537399292,0.0,-1.9499999253864349,0.19700005619322286,-0.4345159395690814,0.0
1759838818.5867655,1,-1.2050001621245956,-0.8299997448920943,-0.7177030444144975,0.0,-1.734999179840088,-0.34999901056289673,-0.7177046537399292,0.0,-1.9499999253864349,0.19700005619322286,-0.4345159395690814,0.0
1759838818.597875,1,-1.2050001621245956,-0.8299997448920943,-0.7177030444144975,0.0,-1.734999179840088,-0.34999901056289673,-0.7177046537399292,0.0,-1.9499999253864349,0.19700005619322286,-0.4345159395690814,0.0
1759838818.6082108,1,-1.2050001621245956,-0.8299997448920943,-0.7177030444144975,0.0,-1.734999179840088,-0.34999901056289673,-0.7177046537399292,0.0,-1.9499999253864349,0.19700005619322286,-0.4345159395690814,0.0
1759838818.6205137,1,-1.2050001621245956,-0.8299997448920943,-0.7177030444144975,0.0,-1.734999179840088,-0.34999901056289673,-0.7177046537399292,0.0,-1.9499999253864349,0.19700005619322286,-0.4345159395690814,0.0
1759838818.6317272,1,-1.2050001621245956,-0.8299997448920943,-0.7177030444144975,0.0,-1.734999179840088,-0.34999901056289673,-0.7177046537399292,0.0,-1.9499999253864349,0.19700005619322286,-0.4345159395690814,0.0
1759838818.6433723,1,-1.2050001621245956,-0.8299997448920943,-0.7177030444144975,0.0,-1.734999179840088,-0.34999901056289673,-0.7177046537399292,0.0,-1.9499999253864349,0.19700005619322286,-0.4345159395690814,0.0
1759838818.654352,1,-1.2050001621245956,-0.8299997448920943,-0.7177030444144975,0.0,-1.734999179840088,-0.34999901056289673,-0.7177046537399292,0.0,-1.9499999253864349,0.19700005619322286,-0.4345159395690814,0.0
1759838818.6659884,1,-1.2050001621245956,-0.8299997448920943,-0.7177030444144975,0.0,-1.734999179840088,-0.34999901056289673,-0.7177046537399292,0.0,-1.9499999253864349,0.19700005619322286,-0.4345159395690814,0.0
1759838818.6768281,1,-1.2050001621245956,-0.8299997448920943,-0.7177030444144975,0.0,-1.734999179840088,-0.34999901056289673,-0.7177046537399292,0.0,-1.9499999253864349,0.19700005619322286,-0.4345159395690814,0.0
1759838818.688135,1,-1.2050001621245956,-0.8299997448920943,-0.7177030444144975,0.0,-1.734999179840088,-0.34999901056289673,-0.7177046537399292,0.0,-1.9499999253864349,0.19700005619322286,-0.4345159395690814,0.0
1759838818.7045314,1,-1.2050001621245956,-0.8299997448920943,-0.7177030444144975,0.0,-1.734999179840088,-0.34999901056289673,-0.7177046537399292,0.0,-1.9499999253864349,0.19700005619322286,-0.4345159395690814,0.0
1759838818.7124536,1,-1.2050001621245956,-0.8299997448920943,-0.7177030444144975,0.0,-1.734999179840088,-0.34999901056289673,-0.7177046537399292,0.0,-1.9499999253864349,0.19700005619322286,-0.4345159395690814,0.0
1759838818.7237756,1,-1.2050001621245956,-0.8299997448920943,-0.7177030444144975,0.0,-1.734999179840088,-0.34999901056289673,-0.7177046537399292,0.0,-1.9499999253864349,0.19700005619322286,-0.4345159395690814,0.0
1759838818.7345486,1,-1.2050001621245956,-0.8299997448920943,-0.7177030444144975,0.0,-1.734999179840088,-0.34999901056289673,-0.7177046537399292,0.0,-1.9499999253864349,0.19700005619322286,-0.4345159395690814,0.0
1759838818.7462692,1,-1.2050001621245956,-0.8299997448920943,-0.7177030444144975,0.0,-1.734999179840088,-0.34999901056289673,-0.7177046537399292,0.0,-1.9499999253864349,0.19700005619322286,-0.4345159395690814,0.0
1759838818.7573743,1,-1.2050001621245956,-0.8299997448920943,-0.7177030444144975,0.0,-1.734999179840088,-0.34999901056289673,-0.7177046537399292,0.0,-1.9499999253864349,0.19700005619322286,-0.4345159395690814,0.0
1759838818.7680166,1,-1.2050001621245956,-0.8299997448920943,-0.7177030444144975,0.0,-1.734999179840088,-0.34999901056289673,-0.7177046537399292,0.0,-1.9499999253864349,0.19700005619322286,-0.4345159395690814,0.0
1759838818.780315,1,-1.2050001621245956,-0.8299997448920943,-0.7177030444144975,0.0,-1.734999179840088,-0.34999901056289673,-0.7177046537399292,0.0,-1.9499999253864349,0.19700005619322286,-0.4345159395690814,0.0
1759838818.7935617,1,-1.2050001621245956,-0.8299997448920943,-0.7177030444144975,0.0,-1.734999179840088,-0.34999901056289673,-0.7177046537399292,0.0,-1.9499999253864349,0.19700005619322286,-0.4345159395690814,0.0
1759838818.8042986,1,-1.2050001621245956,-0.8299997448920943,-0.7177030444144975,0.0,-1.734999179840088,-0.34999901056289673,-0.7177046537399292,0.0,-1.9499999253864349,0.19700005619322286,-0.4345159395690814,0.0
1759838818.8156013,1,-1.2050001621245956,-0.8299997448920943,-0.7177030444144975,0.0,-1.734999179840088,-0.34999901056289673,-0.7177046537399292,0.0,-1.9499999253864349,0.19700005619322286,-0.4345159395690814,0.0
1759838818.8260562,1,-1.2050001621245956,-0.8299997448920943,-0.7177030444144975,0.0,-1.734999179840088,-0.34999901056289673,-0.7177046537399292,0.0,-1.9499999253864349,0.19700005619322286,-0.4345159395690814,0.0
1759838818.836092,1,-1.2050001621245956,-0.8299997448920943,-0.7177030444144975,0.0,-1.734999179840088,-0.34999901056289673,-0.7177046537399292,0.0,-1.9499999253864349,0.19700005619322286,-0.4345159395690814,0.0
1759838818.8463266,1,-1.2050001621245956,-0.8299997448920943,-0.7177030444144975,0.0,-1.734999179840088,-0.34999901056289673,-0.7177046537399292,0.0,-1.9499999253864349,0.19700005619322286,-0.4345159395690814,0.0
1759838818.856504,1,-1.2050001621245956,-0.8299997448920943,-0.7177030444144975,0.0,-1.734999179840088,-0.34999901056289673,-0.7177046537399292,0.0,-1.9499999253864349,0.19700005619322286,-0.4345159395690814,0.0
1759838818.867367,1,-1.2050001621245956,-0.8299997448920943,-0.7177030444144975,0.0,-1.734999179840088,-0.34999901056289673,-0.7177046537399292,0.0,-1.9499999253864349,0.19700005619322286,-0.4345159395690814,0.0
1759838818.87991,1,-1.2050001621245956,-0.8299997448920943,-0.7177030444144975,0.0,-1.734999179840088,-0.34999901056289673,-0.7177046537399292,0.0,-1.9499999253864349,0.19700005619322286,-0.4345159395690814,0.0
1759838818.8912702,1,-1.2050001621245956,-0.8299997448920943,-0.7177030444144975,0.0,-1.734999179840088,-0.34999901056289673,-0.7177046537399292,0.0,-1.9499999253864349,0.19700005619322286,-0.4345159395690814,0.0
1759838818.906535,1,-1.2050001621245956,-0.8299997448920943,-0.7177030444144975,0.0,-1.734999179840088,-0.34999901056289673,-0.7177046537399292,0.0,-1.9499999253864349,0.19700005619322286,-0.4345159395690814,0.0
1759838818.9175403,1,-1.2050001621245956,-0.8299997448920943,-0.7177030444144975,0.0,-1.734999179840088,-0.34999901056289673,-0.7177046537399292,0.0,-1.9499999253864349,0.19700005619322286,-0.4345159395690814,0.0
1759838818.9289155,1,-1.2050001621245956,-0.8299997448920943,-0.7177030444144975,0.0,-1.734999179840088,-0.34999901056289673,-0.7177046537399292,0.0,-1.9499999253864349,0.19700005619322286,-0.4345159395690814,0.0
1759838818.9396574,1,-1.2050001621245956,-0.8299997448920943,-0.7177030444144975,0.0,-1.734999179840088,-0.34999901056289673,-0.7177046537399292,0.0,-1.9499999253864349,0.19700005619322286,-0.4345159395690814,0.0
1759838818.949917,1,-1.2050001621245956,-0.8299997448920943,-0.7177030444144975,0.0,-1.734999179840088,-0.34999901056289673,-0.7177046537399292,0.0,-1.9499999253864349,0.19700005619322286,-0.4345159395690814,0.0
1759838818.960695,1,-1.2050001621245956,-0.8299997448920943,-0.7177030444144975,0.0,-1.734999179840088,-0.34999901056289673,-0.7177046537399292,0.0,-1.9499999253864349,0.19700005619322286,-0.4345159395690814,0.0
1759838818.9707246,1,-1.2050001621245956,-0.8299997448920943,-0.7177030444144975,0.0,-1.734999179840088,-0.34999901056289673,-0.7177046537399292,0.0,-1.9499999253864349,0.19700005619322286,-0.4345159395690814,0.0
1759838818.9824262,1,-1.2050001621245956,-0.8299997448920943,-0.7177030444144975,0.0,-1.734999179840088,-0.34999901056289673,-0.7177046537399292,0.0,-1.9499999253864349,0.19700005619322286,-0.4345159395690814,0.0
1759838818.9938736,1,-1.2050001621245956,-0.8299997448920943,-0.7177030444144975,0.0,-1.734999179840088,-0.34999901056289673,-0.7177046537399292,0.0,-1.9499999253864349,0.19700005619322286,-0.4345159395690814,0.0
1759838819.004807,1,-1.2050001621245956,-0.8299997448920943,-0.7177030444144975,0.0,-1.734999179840088,-0.34999901056289673,-0.7177046537399292,0.0,-1.9499999253864349,0.19700005619322286,-0.4345159395690814,0.0
1759838819.0161767,1,-1.2050001621245956,-0.8299997448920943,-0.7177030444144975,0.0,-1.734999179840088,-0.34999901056289673,-0.7177046537399292,0.0,-1.9499999253864349,0.19700005619322286,-0.4345159395690814,0.0
1759838819.0265625,1,-1.2050001621245956,-0.8299997448920943,-0.7177030444144975,0.0,-1.734999179840088,-0.34999901056289673,-0.7177046537399292,0.0,-1.9499999253864349,0.19700005619322286,-0.4345159395690814,0.0
1759838819.0378299,1,-1.2050001621245956,-0.8299997448920943,-0.7177030444144975,0.0,-1.734999179840088,-0.34999901056289673,-0.7177046537399292,0.0,-1.9499999253864349,0.19700005619322286,-0.4345159395690814,0.0
1759838819.0487394,1,-1.2050001621245956,-0.8299997448920943,-0.7177030444144975,0.0,-1.734999179840088,-0.34999901056289673,-0.7177046537399292,0.0,-1.9499999253864349,0.19700005619322286,-0.4345159395690814,0.0
1759838819.0602512,1,-1.2050001621245956,-0.8299997448920943,-0.7177030444144975,0.0,-1.734999179840088,-0.34999901056289673,-0.7177046537399292,0.0,-1.9499999253864349,0.19700005619322286,-0.4345159395690814,0.0
1759838819.0714257,1,-1.2050001621245956,-0.8299997448920943,-0.7177030444144975,0.0,-1.734999179840088,-0.34999901056289673,-0.7177046537399292,0.0,-1.9499999253864349,0.19700005619322286,-0.4345159395690814,0.0
1759838819.0829282,1,-1.2050001621245956,-0.8299997448920943,-0.7177030444144975,0.0,-1.734999179840088,-0.34999901056289673,-0.7177046537399292,0.0,-1.9499999253864349,0.19700005619322286,-0.4345159395690814,0.0
1759838819.0932372,1,-1.2050001621245956,-0.8299997448920943,-0.7177030444144975,0.0,-1.734999179840088,-0.34999901056289673,-0.7177046537399292,0.0,-1.9499999253864349,0.19700005619322286,-0.4345159395690814,0.0
1759838819.1082778,1,-1.2050001621245956,-0.8299997448920943,-0.7177030444144975,0.0,-1.734999179840088,-0.34999901056289673,-0.7177046537399292,0.0,-1.9499999253864349,0.19700005619322286,-0.4345159395690814,0.0
1759838819.1191213,1,-1.2050001621245956,-0.8299997448920943,-0.7177030444144975,0.0,-1.734999179840088,-0.34999901056289673,-0.7177046537399292,0.0,-1.9499999253864349,0.19700005619322286,-0.4345159395690814,0.0
1759838819.1305737,1,-1.2050001621245956,-0.8299997448920943,-0.7177030444144975,0.0,-1.734999179840088,-0.34999901056289673,-0.7177046537399292,0.0,-1.9499999253864349,0.19700005619322286,-0.4345159395690814,0.0
1759838819.1430361,1,-1.2050001621245956,-0.8299997448920943,-0.7177030444144975,0.0,-1.734999179840088,-0.34999901056289673,-0.7177046537399292,0.0,-1.9499999253864349,0.19700005619322286,-0.4345159395690814,0.0
1759838819.1606345,1,-1.2050001621245956,-0.8299997448920943,-0.7177030444144975,0.0,-1.734999179840088,-0.34999901056289673,-0.7177046537399292,0.0,-1.9499999253864349,0.19700005619322286,-0.4345159395690814,0.0
1759838819.1739316,1,-1.2050001621245956,-0.8299997448920943,-0.7177030444144975,0.0,-1.734999179840088,-0.34999901056289673,-0.7177046537399292,0.0,-1.9499999253864349,0.19700005619322286,-0.4345159395690814,0.0
1759838819.1844852,1,-1.2050001621245956,-0.8299997448920943,-0.7177030444144975,0.0,-1.734999179840088,-0.34999901056289673,-0.7177046537399292,0.0,-1.9499999253864349,0.19700005619322286,-0.4345159395690814,0.0
1759838819.1957543,1,-1.2050001621245956,-0.8299997448920943,-0.7177030444144975,0.0,-1.734999179840088,-0.34999901056289673,-0.7177046537399292,0.0,-1.9499999253864349,0.19700005619322286,-0.4345159395690814,0.0
1759838819.20725,1,-1.2050001621245956,-0.8299997448920943,-0.7177030444144975,0.0,-1.734999179840088,-0.34999901056289673,-0.7177046537399292,0.0,-1.9499999253864349,0.19700005619322286,-0.4345159395690814,0.0
1759838819.219332,1,-1.2050001621245956,-0.8299997448920943,-0.7177030444144975,0.0,-1.734999179840088,-0.34999901056289673,-0.7177046537399292,0.0,-1.9499999253864349,0.19700005619322286,-0.4345159395690814,0.0
1759838819.233741,1,-1.2050001621245956,-0.8299997448920943,-0.7177030444144975,0.0,-1.734999179840088,-0.34999901056289673,-0.7177046537399292,0.0,-1.9499999253864349,0.19700005619322286,-0.4345159395690814,0.0
1759838819.2440214,1,-1.2050001621245956,-0.8299997448920943,-0.7177030444144975,0.0,-1.734999179840088,-0.34999901056289673,-0.7177046537399292,0.0,-1.9499999253864349,0.19700005619322286,-0.4345159395690814,0.0
1759838819.2562373,1,-1.2050001621245956,-0.8299997448920943,-0.7177030444144975,0.0,-1.734999179840088,-0.34999901056289673,-0.7177046537399292,0.0,-1.9499999253864349,0.19700005619322286,-0.4345159395690814,0.0
1759838819.2672355,1,-1.2050001621245956,-0.8299997448920943,-0.7177030444144975,0.0,-1.734999179840088,-0.34999901056289673,-0.7177046537399292,0.0,-1.9499999253864349,0.19700005619322286,-0.4345159395690814,0.0
1759838819.278134,1,-1.2050001621245956,-0.8299997448920943,-0.7177030444144975,0.0,-1.734999179840088,-0.34999901056289673,-0.7177046537399292,0.0,-1.9499999253864349,0.19700005619322286,-0.4345159395690814,0.0
1759838819.2883234,1,-1.2050001621245956,-0.8299997448920943,-0.7177030444144975,0.0,-1.734999179840088,-0.34999901056289673,-0.7177046537399292,0.0,-1.9499999253864349,0.19700005619322286,-0.4345159395690814,0.0
1759838819.3007622,1,-1.2050001621245956,-0.8299997448920943,-0.7177030444144975,0.0,-1.734999179840088,-0.34999901056289673,-0.7177046537399292,0.0,-1.9499999253864349,0.19700005619322286,-0.4345159395690814,0.0
1759838819.3167477,1,-1.2050001621245956,-0.8299997448920943,-0.7177030444144975,0.0,-1.734999179840088,-0.34999901056289673,-0.7177046537399292,0.0,-1.9499999253864349,0.19700005619322286,-0.4345159395690814,0.0
1759838819.327574,1,-1.2050001621245956,-0.8299997448920943,-0.7177030444144975,0.0,-1.734999179840088,-0.34999901056289673,-0.7177046537399292,0.0,-1.9499999253864349,0.19700005619322286,-0.4345159395690814,0.0
1759838819.3384335,1,-1.2050001621245956,-0.8299997448920943,-0.7177030444144975,0.0,-1.734999179840088,-0.34999901056289673,-0.7177046537399292,0.0,-1.9499999253864349,0.19700005619322286,-0.4345159395690814,0.0
1759838819.3491611,1,-1.2050001621245956,-0.8299997448920943,-0.7177030444144975,0.0,-1.734999179840088,-0.34999901056289673,-0.7177046537399292,0.0,-1.9499999253864349,0.19700005619322286,-0.4345159395690814,0.0
1759838819.3604436,1,-1.2050001621245956,-0.8299997448920943,-0.7177030444144975,0.0,-1.734999179840088,-0.34999901056289673,-0.7177046537399292,0.0,-1.9499999253864349,0.19700005619322286,-0.4345159395690814,0.0
1759838819.3726337,1,-1.2050001621245956,-0.8299997448920943,-0.7177030444144975,0.0,-1.734999179840088,-0.34999901056289673,-0.7177046537399292,0.0,-1.9499999253864349,0.19700005619322286,-0.4345159395690814,0.0
1759838819.3827615,1,-1.2050001621245956,-0.8299997448920943,-0.7177030444144975,0.0,-1.734999179840088,-0.34999901056289673,-0.7177046537399292,0.0,-1.9499999253864349,0.19700005619322286,-0.4345159395690814,0.0
1759838819.392886,1,-1.2050001621245956,-0.8299997448920943,-0.7177030444144975,0.0,-1.734999179840088,-0.34999901056289673,-0.7177046537399292,0.0,-1.9499999253864349,0.19700005619322286,-0.4345159395690814,0.0
1759838819.4032965,1,-1.2050001621245956,-0.8299997448920943,-0.7177030444144975,0.0,-1.734999179840088,-0.34999901056289673,-0.7177046537399292,0.0,-1.9499999253864349,0.19700005619322286,-0.4345159395690814,0.0
1759838819.414724,1,-1.2050001621245956,-0.8299997448920943,-0.7177030444144975,0.0,-1.734999179840088,-0.34999901056289673,-0.7177046537399292,0.0,-1.9499999253864349,0.19700005619322286,-0.4345159395690814,0.0
1759838819.4261749,1,-1.2050001621245956,-0.8299997448920943,-0.7177030444144975,0.0,-1.734999179840088,-0.34999901056289673,-0.7177046537399292,0.0,-1.9499999253864349,0.19700005619322286,-0.4345159395690814,0.0
1759838819.436672,1,-1.2050001621245956,-0.8299997448920943,-0.7177030444144975,0.0,-1.734999179840088,-0.34999901056289673,-0.7177046537399292,0.0,-1.9499999253864349,0.19700005619322286,-0.4345159395690814,0.0
1759838819.447021,1,-1.2050001621245956,-0.8299997448920943,-0.7177030444144975,0.0,-1.734999179840088,-0.34999901056289673,-0.7177046537399292,0.0,-1.9499999253864349,0.19700005619322286,-0.4345159395690814,0.0
1759838819.4603593,1,-1.2050001621245956,-0.8299997448920943,-0.7177030444144975,0.0,-1.734999179840088,-0.34999901056289673,-0.7177046537399292,0.0,-1.9499999253864349,0.19700005619322286,-0.4345159395690814,0.0
1759838819.4717624,1,-1.2050001621245956,-0.8299997448920943,-0.7177030444144975,0.0,-1.734999179840088,-0.34999901056289673,-0.7177046537399292,0.0,-1.9499999253864349,0.19700005619322286,-0.4345159395690814,0.0
1759838819.482447,1,-1.2050001621245956,-0.8299997448920943,-0.7177030444144975,0.0,-1.734999179840088,-0.34999901056289673,-0.7177046537399292,0.0,-1.9499999253864349,0.19700005619322286,-0.4345159395690814,0.0
1759838819.4956625,1,-1.2050001621245956,-0.8299997448920943,-0.7177030444144975,0.0,-1.734999179840088,-0.34999901056289673,-0.7177046537399292,0.0,-1.9499999253864349,0.19700005619322286,-0.4345159395690814,0.0
1759838819.506387,1,-1.2050001621245956,-0.8299997448920943,-0.7177030444144975,0.0,-1.734999179840088,-0.34999901056289673,-0.7177046537399292,0.0,-1.9499999253864349,0.19700005619322286,-0.4345159395690814,0.0
1759838819.5223036,1,-1.2050001621245956,-0.8299997448920943,-0.7177030444144975,0.0,-1.734999179840088,-0.34999901056289673,-0.7177046537399292,0.0,-1.9499999253864349,0.19700005619322286,-0.4345159395690814,0.0
1759838819.5326161,1,-1.2050001621245956,-0.8299997448920943,-0.7177030444144975,0.0,-1.734999179840088,-0.34999901056289673,-0.7177046537399292,0.0,-1.9499999253864349,0.19700005619322286,-0.4345159395690814,0.0
1759838819.5433462,1,-1.2050001621245956,-0.8299997448920943,-0.7177030444144975,0.0,-1.734999179840088,-0.34999901056289673,-0.7177046537399292,0.0,-1.9499999253864349,0.19700005619322286,-0.4345159395690814,0.0
1759838819.5559583,1,-1.2050001621245956,-0.8299997448920943,-0.7177030444144975,0.0,-1.734999179840088,-0.34999901056289673,-0.7177046537399292,0.0,-1.9499999253864349,0.19700005619322286,-0.4345159395690814,0.0
1759838819.566946,1,-1.2050001621245956,-0.8299997448920943,-0.7177030444144975,0.0,-1.734999179840088,-0.34999901056289673,-0.7177046537399292,0.0,-1.9499999253864349,0.19700005619322286,-0.4345159395690814,0.0
1759838819.5771937,1,-1.2050001621245956,-0.8299997448920943,-0.7177030444144975,0.0,-1.734999179840088,-0.34999901056289673,-0.7177046537399292,0.0,-1.9499999253864349,0.19700005619322286,-0.4345159395690814,0.0
1759838819.588469,1,-1.2050001621245956,-0.8299997448920943,-0.7177030444144975,0.0,-1.734999179840088,-0.34999901056289673,-0.7177046537399292,0.0,-1.9499999253864349,0.19700005619322286,-0.4345159395690814,0.0
1759838819.5997756,1,-1.2050001621245956,-0.8299997448920943,-0.7177030444144975,0.0,-1.734999179840088,-0.34999901056289673,-0.7177046537399292,0.0,-1.9499999253864349,0.19700005619322286,-0.4345159395690814,0.0
1759838819.610991,1,-1.2050001621245956,-0.8299997448920943,-0.7177030444144975,0.0,-1.734999179840088,-0.34999901056289673,-0.7177046537399292,0.0,-1.9499999253864349,0.19700005619322286,-0.4345159395690814,0.0
1759838819.6224911,1,-1.2050001621245956,-0.8299997448920943,-0.7177030444144975,0.0,-1.734999179840088,-0.34999901056289673,-0.7177046537399292,0.0,-1.9499999253864349,0.19700005619322286,-0.4345159395690814,0.0
1759838819.6353521,1,-1.2050001621245956,-0.8299997448920943,-0.7177030444144975,0.0,-1.734999179840088,-0.34999901056289673,-0.7177046537399292,0.0,-1.9499999253864349,0.19700005619322286,-0.4345159395690814,0.0
1759838819.6455562,1,-1.2050001621245956,-0.8299997448920943,-0.7177030444144975,0.0,-1.734999179840088,-0.34999901056289673,-0.7177046537399292,0.0,-1.9499999253864349,0.19700005619322286,-0.4345159395690814,0.0
1759838819.6576204,1,-1.2050001621245956,-0.8299997448920943,-0.7177030444144975,0.0,-1.734999179840088,-0.34999901056289673,-0.7177046537399292,0.0,-1.9499999253864349,0.19700005619322286,-0.4345159395690814,0.0
1759838819.6685936,1,-1.2050001621245956,-0.8299997448920943,-0.7177030444144975,0.0,-1.734999179840088,-0.34999901056289673,-0.7177046537399292,0.0,-1.9499999253864349,0.19700005619322286,-0.4345159395690814,0.0
1759838819.6794047,1,-1.2050001621245956,-0.8299997448920943,-0.7177030444144975,0.0,-1.734999179840088,-0.34999901056289673,-0.7177046537399292,0.0,-1.9499999253864349,0.19700005619322286,-0.4345159395690814,0.0
1759838819.6907208,1,-1.2050001621245956,-0.8299997448920943,-0.7177030444144975,0.0,-1.734999179840088,-0.34999901056289673,-0.7177046537399292,0.0,-1.9499999253864349,0.19700005619322286,-0.4345159395690814,0.0
1759838819.7010403,1,-1.2050001621245956,-0.8299997448920943,-0.7177030444144975,0.0,-1.734999179840088,-0.34999901056289673,-0.7177046537399292,0.0,-1.9499999253864349,0.19700005619322286,-0.4345159395690814,0.0
1759838819.7118733,1,-1.2050001621245956,-0.8299997448920943,-0.7177030444144975,0.0,-1.734999179840088,-0.34999901056289673,-0.7177046537399292,0.0,-1.9499999253864349,0.19700005619322286,-0.4345159395690814,0.0
1759838819.7296379,1,-1.2050001621245956,-0.8299997448920943,-0.7177030444144975,0.0,-1.734999179840088,-0.34999901056289673,-0.7177046537399292,0.0,-1.9499999253864349,0.19700005619322286,-0.4345159395690814,0.0
1759838819.7384028,1,-1.2050001621245956,-0.8299997448920943,-0.7177030444144975,0.0,-1.734999179840088,-0.34999901056289673,-0.7177046537399292,0.0,-1.9499999253864349,0.19700005619322286,-0.4345159395690814,0.0
1759838819.7484076,1,-1.2050001621245956,-0.8299997448920943,-0.7177030444144975,0.0,-1.734999179840088,-0.34999901056289673,-0.7177046537399292,0.0,-1.9499999253864349,0.19700005619322286,-0.4345159395690814,0.0
1759838819.7599058,1,-1.2050001621245956,-0.8299997448920943,-0.7177030444144975,0.0,-1.734999179840088,-0.34999901056289673,-0.7177046537399292,0.0,-1.9499999253864349,0.19700005619322286,-0.4345159395690814,0.0
1759838819.7711792,1,-1.2050001621245956,-0.8299997448920943,-0.7177030444144975,0.0,-1.734999179840088,-0.34999901056289673,-0.7177046537399292,0.0,-1.9499999253864349,0.19700005619322286,-0.4345159395690814,0.0
1759838819.7840273,1,-1.2050001621245956,-0.8299997448920943,-0.7177030444144975,0.0,-1.734999179840088,-0.34999901056289673,-0.7177046537399292,0.0,-1.9499999253864349,0.19700005619322286,-0.4345159395690814,0.0
1759838819.7943883,1,-1.2050001621245956,-0.8299997448920943,-0.7177030444144975,0.0,-1.734999179840088,-0.34999901056289673,-0.7177046537399292,0.0,-1.9499999253864349,0.19700005619322286,-0.4345159395690814,0.0
1759838819.8073938,1,-1.2050001621245956,-0.8299997448920943,-0.7177030444144975,0.0,-1.734999179840088,-0.34999901056289673,-0.7177046537399292,0.0,-1.9499999253864349,0.19700005619322286,-0.4345159395690814,0.0
1759838819.8211963,1,-1.2050001621245956,-0.8299997448920943,-0.7177030444144975,0.0,-1.734999179840088,-0.34999901056289673,-0.7177046537399292,0.0,-1.9499999253864349,0.19700005619322286,-0.4345159395690814,0.0
1759838819.8312693,1,-1.2050001621245956,-0.8299997448920943,-0.7177030444144975,0.0,-1.734999179840088,-0.34999901056289673,-0.7177046537399292,0.0,-1.9499999253864349,0.19700005619322286,-0.4345159395690814,0.0
1759838819.8437822,1,-1.2050001621245956,-0.8299997448920943,-0.7177030444144975,0.0,-1.734999179840088,-0.34999901056289673,-0.7177046537399292,0.0,-1.9499999253864349,0.19700005619322286,-0.4345159395690814,0.0
1759838819.8551672,1,-1.2050001621245956,-0.8299997448920943,-0.7177030444144975,0.0,-1.734999179840088,-0.34999901056289673,-0.7177046537399292,0.0,-1.9499999253864349,0.19700005619322286,-0.4345159395690814,0.0
1759838819.8653102,1,-1.2050001621245956,-0.8299997448920943,-0.7177030444144975,0.0,-1.734999179840088,-0.34999901056289673,-0.7177046537399292,0.0,-1.9499999253864349,0.19700005619322286,-0.4345159395690814,0.0
1759838819.8761883,1,-1.2050001621245956,-0.8299997448920943,-0.7177030444144975,0.0,-1.734999179840088,-0.34999901056289673,-0.7177046537399292,0.0,-1.9499999253864349,0.19700005619322286,-0.4345159395690814,0.0
1759838819.8866613,1,-1.2050001621245956,-0.8299997448920943,-0.7177030444144975,0.0,-1.734999179840088,-0.34999901056289673,-0.7177046537399292,0.0,-1.9499999253864349,0.19700005619322286,-0.4345159395690814,0.0
1759838819.8967524,1,-1.2050001621245956,-0.8299997448920943,-0.7177030444144975,0.0,-1.734999179840088,-0.34999901056289673,-0.7177046537399292,0.0,-1.9499999253864349,0.19700005619322286,-0.4345159395690814,0.0
1759838819.9070854,1,-1.2050001621245956,-0.8299997448920943,-0.7177030444144975,0.0,-1.734999179840088,-0.34999901056289673,-0.7177046537399292,0.0,-1.9499999253864349,0.19700005619322286,-0.4345159395690814,0.0
1759838819.9174502,1,-1.2050001621245956,-0.8299997448920943,-0.7177030444144975,0.0,-1.734999179840088,-0.34999901056289673,-0.7177046537399292,0.0,-1.9499999253864349,0.19700005619322286,-0.4345159395690814,0.0
1759838819.9316857,1,-1.2050001621245956,-0.8299997448920943,-0.7177030444144975,0.0,-1.734999179840088,-0.34999901056289673,-0.7177046537399292,0.0,-1.9499999253864349,0.19700005619322286,-0.4345159395690814,0.0
1759838819.9424322,1,-1.2050001621245956,-0.8299997448920943,-0.7177030444144975,0.0,-1.734999179840088,-0.34999901056289673,-0.7177046537399292,0.0,-1.9499999253864349,0.19700005619322286,-0.4345159395690814,0.0
1759838819.953188,1,-1.2050001621245956,-0.8299997448920943,-0.7177030444144975,0.0,-1.734999179840088,-0.34999901056289673,-0.7177046537399292,0.0,-1.9499999253864349,0.19700005619322286,-0.4345159395690814,0.0
1759838819.9631977,1,-1.2050001621245956,-0.8299997448920943,-0.7177030444144975,0.0,-1.734999179840088,-0.34999901056289673,-0.7177046537399292,0.0,-1.9499999253864349,0.19700005619322286,-0.4345159395690814,0.0
1759838819.9756536,1,-1.2050001621245956,-0.8299997448920943,-0.7177030444144975,0.0,-1.734999179840088,-0.34999901056289673,-0.7177046537399292,0.0,-1.9499999253864349,0.19700005619322286,-0.4345159395690814,0.0
1759838819.985983,1,-1.2050001621245956,-0.8299997448920943,-0.7177030444144975,0.0,-1.734999179840088,-0.34999901056289673,-0.7177046537399292,0.0,-1.9499999253864349,0.19700005619322286,-0.4345159395690814,0.0
1759838819.9975762,1,-1.2050001621245956,-0.8299997448920943,-0.7177030444144975,0.0,-1.734999179840088,-0.34999901056289673,-0.7177046537399292,0.0,-1.9499999253864349,0.19700005619322286,-0.4345159395690814,0.0
1759838820.0089903,1,-1.2050001621245956,-0.8299997448920943,-0.7177030444144975,0.0,-1.734999179840088,-0.34999901056289673,-0.7177046537399292,0.0,-1.9499999253864349,0.19700005619322286,-0.4345159395690814,0.0
1759838820.01983,1,-1.2050001621245956,-0.8299997448920943,-0.7177030444144975,0.0,-1.734999179840088,-0.34999901056289673,-0.7177046537399292,0.0,-1.9499999253864349,0.19700005619322286,-0.4345159395690814,0.0
1759838820.030275,1,-1.2050001621245956,-0.8299997448920943,-0.7177030444144975,0.0,-1.734999179840088,-0.34999901056289673,-0.7177046537399292,0.0,-1.9499999253864349,0.19700005619322286,-0.4345159395690814,0.0
1759838820.0417974,1,-1.2050001621245956,-0.8299997448920943,-0.7177030444144975,0.0,-1.734999179840088,-0.34999901056289673,-0.7177046537399292,0.0,-1.9499999253864349,0.19700005619322286,-0.4345159395690814,0.0
1759838820.0521808,1,-1.2050001621245956,-0.8299997448920943,-0.7177030444144975,0.0,-1.734999179840088,-0.34999901056289673,-0.7177046537399292,0.0,-1.9499999253864349,0.19700005619322286,-0.4345159395690814,0.0
1759838820.0648508,1,-1.2050001621245956,-0.8299997448920943,-0.7177030444144975,0.0,-1.734999179840088,-0.34999901056289673,-0.7177046537399292,0.0,-1.9499999253864349,0.19700005619322286,-0.4345159395690814,0.0
1759838820.0762212,1,-1.2050001621245956,-0.8299997448920943,-0.7177030444144975,0.0,-1.734999179840088,-0.34999901056289673,-0.7177046537399292,0.0,-1.9499999253864349,0.19700005619322286,-0.4345159395690814,0.0
1759838820.0881026,1,-1.2050001621245956,-0.8299997448920943,-0.7177030444144975,0.0,-1.734999179840088,-0.34999901056289673,-0.7177046537399292,0.0,-1.9499999253864349,0.19700005619322286,-0.4345159395690814,0.0
1759838820.1020074,1,-1.2050001621245956,-0.8299997448920943,-0.7177030444144975,0.0,-1.734999179840088,-0.34999901056289673,-0.7177046537399292,0.0,-1.9499999253864349,0.19700005619322286,-0.4345159395690814,0.0
1759838820.1122735,1,-1.2050001621245956,-0.8299997448920943,-0.7177030444144975,0.0,-1.734999179840088,-0.34999901056289673,-0.7177046537399292,0.0,-1.9499999253864349,0.19700005619322286,-0.4345159395690814,0.0
1759838820.1308975,1,-1.2050001621245956,-0.8299997448920943,-0.7177030444144975,0.0,-1.734999179840088,-0.34999901056289673,-0.7177046537399292,0.0,-1.9499999253864349,0.19700005619322286,-0.4345159395690814,0.0
1759838820.1396015,1,-1.2050001621245956,-0.8299997448920943,-0.7177030444144975,0.0,-1.734999179840088,-0.34999901056289673,-0.7177046537399292,0.0,-1.9499999253864349,0.19700005619322286,-0.4345159395690814,0.0
1759838820.1498613,1,-1.2050001621245956,-0.8299997448920943,-0.7177030444144975,0.0,-1.734999179840088,-0.34999901056289673,-0.7177046537399292,0.0,-1.9499999253864349,0.19700005619322286,-0.4345159395690814,0.0
1759838820.1609492,1,-1.2050001621245956,-0.8299997448920943,-0.7177030444144975,0.0,-1.734999179840088,-0.34999901056289673,-0.7177046537399292,0.0,-1.9499999253864349,0.19700005619322286,-0.4345159395690814,0.0
1759838820.1712146,1,-1.2050001621245956,-0.8299997448920943,-0.7177030444144975,0.0,-1.734999179840088,-0.34999901056289673,-0.7177046537399292,0.0,-1.9499999253864349,0.19700005619322286,-0.4345159395690814,0.0
1759838820.183535,1,-1.2050001621245956,-0.8299997448920943,-0.7177030444144975,0.0,-1.734999179840088,-0.34999901056289673,-0.7177046537399292,0.0,-1.9499999253864349,0.19700005619322286,-0.4345159395690814,0.0
1759838820.1948502,1,-1.2050001621245956,-0.8299997448920943,-0.7177030444144975,0.0,-1.734999179840088,-0.34999901056289673,-0.7177046537399292,0.0,-1.9499999253864349,0.19700005619322286,-0.4345159395690814,0.0
1759838820.206204,1,-1.2050001621245956,-0.8299997448920943,-0.7177030444144975,0.0,-1.734999179840088,-0.34999901056289673,-0.7177046537399292,0.0,-1.9499999253864349,0.19700005619322286,-0.4345159395690814,0.0
1759838820.2173765,1,-1.2050001621245956,-0.8299997448920943,-0.7177030444144975,0.0,-1.734999179840088,-0.34999901056289673,-0.7177046537399292,0.0,-1.9499999253864349,0.19700005619322286,-0.4345159395690814,0.0
1759838820.228598,1,-1.2050001621245956,-0.8299997448920943,-0.7177030444144975,0.0,-1.734999179840088,-0.34999901056289673,-0.7177046537399292,0.0,-1.9499999253864349,0.19700005619322286,-0.4345159395690814,0.0
1759838820.2424157,1,-1.2050001621245956,-0.8299997448920943,-0.7177030444144975,0.0,-1.734999179840088,-0.34999901056289673,-0.7177046537399292,0.0,-1.9499999253864349,0.19700005619322286,-0.4345159395690814,0.0
1759838820.2581341,1,-1.2050001621245956,-0.8299997448920943,-0.7177030444144975,0.0,-1.734999179840088,-0.34999901056289673,-0.7177046537399292,0.0,-1.9499999253864349,0.19700005619322286,-0.4345159395690814,0.0
1759838820.2692347,1,-1.2050001621245956,-0.8299997448920943,-0.7177030444144975,0.0,-1.734999179840088,-0.34999901056289673,-0.7177046537399292,0.0,-1.9499999253864349,0.19700005619322286,-0.4345159395690814,0.0
1759838820.2806003,1,-1.2050001621245956,-0.8299997448920943,-0.7177030444144975,0.0,-1.734999179840088,-0.34999901056289673,-0.7177046537399292,0.0,-1.9499999253864349,0.19700005619322286,-0.4345159395690814,0.0
1759838820.2909038,1,-1.2050001621245956,-0.8299997448920943,-0.7177030444144975,0.0,-1.734999179840088,-0.34999901056289673,-0.7177046537399292,0.0,-1.9499999253864349,0.19700005619322286,-0.4345159395690814,0.0
1759838820.3028736,1,-1.2050001621245956,-0.8299997448920943,-0.7177030444144975,0.0,-1.734999179840088,-0.34999901056289673,-0.7177046537399292,0.0,-1.9499999253864349,0.19700005619322286,-0.4345159395690814,0.0
1759838820.3141687,1,-1.2050001621245956,-0.8299997448920943,-0.7177030444144975,0.0,-1.734999179840088,-0.34999901056289673,-0.7177046537399292,0.0,-1.9499999253864349,0.19700005619322286,-0.4345159395690814,0.0
1759838820.3327022,1,-1.2050001621245956,-0.8299997448920943,-0.7177030444144975,0.0,-1.734999179840088,-0.34999901056289673,-0.7177046537399292,0.0,-1.9499999253864349,0.19700005619322286,-0.4345159395690814,0.0
1759838820.340847,1,-1.2050001621245956,-0.8299997448920943,-0.7177030444144975,0.0,-1.734999179840088,-0.34999901056289673,-0.7177046537399292,0.0,-1.9499999253864349,0.19700005619322286,-0.4345159395690814,0.0
1759838820.3509457,1,-1.2050001621245956,-0.8299997448920943,-0.7177030444144975,0.0,-1.734999179840088,-0.34999901056289673,-0.7177046537399292,0.0,-1.9499999253864349,0.19700005619322286,-0.4345159395690814,0.0
1759838820.364957,1,-1.2050001621245956,-0.8299997448920943,-0.7177030444144975,0.0,-1.734999179840088,-0.34999901056289673,-0.7177046537399292,0.0,-1.9499999253864349,0.19700005619322286,-0.4345159395690814,0.0
1759838820.3763103,1,-1.2050001621245956,-0.8299997448920943,-0.7177030444144975,0.0,-1.734999179840088,-0.34999901056289673,-0.7177046537399292,0.0,-1.9499999253864349,0.19700005619322286,-0.4345159395690814,0.0
1759838820.390135,1,-1.2050001621245956,-0.8299997448920943,-0.7177030444144975,0.0,-1.734999179840088,-0.34999901056289673,-0.7177046537399292,0.0,-1.9499999253864349,0.19700005619322286,-0.4345159395690814,0.0
1759838820.4010909,1,-1.2050001621245956,-0.8299997448920943,-0.7177030444144975,0.0,-1.734999179840088,-0.34999901056289673,-0.7177046537399292,0.0,-1.9499999253864349,0.19700005619322286,-0.4345159395690814,0.0
1759838820.4130065,1,-1.2050001621245956,-0.8299997448920943,-0.7177030444144975,0.0,-1.734999179840088,-0.34999901056289673,-0.7177046537399292,0.0,-1.9499999253864349,0.19700005619322286,-0.4345159395690814,0.0
1759838820.4243097,1,-1.2050001621245956,-0.8299997448920943,-0.7177030444144975,0.0,-1.734999179840088,-0.34999901056289673,-0.7177046537399292,0.0,-1.9499999253864349,0.19700005619322286,-0.4345159395690814,0.0
1759838820.4366953,1,-1.2050001621245956,-0.8299997448920943,-0.7177030444144975,0.0,-1.734999179840088,-0.34999901056289673,-0.7177046537399292,0.0,-1.9499999253864349,0.19700005619322286,-0.4345159395690814,0.0
1759838820.4470296,1,-1.2050001621245956,-0.8299997448920943,-0.7177030444144975,0.0,-1.734999179840088,-0.34999901056289673,-0.7177046537399292,0.0,-1.9499999253864349,0.19700005619322286,-0.4345159395690814,0.0
1759838820.4615378,1,-1.2050001621245956,-0.8299997448920943,-0.7177030444144975,0.0,-1.734999179840088,-0.34999901056289673,-0.7177046537399292,0.0,-1.9499999253864349,0.19700005619322286,-0.4345159395690814,0.0
1759838820.472899,1,-1.2050001621245956,-0.8299997448920943,-0.7177030444144975,0.0,-1.734999179840088,-0.34999901056289673,-0.7177046537399292,0.0,-1.9499999253864349,0.19700005619322286,-0.4345159395690814,0.0
1759838820.4866936,1,-1.2050001621245956,-0.8299997448920943,-0.7177030444144975,0.0,-1.734999179840088,-0.34999901056289673,-0.7177046537399292,0.0,-1.9499999253864349,0.19700005619322286,-0.4345159395690814,0.0
1759838820.4976146,1,-1.2050001621245956,-0.8299997448920943,-0.7177030444144975,0.0,-1.734999179840088,-0.34999901056289673,-0.7177046537399292,0.0,-1.9499999253864349,0.19700005619322286,-0.4345159395690814,0.0
1759838820.5099149,1,-1.2050001621245956,-0.8299997448920943,-0.7177030444144975,0.0,-1.734999179840088,-0.34999901056289673,-0.7177046537399292,0.0,-1.9499999253864349,0.19700005619322286,-0.4345159395690814,0.0
1759838820.5201988,1,-1.2050001621245956,-0.8299997448920943,-0.7177030444144975,0.0,-1.734999179840088,-0.34999901056289673,-0.7177046537399292,0.0,-1.9499999253864349,0.19700005619322286,-0.4345159395690814,0.0
1759838820.5387843,1,-1.2050001621245956,-0.8299997448920943,-0.7177030444144975,0.0,-1.734999179840088,-0.34999901056289673,-0.7177046537399292,0.0,-1.9499999253864349,0.19700005619322286,-0.4345159395690814,0.0
1759838820.5481892,1,-1.2050001621245956,-0.8299997448920943,-0.7177030444144975,0.0,-1.734999179840088,-0.34999901056289673,-0.7177046537399292,0.0,-1.9499999253864349,0.19700005619322286,-0.4345159395690814,0.0
1759838820.5591993,1,-1.2050001621245956,-0.8299997448920943,-0.7177030444144975,0.0,-1.734999179840088,-0.34999901056289673,-0.7177046537399292,0.0,-1.9499999253864349,0.19700005619322286,-0.4345159395690814,0.0
1759838820.5710843,1,-1.2050001621245956,-0.8299997448920943,-0.7177030444144975,0.0,-1.734999179840088,-0.34999901056289673,-0.7177046537399292,0.0,-1.9499999253864349,0.19700005619322286,-0.4345159395690814,0.0
1759838820.5820084,1,-1.2050001621245956,-0.8299997448920943,-0.7177030444144975,0.0,-1.734999179840088,-0.34999901056289673,-0.7177046537399292,0.0,-1.9499999253864349,0.19700005619322286,-0.4345159395690814,0.0
1759838820.5934408,1,-1.2050001621245956,-0.8299997448920943,-0.7177030444144975,0.0,-1.734999179840088,-0.34999901056289673,-0.7177046537399292,0.0,-1.9499999253864349,0.19700005619322286,-0.4345159395690814,0.0
1759838820.6039872,1,-1.2050001621245956,-0.8299997448920943,-0.7177030444144975,0.0,-1.734999179840088,-0.34999901056289673,-0.7177046537399292,0.0,-1.9499999253864349,0.19700005619322286,-0.4345159395690814,0.0
1759838820.615447,1,-1.2050001621245956,-0.8299997448920943,-0.7177030444144975,0.0,-1.734999179840088,-0.34999901056289673,-0.7177046537399292,0.0,-1.9499999253864349,0.19700005619322286,-0.4345159395690814,0.0
1759838820.6260998,1,-1.2050001621245956,-0.8299997448920943,-0.7177030444144975,0.0,-1.734999179840088,-0.34999901056289673,-0.7177046537399292,0.0,-1.9499999253864349,0.19700005619322286,-0.4345159395690814,0.0
1759838820.6370876,1,-1.2050001621245956,-0.8299997448920943,-0.7177030444144975,0.0,-1.734999179840088,-0.34999901056289673,-0.7177046537399292,0.0,-1.9499999253864349,0.19700005619322286,-0.4345159395690814,0.0
1759838820.6474743,1,-1.2050001621245956,-0.8299997448920943,-0.7177030444144975,0.0,-1.734999179840088,-0.34999901056289673,-0.7177046537399292,0.0,-1.9499999253864349,0.19700005619322286,-0.4345159395690814,0.0
1759838820.6583662,1,-1.2050001621245956,-0.8299997448920943,-0.7177030444144975,0.0,-1.734999179840088,-0.34999901056289673,-0.7177046537399292,0.0,-1.9499999253864349,0.19700005619322286,-0.4345159395690814,0.0
1759838820.6687071,1,-1.2050001621245956,-0.8299997448920943,-0.7177030444144975,0.0,-1.734999179840088,-0.34999901056289673,-0.7177046537399292,0.0,-1.9499999253864349,0.19700005619322286,-0.4345159395690814,0.0
1759838820.6840618,1,-1.2050001621245956,-0.8299997448920943,-0.7177030444144975,0.0,-1.734999179840088,-0.34999901056289673,-0.7177046537399292,0.0,-1.9499999253864349,0.19700005619322286,-0.4345159395690814,0.0
1759838820.6960902,1,-1.2050001621245956,-0.8299997448920943,-0.7177030444144975,0.0,-1.734999179840088,-0.34999901056289673,-0.7177046537399292,0.0,-1.9499999253864349,0.19700005619322286,-0.4345159395690814,0.0
1759838820.7076063,1,-1.2050001621245956,-0.8299997448920943,-0.7177030444144975,0.0,-1.734999179840088,-0.34999901056289673,-0.7177046537399292,0.0,-1.9499999253864349,0.19700005619322286,-0.4345159395690814,0.0
1759838820.7180498,1,-1.2050001621245956,-0.8299997448920943,-0.7177030444144975,0.0,-1.734999179840088,-0.34999901056289673,-0.7177046537399292,0.0,-1.9499999253864349,0.19700005619322286,-0.4345159395690814,0.0
1759838820.728977,1,-1.2050001621245956,-0.8299997448920943,-0.7177030444144975,0.0,-1.734999179840088,-0.34999901056289673,-0.7177046537399292,0.0,-1.9499999253864349,0.19700005619322286,-0.4345159395690814,0.0
1759838820.7446065,1,-1.2050001621245956,-0.8299997448920943,-0.7177030444144975,0.0,-1.734999179840088,-0.34999901056289673,-0.7177046537399292,0.0,-1.9499999253864349,0.19700005619322286,-0.4345159395690814,0.0
1759838820.753814,1,-1.2050001621245956,-0.8299997448920943,-0.7177030444144975,0.0,-1.734999179840088,-0.34999901056289673,-0.7177046537399292,0.0,-1.9499999253864349,0.19700005619322286,-0.4345159395690814,0.0
1759838820.764729,1,-1.2050001621245956,-0.8299997448920943,-0.7177030444144975,0.0,-1.734999179840088,-0.34999901056289673,-0.7177046537399292,0.0,-1.9499999253864349,0.19700005619322286,-0.4345159395690814,0.0
1759838820.7756038,1,-1.2050001621245956,-0.8299997448920943,-0.7177030444144975,0.0,-1.734999179840088,-0.34999901056289673,-0.7177046537399292,0.0,-1.9499999253864349,0.19700005619322286,-0.4345159395690814,0.0
1759838820.7901673,1,-1.2050001621245956,-0.8299997448920943,-0.7177030444144975,0.0,-1.734999179840088,-0.34999901056289673,-0.7177046537399292,0.0,-1.9499999253864349,0.19700005619322286,-0.4345159395690814,0.0
1759838820.801329,1,-1.2050001621245956,-0.8299997448920943,-0.7177030444144975,0.0,-1.734999179840088,-0.34999901056289673,-0.7177046537399292,0.0,-1.9499999253864349,0.19700005619322286,-0.4345159395690814,0.0
1759838820.8129044,1,-1.2050001621245956,-0.8299997448920943,-0.7177030444144975,0.0,-1.734999179840088,-0.34999901056289673,-0.7177046537399292,0.0,-1.9499999253864349,0.19700005619322286,-0.4345159395690814,0.0
1759838820.8260381,1,-1.2050001621245956,-0.8299997448920943,-0.7177030444144975,0.0,-1.734999179840088,-0.34999901056289673,-0.7177046537399292,0.0,-1.9499999253864349,0.19700005619322286,-0.4345159395690814,0.0
1759838820.8367167,1,-1.2050001621245956,-0.8299997448920943,-0.7177030444144975,0.0,-1.734999179840088,-0.34999901056289673,-0.7177046537399292,0.0,-1.9499999253864349,0.19700005619322286,-0.4345159395690814,0.0
1759838820.8488207,1,-1.2050001621245956,-0.8299997448920943,-0.7177030444144975,0.0,-1.734999179840088,-0.34999901056289673,-0.7177046537399292,0.0,-1.9499999253864349,0.19700005619322286,-0.4345159395690814,0.0
1759838820.8589337,1,-1.2050001621245956,-0.8299997448920943,-0.7177030444144975,0.0,-1.734999179840088,-0.34999901056289673,-0.7177046537399292,0.0,-1.9499999253864349,0.19700005619322286,-0.4345159395690814,0.0
1759838820.8714976,1,-1.2050001621245956,-0.8299997448920943,-0.7177030444144975,0.0,-1.734999179840088,-0.34999901056289673,-0.7177046537399292,0.0,-1.9499999253864349,0.19700005619322286,-0.4345159395690814,0.0
1759838820.8822768,1,-1.2050001621245956,-0.8299997448920943,-0.7177030444144975,0.0,-1.734999179840088,-0.34999901056289673,-0.7177046537399292,0.0,-1.9499999253864349,0.19700005619322286,-0.4345159395690814,0.0
1759838820.8940053,1,-1.2050001621245956,-0.8299997448920943,-0.7177030444144975,0.0,-1.734999179840088,-0.34999901056289673,-0.7177046537399292,0.0,-1.9499999253864349,0.19700005619322286,-0.4345159395690814,0.0
1759838820.9043276,1,-1.2050001621245956,-0.8299997448920943,-0.7177030444144975,0.0,-1.734999179840088,-0.34999901056289673,-0.7177046537399292,0.0,-1.9499999253864349,0.19700005619322286,-0.4345159395690814,0.0
1759838820.917199,1,-1.2050001621245956,-0.8299997448920943,-0.7177030444144975,0.0,-1.734999179840088,-0.34999901056289673,-0.7177046537399292,0.0,-1.9499999253864349,0.19700005619322286,-0.4345159395690814,0.0
1759838820.9275198,1,-1.2050001621245956,-0.8299997448920943,-0.7177030444144975,0.0,-1.734999179840088,-0.34999901056289673,-0.7177046537399292,0.0,-1.9499999253864349,0.19700005619322286,-0.4345159395690814,0.0
1759838820.9394038,1,-1.2050001621245956,-0.8299997448920943,-0.7177030444144975,0.0,-1.734999179840088,-0.34999901056289673,-0.7177046537399292,0.0,-1.9499999253864349,0.19700005619322286,-0.4345159395690814,0.0
1759838820.9537516,1,-1.2050001621245956,-0.8299997448920943,-0.7177030444144975,0.0,-1.734999179840088,-0.34999901056289673,-0.7177046537399292,0.0,-1.9499999253864349,0.19700005619322286,-0.4345159395690814,0.0
1759838820.965219,1,-1.2050001621245956,-0.8299997448920943,-0.7177030444144975,0.0,-1.734999179840088,-0.34999901056289673,-0.7177046537399292,0.0,-1.9499999253864349,0.19700005619322286,-0.4345159395690814,0.0
1759838820.975639,1,-1.2050001621245956,-0.8299997448920943,-0.7177030444144975,0.0,-1.734999179840088,-0.34999901056289673,-0.7177046537399292,0.0,-1.9499999253864349,0.19700005619322286,-0.4345159395690814,0.0
1759838820.9858305,1,-1.2050001621245956,-0.8299997448920943,-0.7177030444144975,0.0,-1.734999179840088,-0.34999901056289673,-0.7177046537399292,0.0,-1.9499999253864349,0.19700005619322286,-0.4345159395690814,0.0
1759838820.996744,1,-1.2050001621245956,-0.8299997448920943,-0.7177030444144975,0.0,-1.734999179840088,-0.34999901056289673,-0.7177046537399292,0.0,-1.9499999253864349,0.19700005619322286,-0.4345159395690814,0.0
1759838821.0086775,1,-1.2050001621245956,-0.8299997448920943,-0.7177030444144975,0.0,-1.734999179840088,-0.34999901056289673,-0.7177046537399292,0.0,-1.9499999253864349,0.19700005619322286,-0.4345159395690814,0.0
1759838821.019372,1,-1.2050001621245956,-0.8299997448920943,-0.7177030444144975,0.0,-1.734999179840088,-0.34999901056289673,-0.7177046537399292,0.0,-1.9499999253864349,0.19700005619322286,-0.4345159395690814,0.0
1759838821.0308976,1,-1.2050001621245956,-0.8299997448920943,-0.7177030444144975,0.0,-1.734999179840088,-0.34999901056289673,-0.7177046537399292,0.0,-1.9499999253864349,0.19700005619322286,-0.4345159395690814,0.0
1759838821.0428543,1,-1.2050001621245956,-0.8299997448920943,-0.7177030444144975,0.0,-1.734999179840088,-0.34999901056289673,-0.7177046537399292,0.0,-1.9499999253864349,0.19700005619322286,-0.4345159395690814,0.0
1759838821.053632,1,-1.2050001621245956,-0.8299997448920943,-0.7177030444144975,0.0,-1.734999179840088,-0.34999901056289673,-0.7177046537399292,0.0,-1.9499999253864349,0.19700005619322286,-0.4345159395690814,0.0
1759838821.064824,1,-1.2050001621245956,-0.8299997448920943,-0.7177030444144975,0.0,-1.734999179840088,-0.34999901056289673,-0.7177046537399292,0.0,-1.9499999253864349,0.19700005619322286,-0.4345159395690814,0.0
1759838821.0758317,1,-1.2050001621245956,-0.8299997448920943,-0.7177030444144975,0.0,-1.734999179840088,-0.34999901056289673,-0.7177046537399292,0.0,-1.9499999253864349,0.19700005619322286,-0.4345159395690814,0.0
1759838821.0868266,1,-1.2050001621245956,-0.8299997448920943,-0.7177030444144975,0.0,-1.734999179840088,-0.34999901056289673,-0.7177046537399292,0.0,-1.9499999253864349,0.19700005619322286,-0.4345159395690814,0.0
1759838821.0968747,1,-1.2050001621245956,-0.8299997448920943,-0.7177030444144975,0.0,-1.734999179840088,-0.34999901056289673,-0.7177046537399292,0.0,-1.9499999253864349,0.19700005619322286,-0.4345159395690814,0.0
1759838821.1082468,1,-1.2050001621245956,-0.8299997448920943,-0.7177030444144975,0.0,-1.734999179840088,-0.34999901056289673,-0.7177046537399292,0.0,-1.9499999253864349,0.19700005619322286,-0.4345159395690814,0.0
1759838821.1183946,1,-1.2050001621245956,-0.8299997448920943,-0.7177030444144975,0.0,-1.734999179840088,-0.34999901056289673,-0.7177046537399292,0.0,-1.9499999253864349,0.19700005619322286,-0.4345159395690814,0.0
1759838821.129905,1,-1.2050001621245956,-0.8299997448920943,-0.7177030444144975,0.0,-1.734999179840088,-0.34999901056289673,-0.7177046537399292,0.0,-1.9499999253864349,0.19700005619322286,-0.4345159395690814,0.0
1759838821.1403742,1,-1.2050001621245956,-0.8299997448920943,-0.7177030444144975,0.0,-1.734999179840088,-0.34999901056289673,-0.7177046537399292,0.0,-1.9499999253864349,0.19700005619322286,-0.4345159395690814,0.0
1759838821.1570737,1,-1.2050001621245956,-0.8299997448920943,-0.7177030444144975,0.0,-1.734999179840088,-0.34999901056289673,-0.7177046537399292,0.0,-1.9499999253864349,0.19700005619322286,-0.4345159395690814,0.0
1759838821.1684022,1,-1.2050001621245956,-0.8299997448920943,-0.7177030444144975,0.0,-1.734999179840088,-0.34999901056289673,-0.7177046537399292,0.0,-1.9499999253864349,0.19700005619322286,-0.4345159395690814,0.0
1759838821.1787393,1,-1.2050001621245956,-0.8299997448920943,-0.7177030444144975,0.0,-1.734999179840088,-0.34999901056289673,-0.7177046537399292,0.0,-1.9499999253864349,0.19700005619322286,-0.4345159395690814,0.0
1759838821.1912663,1,-1.2050001621245956,-0.8299997448920943,-0.7177030444144975,0.0,-1.734999179840088,-0.34999901056289673,-0.7177046537399292,0.0,-1.9499999253864349,0.19700005619322286,-0.4345159395690814,0.0
1759838821.2023795,1,-1.2050001621245956,-0.8299997448920943,-0.7177030444144975,0.0,-1.734999179840088,-0.34999901056289673,-0.7177046537399292,0.0,-1.9499999253864349,0.19700005619322286,-0.4345159395690814,0.0
1759838821.2137468,1,-1.2050001621245956,-0.8299997448920943,-0.7177030444144975,0.0,-1.734999179840088,-0.34999901056289673,-0.7177046537399292,0.0,-1.9499999253864349,0.19700005619322286,-0.4345159395690814,0.0
1759838821.2242796,1,-1.2050001621245956,-0.8299997448920943,-0.7177030444144975,0.0,-1.734999179840088,-0.34999901056289673,-0.7177046537399292,0.0,-1.9499999253864349,0.19700005619322286,-0.4345159395690814,0.0
1759838821.2352421,1,-1.2050001621245956,-0.8299997448920943,-0.7177030444144975,0.0,-1.734999179840088,-0.34999901056289673,-0.7177046537399292,0.0,-1.9499999253864349,0.19700005619322286,-0.4345159395690814,0.0
1759838821.2464426,1,-1.2050001621245956,-0.8299997448920943,-0.7177030444144975,0.0,-1.734999179840088,-0.34999901056289673,-0.7177046537399292,0.0,-1.9499999253864349,0.19700005619322286,-0.4345159395690814,0.0
1759838821.2570589,1,-1.2050001621245956,-0.8299997448920943,-0.7177030444144975,0.0,-1.734999179840088,-0.34999901056289673,-0.7177046537399292,0.0,-1.9499999253864349,0.19700005619322286,-0.4345159395690814,0.0
1759838821.268522,1,-1.2050001621245956,-0.8299997448920943,-0.7177030444144975,0.0,-1.734999179840088,-0.34999901056289673,-0.7177046537399292,0.0,-1.9499999253864349,0.19700005619322286,-0.4345159395690814,0.0
1759838821.2791834,1,-1.2050001621245956,-0.8299997448920943,-0.7177030444144975,0.0,-1.734999179840088,-0.34999901056289673,-0.7177046537399292,0.0,-1.9499999253864349,0.19700005619322286,-0.4345159395690814,0.0
1759838821.2917097,1,-1.2050001621245956,-0.8299997448920943,-0.7177030444144975,0.0,-1.734999179840088,-0.34999901056289673,-0.7177046537399292,0.0,-1.9499999253864349,0.19700005619322286,-0.4345159395690814,0.0
1759838821.30262,1,-1.2050001621245956,-0.8299997448920943,-0.7177030444144975,0.0,-1.734999179840088,-0.34999901056289673,-0.7177046537399292,0.0,-1.9499999253864349,0.19700005619322286,-0.4345159395690814,0.0
1759838821.3135676,1,-1.2050001621245956,-0.8299997448920943,-0.7177030444144975,0.0,-1.734999179840088,-0.34999901056289673,-0.7177046537399292,0.0,-1.9499999253864349,0.19700005619322286,-0.4345159395690814,0.0
1759838821.3237092,1,-1.2050001621245956,-0.8299997448920943,-0.7177030444144975,0.0,-1.734999179840088,-0.34999901056289673,-0.7177046537399292,0.0,-1.9499999253864349,0.19700005619322286,-0.4345159395690814,0.0
1759838821.3366847,1,-1.2050001621245956,-0.8299997448920943,-0.7177030444144975,0.0,-1.734999179840088,-0.34999901056289673,-0.7177046537399292,0.0,-1.9499999253864349,0.19700005619322286,-0.4345159395690814,0.0
1759838821.3561308,1,-1.2050001621245956,-0.8299997448920943,-0.7177030444144975,0.0,-1.734999179840088,-0.34999901056289673,-0.7177046537399292,0.0,-1.9499999253864349,0.19700005619322286,-0.4345159395690814,0.0
1759838821.3648944,1,-1.2050001621245956,-0.8299997448920943,-0.7177030444144975,0.0,-1.734999179840088,-0.34999901056289673,-0.7177046537399292,0.0,-1.9499999253864349,0.19700005619322286,-0.4345159395690814,0.0
1759838821.3751807,1,-1.2050001621245956,-0.8299997448920943,-0.7177030444144975,0.0,-1.734999179840088,-0.34999901056289673,-0.7177046537399292,0.0,-1.9499999253864349,0.19700005619322286,-0.4345159395690814,0.0
1759838821.3880186,1,-1.2050001621245956,-0.8299997448920943,-0.7177030444144975,0.0,-1.734999179840088,-0.34999901056289673,-0.7177046537399292,0.0,-1.9499999253864349,0.19700005619322286,-0.4345159395690814,0.0
1759838821.3982866,1,-1.2050001621245956,-0.8299997448920943,-0.7177030444144975,0.0,-1.734999179840088,-0.34999901056289673,-0.7177046537399292,0.0,-1.9499999253864349,0.19700005619322286,-0.4345159395690814,0.0
1759838821.4102178,1,-1.2050001621245956,-0.8299997448920943,-0.7177030444144975,0.0,-1.734999179840088,-0.34999901056289673,-0.7177046537399292,0.0,-1.9499999253864349,0.19700005619322286,-0.4345159395690814,0.0
1759838821.4246836,1,-1.2050001621245956,-0.8299997448920943,-0.7177030444144975,0.0,-1.734999179840088,-0.34999901056289673,-0.7177046537399292,0.0,-1.9499999253864349,0.19700005619322286,-0.4345159395690814,0.0
1759838821.4400904,1,-1.2050001621245956,-0.8299997448920943,-0.7177030444144975,0.0,-1.734999179840088,-0.34999901056289673,-0.7177046537399292,0.0,-1.9499999253864349,0.19700005619322286,-0.4345159395690814,0.0
1759838821.4513652,1,-1.2050001621245956,-0.8299997448920943,-0.7177030444144975,0.0,-1.734999179840088,-0.34999901056289673,-0.7177046537399292,0.0,-1.9499999253864349,0.19700005619322286,-0.4345159395690814,0.0
1759838821.4616523,1,-1.2050001621245956,-0.8299997448920943,-0.7177030444144975,0.0,-1.734999179840088,-0.34999901056289673,-0.7177046537399292,0.0,-1.9499999253864349,0.19700005619322286,-0.4345159395690814,0.0
1759838821.4724915,1,-1.2050001621245956,-0.8299997448920943,-0.7177030444144975,0.0,-1.734999179840088,-0.34999901056289673,-0.7177046537399292,0.0,-1.9499999253864349,0.19700005619322286,-0.4345159395690814,0.0
1759838821.4827752,1,-1.2050001621245956,-0.8299997448920943,-0.7177030444144975,0.0,-1.734999179840088,-0.34999901056289673,-0.7177046537399292,0.0,-1.9499999253864349,0.19700005619322286,-0.4345159395690814,0.0
1759838821.4941196,1,-1.2050001621245956,-0.8299997448920943,-0.7177030444144975,0.0,-1.734999179840088,-0.34999901056289673,-0.7177046537399292,0.0,-1.9499999253864349,0.19700005619322286,-0.4345159395690814,0.0
1759838821.505399,1,-1.2050001621245956,-0.8299997448920943,-0.7177030444144975,0.0,-1.734999179840088,-0.34999901056289673,-0.7177046537399292,0.0,-1.9499999253864349,0.19700005619322286,-0.4345159395690814,0.0
1759838821.5167012,1,-1.2050001621245956,-0.8299997448920943,-0.7177030444144975,0.0,-1.734999179840088,-0.34999901056289673,-0.7177046537399292,0.0,-1.9499999253864349,0.19700005619322286,-0.4345159395690814,0.0
1759838821.5279398,1,-1.2050001621245956,-0.8299997448920943,-0.7177030444144975,0.0,-1.734999179840088,-0.34999901056289673,-0.7177046537399292,0.0,-1.9499999253864349,0.19700005619322286,-0.4345159395690814,0.0
1759838821.5407188,1,-1.2050001621245956,-0.8299997448920943,-0.7177030444144975,0.0,-1.734999179840088,-0.34999901056289673,-0.7177046537399292,0.0,-1.9499999253864349,0.19700005619322286,-0.4345159395690814,0.0
1759838821.5534058,1,-1.2050001621245956,-0.8299997448920943,-0.7177030444144975,0.0,-1.734999179840088,-0.34999901056289673,-0.7177046537399292,0.0,-1.9499999253864349,0.19700005619322286,-0.4345159395690814,0.0
1759838821.5638216,1,-1.2050001621245956,-0.8299997448920943,-0.7177030444144975,0.0,-1.734999179840088,-0.34999901056289673,-0.7177046537399292,0.0,-1.9499999253864349,0.19700005619322286,-0.4345159395690814,0.0
1759838821.575392,1,-1.2050001621245956,-0.8299997448920943,-0.7177030444144975,0.0,-1.734999179840088,-0.34999901056289673,-0.7177046537399292,0.0,-1.9499999253864349,0.19700005619322286,-0.4345159395690814,0.0
1759838821.5857682,1,-1.2050001621245956,-0.8299997448920943,-0.7177030444144975,0.0,-1.734999179840088,-0.34999901056289673,-0.7177046537399292,0.0,-1.9499999253864349,0.19700005619322286,-0.4345159395690814,0.0
1759838821.5993955,1,-1.2050001621245956,-0.8299997448920943,-0.7177030444144975,0.0,-1.734999179840088,-0.34999901056289673,-0.7177046537399292,0.0,-1.9499999253864349,0.19700005619322286,-0.4345159395690814,0.0
1759838821.6102717,1,-1.2050001621245956,-0.8299997448920943,-0.7177030444144975,0.0,-1.734999179840088,-0.34999901056289673,-0.7177046537399292,0.0,-1.9499999253864349,0.19700005619322286,-0.4345159395690814,0.0
1759838821.6236634,1,-1.2050001621245956,-0.8299997448920943,-0.7177030444144975,0.0,-1.734999179840088,-0.34999901056289673,-0.7177046537399292,0.0,-1.9499999253864349,0.19700005619322286,-0.4345159395690814,0.0
1759838821.6350615,1,-1.2050001621245956,-0.8299997448920943,-0.7177030444144975,0.0,-1.734999179840088,-0.34999901056289673,-0.7177046537399292,0.0,-1.9499999253864349,0.19700005619322286,-0.4345159395690814,0.0
1759838821.6462693,1,-1.2050001621245956,-0.8299997448920943,-0.7177030444144975,0.0,-1.734999179840088,-0.34999901056289673,-0.7177046537399292,0.0,-1.9499999253864349,0.19700005619322286,-0.4345159395690814,0.0
1759838821.6564915,1,-1.2050001621245956,-0.8299997448920943,-0.7177030444144975,0.0,-1.734999179840088,-0.34999901056289673,-0.7177046537399292,0.0,-1.9499999253864349,0.19700005619322286,-0.4345159395690814,0.0
1759838821.668354,1,-1.2050001621245956,-0.8299997448920943,-0.7177030444144975,0.0,-1.734999179840088,-0.34999901056289673,-0.7177046537399292,0.0,-1.9499999253864349,0.19700005619322286,-0.4345159395690814,0.0
1759838821.6792843,1,-1.2050001621245956,-0.8299997448920943,-0.7177030444144975,0.0,-1.734999179840088,-0.34999901056289673,-0.7177046537399292,0.0,-1.9499999253864349,0.19700005619322286,-0.4345159395690814,0.0
1759838821.690524,1,-1.2050001621245956,-0.8299997448920943,-0.7177030444144975,0.0,-1.734999179840088,-0.34999901056289673,-0.7177046537399292,0.0,-1.9499999253864349,0.19700005619322286,-0.4345159395690814,0.0
1759838821.7019062,1,-1.2050001621245956,-0.8299997448920943,-0.7177030444144975,0.0,-1.734999179840088,-0.34999901056289673,-0.7177046537399292,0.0,-1.9499999253864349,0.19700005619322286,-0.4345159395690814,0.0
1759838821.720904,1,-1.2050001621245956,-0.8299997448920943,-0.7177030444144975,0.0,-1.734999179840088,-0.34999901056289673,-0.7177046537399292,0.0,-1.9499999253864349,0.19700005619322286,-0.4345159395690814,0.0
1759838821.7349055,1,-1.2050001621245956,-0.8299997448920943,-0.7177030444144975,0.0,-1.734999179840088,-0.34999901056289673,-0.7177046537399292,0.0,-1.9499999253864349,0.19700005619322286,-0.4345159395690814,0.0
1759838821.7453253,1,-1.2050001621245956,-0.8299997448920943,-0.7177030444144975,0.0,-1.734999179840088,-0.34999901056289673,-0.7177046537399292,0.0,-1.9499999253864349,0.19700005619322286,-0.4345159395690814,0.0
1759838821.7666824,1,-1.2050001621245956,-0.8299997448920943,-0.7177030444144975,0.0,-1.734999179840088,-0.34999901056289673,-0.7177046537399292,0.0,-1.9499999253864349,0.19700005619322286,-0.4345159395690814,0.0
1759838821.7759895,1,-1.2050001621245956,-0.8299997448920943,-0.7177030444144975,0.0,-1.734999179840088,-0.34999901056289673,-0.7177046537399292,0.0,-1.9499999253864349,0.19700005619322286,-0.4345159395690814,0.0
1759838821.7866468,1,-1.2050001621245956,-0.8299997448920943,-0.7177030444144975,0.0,-1.734999179840088,-0.34999901056289673,-0.7177046537399292,0.0,-1.9499999253864349,0.19700005619322286,-0.4345159395690814,0.0
1759838821.7973607,1,-1.2050001621245956,-0.8299997448920943,-0.7177030444144975,0.0,-1.734999179840088,-0.34999901056289673,-0.7177046537399292,0.0,-1.9499999253864349,0.19700005619322286,-0.4345159395690814,0.0
1759838821.8120525,1,-1.2050001621245956,-0.8299997448920943,-0.7177030444144975,0.0,-1.734999179840088,-0.34999901056289673,-0.7177046537399292,0.0,-1.9499999253864349,0.19700005619322286,-0.4345159395690814,0.0
1759838821.8223248,1,-1.2050001621245956,-0.8299997448920943,-0.7177030444144975,0.0,-1.734999179840088,-0.34999901056289673,-0.7177046537399292,0.0,-1.9499999253864349,0.19700005619322286,-0.4345159395690814,0.0
1759838821.8328173,1,-1.2050001621245956,-0.8299997448920943,-0.7177030444144975,0.0,-1.734999179840088,-0.34999901056289673,-0.7177046537399292,0.0,-1.9499999253864349,0.19700005619322286,-0.4345159395690814,0.0
1759838821.844556,1,-1.2050001621245956,-0.8299997448920943,-0.7177030444144975,0.0,-1.734999179840088,-0.34999901056289673,-0.7177046537399292,0.0,-1.9499999253864349,0.19700005619322286,-0.4345159395690814,0.0
1759838821.854984,1,-1.2050001621245956,-0.8299997448920943,-0.7177030444144975,0.0,-1.734999179840088,-0.34999901056289673,-0.7177046537399292,0.0,-1.9499999253864349,0.19700005619322286,-0.4345159395690814,0.0
1759838821.8650846,1,-1.2050001621245956,-0.8299997448920943,-0.7177030444144975,0.0,-1.734999179840088,-0.34999901056289673,-0.7177046537399292,0.0,-1.9499999253864349,0.19700005619322286,-0.4345159395690814,0.0
1759838821.8799546,1,-1.2050001621245956,-0.8299997448920943,-0.7177030444144975,0.0,-1.734999179840088,-0.34999901056289673,-0.7177046537399292,0.0,-1.9499999253864349,0.19700005619322286,-0.4345159395690814,0.0
1759838821.8900998,1,-1.2050001621245956,-0.8299997448920943,-0.7177030444144975,0.0,-1.734999179840088,-0.34999901056289673,-0.7177046537399292,0.0,-1.9499999253864349,0.19700005619322286,-0.4345159395690814,0.0
1759838821.9001312,1,-1.2050001621245956,-0.8299997448920943,-0.7177030444144975,0.0,-1.734999179840088,-0.34999901056289673,-0.7177046537399292,0.0,-1.9499999253864349,0.19700005619322286,-0.4345159395690814,0.0
1759838821.9150796,1,-1.2050001621245956,-0.8299997448920943,-0.7177030444144975,0.0,-1.734999179840088,-0.34999901056289673,-0.7177046537399292,0.0,-1.9499999253864349,0.19700005619322286,-0.4345159395690814,0.0
1759838821.9252121,1,-1.2050001621245956,-0.8299997448920943,-0.7177030444144975,0.0,-1.734999179840088,-0.34999901056289673,-0.7177046537399292,0.0,-1.9499999253864349,0.19700005619322286,-0.4345159395690814,0.0
1759838821.9366882,1,-1.2050001621245956,-0.8299997448920943,-0.7177030444144975,0.0,-1.734999179840088,-0.34999901056289673,-0.7177046537399292,0.0,-1.9499999253864349,0.19700005619322286,-0.4345159395690814,0.0
1759838821.9515128,1,-1.2050001621245956,-0.8299997448920943,-0.7177030444144975,0.0,-1.734999179840088,-0.34999901056289673,-0.7177046537399292,0.0,-1.9499999253864349,0.19700005619322286,-0.4345159395690814,0.0
1759838821.968734,1,-1.2050001621245956,-0.8299997448920943,-0.7177030444144975,0.0,-1.734999179840088,-0.34999901056289673,-0.7177046537399292,0.0,-1.9499999253864349,0.19700005619322286,-0.4345159395690814,0.0
1759838821.9878654,1,-1.2050001621245956,-0.8299997448920943,-0.7177030444144975,0.0,-1.734999179840088,-0.34999901056289673,-0.7177046537399292,0.0,-1.9499999253864349,0.19700005619322286,-0.4345159395690814,0.0
1759838822.004466,1,-1.2050001621245956,-0.8299997448920943,-0.7177030444144975,0.0,-1.734999179840088,-0.34999901056289673,-0.7177046537399292,0.0,-1.9499999253864349,0.19700005619322286,-0.4345159395690814,0.0
1759838822.0156,1,-1.2050001621245956,-0.8299997448920943,-0.7177030444144975,0.0,-1.734999179840088,-0.34999901056289673,-0.7177046537399292,0.0,-1.9499999253864349,0.19700005619322286,-0.4345159395690814,0.0
1759838822.0264385,1,-1.2050001621245956,-0.8299997448920943,-0.7177030444144975,0.0,-1.734999179840088,-0.34999901056289673,-0.7177046537399292,0.0,-1.9499999253864349,0.19700005619322286,-0.4345159395690814,0.0
1759838822.04013,1,-1.2050001621245956,-0.8299997448920943,-0.7177030444144975,0.0,-1.734999179840088,-0.34999901056289673,-0.7177046537399292,0.0,-1.9499999253864349,0.19700005619322286,-0.4345159395690814,0.0
1759838822.0516026,1,-1.2050001621245956,-0.8299997448920943,-0.7177030444144975,0.0,-1.734999179840088,-0.34999901056289673,-0.7177046537399292,0.0,-1.9499999253864349,0.19700005619322286,-0.4345159395690814,0.0
1759838822.0631664,1,-1.2050001621245956,-0.8299997448920943,-0.7177030444144975,0.0,-1.734999179840088,-0.34999901056289673,-0.7177046537399292,0.0,-1.9499999253864349,0.19700005619322286,-0.4345159395690814,0.0
1759838822.078952,1,-1.2050001621245956,-0.8299997448920943,-0.7177030444144975,0.0,-1.734999179840088,-0.34999901056289673,-0.7177046537399292,0.0,-1.9499999253864349,0.19700005619322286,-0.4345159395690814,0.0
1759838822.0901482,1,-1.2050001621245956,-0.8299997448920943,-0.7177030444144975,0.0,-1.734999179840088,-0.34999901056289673,-0.7177046537399292,0.0,-1.9499999253864349,0.19700005619322286,-0.4345159395690814,0.0
1759838822.1004329,1,-1.2050001621245956,-0.8299997448920943,-0.7177030444144975,0.0,-1.734999179840088,-0.34999901056289673,-0.7177046537399292,0.0,-1.9499999253864349,0.19700005619322286,-0.4345159395690814,0.0
1759838822.111838,1,-1.2050001621245956,-0.8299997448920943,-0.7177030444144975,0.0,-1.734999179840088,-0.34999901056289673,-0.7177046537399292,0.0,-1.9499999253864349,0.19700005619322286,-0.4345159395690814,0.0
1759838822.1320767,1,-1.2050001621245956,-0.8299997448920943,-0.7177030444144975,0.0,-1.734999179840088,-0.34999901056289673,-0.7177046537399292,0.0,-1.9499999253864349,0.19700005619322286,-0.4345159395690814,0.0
1759838822.1428108,1,-1.2050001621245956,-0.8299997448920943,-0.7177030444144975,0.0,-1.734999179840088,-0.34999901056289673,-0.7177046537399292,0.0,-1.9499999253864349,0.19700005619322286,-0.4345159395690814,0.0
1759838822.1534069,1,-1.2050001621245956,-0.8299997448920943,-0.7177030444144975,0.0,-1.734999179840088,-0.34999901056289673,-0.7177046537399292,0.0,-1.9499999253864349,0.19700005619322286,-0.4345159395690814,0.0
1759838822.1733267,1,-1.2050001621245956,-0.8299997448920943,-0.7177030444144975,0.0,-1.734999179840088,-0.34999901056289673,-0.7177046537399292,0.0,-1.9499999253864349,0.19700005619322286,-0.4345159395690814,0.0
1759838822.1843681,1,-1.2050001621245956,-0.8299997448920943,-0.7177030444144975,0.0,-1.734999179840088,-0.34999901056289673,-0.7177046537399292,0.0,-1.9499999253864349,0.19700005619322286,-0.4345159395690814,0.0
1759838822.1946025,1,-1.2050001621245956,-0.8299997448920943,-0.7177030444144975,0.0,-1.734999179840088,-0.34999901056289673,-0.7177046537399292,0.0,-1.9499999253864349,0.19700005619322286,-0.4345159395690814,0.0
1759838822.2059023,1,-1.2050001621245956,-0.8299997448920943,-0.7177030444144975,0.0,-1.734999179840088,-0.34999901056289673,-0.7177046537399292,0.0,-1.9499999253864349,0.19700005619322286,-0.4345159395690814,0.0
1759838822.2166686,1,-1.2050001621245956,-0.8299997448920943,-0.7177030444144975,0.0,-1.734999179840088,-0.34999901056289673,-0.7177046537399292,0.0,-1.9499999253864349,0.19700005619322286,-0.4345159395690814,0.0
1759838822.237211,1,-1.2050001621245956,-0.8299997448920943,-0.7177030444144975,0.0,-1.734999179840088,-0.34999901056289673,-0.7177046537399292,0.0,-1.9499999253864349,0.19700005619322286,-0.4345159395690814,0.0
1759838822.2529144,1,-1.2050001621245956,-0.8299997448920943,-0.7177030444144975,0.0,-1.734999179840088,-0.34999901056289673,-0.7177046537399292,0.0,-1.9499999253864349,0.19700005619322286,-0.4345159395690814,0.0
1759838822.2637362,1,-1.2050001621245956,-0.8299997448920943,-0.7177030444144975,0.0,-1.734999179840088,-0.34999901056289673,-0.7177046537399292,0.0,-1.9499999253864349,0.19700005619322286,-0.4345159395690814,0.0
1759838822.2798665,1,-1.2050001621245956,-0.8299997448920943,-0.7177030444144975,0.0,-1.734999179840088,-0.34999901056289673,-0.7177046537399292,0.0,-1.9499999253864349,0.19700005619322286,-0.4345159395690814,0.0
1759838822.2911012,1,-1.2050001621245956,-0.8299997448920943,-0.7177030444144975,0.0,-1.734999179840088,-0.34999901056289673,-0.7177046537399292,0.0,-1.9499999253864349,0.19700005619322286,-0.4345159395690814,0.0
1759838822.3064284,1,-1.2050001621245956,-0.8299997448920943,-0.7177030444144975,0.0,-1.734999179840088,-0.34999901056289673,-0.7177046537399292,0.0,-1.9499999253864349,0.19700005619322286,-0.4345159395690814,0.0
1759838822.3176816,1,-1.2050001621245956,-0.8299997448920943,-0.7177030444144975,0.0,-1.734999179840088,-0.34999901056289673,-0.7177046537399292,0.0,-1.9499999253864349,0.19700005619322286,-0.4345159395690814,0.0
1759838822.3279917,1,-1.2050001621245956,-0.8299997448920943,-0.7177030444144975,0.0,-1.734999179840088,-0.34999901056289673,-0.7177046537399292,0.0,-1.9499999253864349,0.19700005619322286,-0.4345159395690814,0.0
1759838822.342437,1,-1.2050001621245956,-0.8299997448920943,-0.7177030444144975,0.0,-1.734999179840088,-0.34999901056289673,-0.7177046537399292,0.0,-1.9499999253864349,0.19700005619322286,-0.4345159395690814,0.0
1759838822.3539827,1,-1.2050001621245956,-0.8299997448920943,-0.7177030444144975,0.0,-1.734999179840088,-0.34999901056289673,-0.7177046537399292,0.0,-1.9499999253864349,0.19700005619322286,-0.4345159395690814,0.0
1759838822.3786783,1,-1.2050001621245956,-0.8299997448920943,-0.7177030444144975,0.0,-1.734999179840088,-0.34999901056289673,-0.7177046537399292,0.0,-1.9499999253864349,0.19700005619322286,-0.4345159395690814,0.0
1759838822.3889458,1,-1.2050001621245956,-0.8299997448920943,-0.7177030444144975,0.0,-1.734999179840088,-0.34999901056289673,-0.7177046537399292,0.0,-1.9499999253864349,0.19700005619322286,-0.4345159395690814,0.0
1759838822.399802,1,-1.2050001621245956,-0.8299997448920943,-0.7177030444144975,0.0,-1.734999179840088,-0.34999901056289673,-0.7177046537399292,0.0,-1.9499999253864349,0.19700005619322286,-0.4345159395690814,0.0
1759838822.413009,1,-1.2050001621245956,-0.8299997448920943,-0.7177030444144975,0.0,-1.734999179840088,-0.34999901056289673,-0.7177046537399292,0.0,-1.9499999253864349,0.19700005619322286,-0.4345159395690814,0.0
1759838822.4232569,1,-1.2050001621245956,-0.8299997448920943,-0.7177030444144975,0.0,-1.734999179840088,-0.34999901056289673,-0.7177046537399292,0.0,-1.9499999253864349,0.19700005619322286,-0.4345159395690814,0.0
1759838822.4376237,1,-1.2050001621245956,-0.8299997448920943,-0.7177030444144975,0.0,-1.734999179840088,-0.34999901056289673,-0.7177046537399292,0.0,-1.9499999253864349,0.19700005619322286,-0.4345159395690814,0.0
1759838822.447972,1,-1.2050001621245956,-0.8299997448920943,-0.7177030444144975,0.0,-1.734999179840088,-0.34999901056289673,-0.7177046537399292,0.0,-1.9499999253864349,0.19700005619322286,-0.4345159395690814,0.0
1759838822.462649,1,-1.2050001621245956,-0.8299997448920943,-0.7177030444144975,0.0,-1.734999179840088,-0.34999901056289673,-0.7177046537399292,0.0,-1.9499999253864349,0.19700005619322286,-0.4345159395690814,0.0
1759838822.474912,1,-1.2050001621245956,-0.8299997448920943,-0.7177030444144975,0.0,-1.734999179840088,-0.34999901056289673,-0.7177046537399292,0.0,-1.9499999253864349,0.19700005619322286,-0.4345159395690814,0.0
1759838822.4875548,1,-1.2050001621245956,-0.8299997448920943,-0.7177030444144975,0.0,-1.734999179840088,-0.34999901056289673,-0.7177046537399292,0.0,-1.9499999253864349,0.19700005619322286,-0.4345159395690814,0.0
1759838822.4987378,1,-1.2050001621245956,-0.8299997448920943,-0.7177030444144975,0.0,-1.734999179840088,-0.34999901056289673,-0.7177046537399292,0.0,-1.9499999253864349,0.19700005619322286,-0.4345159395690814,0.0
1759838822.5133417,1,-1.2050001621245956,-0.8299997448920943,-0.7177030444144975,0.0,-1.734999179840088,-0.34999901056289673,-0.7177046537399292,0.0,-1.9499999253864349,0.19700005619322286,-0.4345159395690814,0.0
1759838822.5242662,1,-1.2050001621245956,-0.8299997448920943,-0.7177030444144975,0.0,-1.734999179840088,-0.34999901056289673,-0.7177046537399292,0.0,-1.9499999253864349,0.19700005619322286,-0.4345159395690814,0.0
1759838822.5402985,1,-1.2050001621245956,-0.8299997448920943,-0.7177030444144975,0.0,-1.734999179840088,-0.34999901056289673,-0.7177046537399292,0.0,-1.9499999253864349,0.19700005619322286,-0.4345159395690814,0.0
1759838822.555869,1,-1.2050001621245956,-0.8299997448920943,-0.7177030444144975,0.0,-1.734999179840088,-0.34999901056289673,-0.7177046537399292,0.0,-1.9499999253864349,0.19700005619322286,-0.4345159395690814,0.0
1759838822.5669448,1,-1.2050001621245956,-0.8299997448920943,-0.7177030444144975,0.0,-1.734999179840088,-0.34999901056289673,-0.7177046537399292,0.0,-1.9499999253864349,0.19700005619322286,-0.4345159395690814,0.0
1759838822.5870829,1,-1.2050001621245956,-0.8299997448920943,-0.7177030444144975,0.0,-1.734999179840088,-0.34999901056289673,-0.7177046537399292,0.0,-1.9499999253864349,0.19700005619322286,-0.4345159395690814,0.0
1759838822.5949235,1,-1.2050001621245956,-0.8299997448920943,-0.7177030444144975,0.0,-1.734999179840088,-0.34999901056289673,-0.7177046537399292,0.0,-1.9499999253864349,0.19700005619322286,-0.4345159395690814,0.0
1759838822.605082,1,-1.2050001621245956,-0.8299997448920943,-0.7177030444144975,0.0,-1.734999179840088,-0.34999901056289673,-0.7177046537399292,0.0,-1.9499999253864349,0.19700005619322286,-0.4345159395690814,0.0
1759838822.6158247,1,-1.2050001621245956,-0.8299997448920943,-0.7177030444144975,0.0,-1.734999179840088,-0.34999901056289673,-0.7177046537399292,0.0,-1.9499999253864349,0.19700005619322286,-0.4345159395690814,0.0
1759838822.629735,1,-1.2050001621245956,-0.8299997448920943,-0.7177030444144975,0.0,-1.734999179840088,-0.34999901056289673,-0.7177046537399292,0.0,-1.9499999253864349,0.19700005619322286,-0.4345159395690814,0.0
1759838822.6405947,1,-1.2050001621245956,-0.8299997448920943,-0.7177030444144975,0.0,-1.734999179840088,-0.34999901056289673,-0.7177046537399292,0.0,-1.9499999253864349,0.19700005619322286,-0.4345159395690814,0.0
1759838822.6514235,1,-1.2050001621245956,-0.8299997448920943,-0.7177030444144975,0.0,-1.734999179840088,-0.34999901056289673,-0.7177046537399292,0.0,-1.9499999253864349,0.19700005619322286,-0.4345159395690814,0.0
1759838822.6632223,1,-1.2050001621245956,-0.8299997448920943,-0.7177030444144975,0.0,-1.734999179840088,-0.34999901056289673,-0.7177046537399292,0.0,-1.9499999253864349,0.19700005619322286,-0.4345159395690814,0.0
1759838822.6736212,1,-1.2050001621245956,-0.8299997448920943,-0.7177030444144975,0.0,-1.734999179840088,-0.34999901056289673,-0.7177046537399292,0.0,-1.9499999253864349,0.19700005619322286,-0.4345159395690814,0.0
1759838822.6849337,1,-1.2050001621245956,-0.8299997448920943,-0.7177030444144975,0.0,-1.734999179840088,-0.34999901056289673,-0.7177046537399292,0.0,-1.9499999253864349,0.19700005619322286,-0.4345159395690814,0.0
1759838822.6975524,1,-1.2050001621245956,-0.8299997448920943,-0.7177030444144975,0.0,-1.734999179840088,-0.34999901056289673,-0.7177046537399292,0.0,-1.9499999253864349,0.19700005619322286,-0.4345159395690814,0.0
1759838822.7076898,1,-1.2050001621245956,-0.8299997448920943,-0.7177030444144975,0.0,-1.734999179840088,-0.34999901056289673,-0.7177046537399292,0.0,-1.9499999253864349,0.19700005619322286,-0.4345159395690814,0.0
1759838822.7185118,1,-1.2050001621245956,-0.8299997448920943,-0.7177030444144975,0.0,-1.734999179840088,-0.34999901056289673,-0.7177046537399292,0.0,-1.9499999253864349,0.19700005619322286,-0.4345159395690814,0.0
1759838822.7308567,1,-1.2050001621245956,-0.8299997448920943,-0.7177030444144975,0.0,-1.734999179840088,-0.34999901056289673,-0.7177046537399292,0.0,-1.9499999253864349,0.19700005619322286,-0.4345159395690814,0.0
1759838822.742443,1,-1.2050001621245956,-0.8299997448920943,-0.7177030444144975,0.0,-1.734999179840088,-0.34999901056289673,-0.7177046537399292,0.0,-1.9499999253864349,0.19700005619322286,-0.4345159395690814,0.0
1759838822.7555096,1,-1.2050001621245956,-0.8299997448920943,-0.7177030444144975,0.0,-1.734999179840088,-0.34999901056289673,-0.7177046537399292,0.0,-1.9499999253864349,0.19700005619322286,-0.4345159395690814,0.0
1759838822.7657998,1,-1.2050001621245956,-0.8299997448920943,-0.7177030444144975,0.0,-1.734999179840088,-0.34999901056289673,-0.7177046537399292,0.0,-1.9499999253864349,0.19700005619322286,-0.4345159395690814,0.0
1759838822.7763367,1,-1.2050001621245956,-0.8299997448920943,-0.7177030444144975,0.0,-1.734999179840088,-0.34999901056289673,-0.7177046537399292,0.0,-1.9499999253864349,0.19700005619322286,-0.4345159395690814,0.0
1759838822.7947967,1,-1.2050001621245956,-0.8299997448920943,-0.7177030444144975,0.0,-1.734999179840088,-0.34999901056289673,-0.7177046537399292,0.0,-1.9499999253864349,0.19700005619322286,-0.4345159395690814,0.0
1759838822.8038425,1,-1.2050001621245956,-0.8299997448920943,-0.7177030444144975,0.0,-1.734999179840088,-0.34999901056289673,-0.7177046537399292,0.0,-1.9499999253864349,0.19700005619322286,-0.4345159395690814,0.0
1759838822.8148365,1,-1.2050001621245956,-0.8299997448920943,-0.7177030444144975,0.0,-1.734999179840088,-0.34999901056289673,-0.7177046537399292,0.0,-1.9499999253864349,0.19700005619322286,-0.4345159395690814,0.0
1759838822.8274987,1,-1.2050001621245956,-0.8299997448920943,-0.7177030444144975,0.0,-1.734999179840088,-0.34999901056289673,-0.7177046537399292,0.0,-1.9499999253864349,0.19700005619322286,-0.4345159395690814,0.0
1759838822.8384192,1,-1.2050001621245956,-0.8299997448920943,-0.7177030444144975,0.0,-1.734999179840088,-0.34999901056289673,-0.7177046537399292,0.0,-1.9499999253864349,0.19700005619322286,-0.4345159395690814,0.0
1759838822.8537312,1,-1.2050001621245956,-0.8299997448920943,-0.7177030444144975,0.0,-1.734999179840088,-0.34999901056289673,-0.7177046537399292,0.0,-1.9499999253864349,0.19700005619322286,-0.4345159395690814,0.0
1759838822.864096,1,-1.2050001621245956,-0.8299997448920943,-0.7177030444144975,0.0,-1.734999179840088,-0.34999901056289673,-0.7177046537399292,0.0,-1.9499999253864349,0.19700005619322286,-0.4345159395690814,0.0
1759838822.8783517,1,-1.2050001621245956,-0.8299997448920943,-0.7177030444144975,0.0,-1.734999179840088,-0.34999901056289673,-0.7177046537399292,0.0,-1.9499999253864349,0.19700005619322286,-0.4345159395690814,0.0
1759838822.8885915,1,-1.2050001621245956,-0.8299997448920943,-0.7177030444144975,0.0,-1.734999179840088,-0.34999901056289673,-0.7177046537399292,0.0,-1.9499999253864349,0.19700005619322286,-0.4345159395690814,0.0
1759838822.899879,1,-1.2050001621245956,-0.8299997448920943,-0.7177030444144975,0.0,-1.734999179840088,-0.34999901056289673,-0.7177046537399292,0.0,-1.9499999253864349,0.19700005619322286,-0.4345159395690814,0.0
1759838822.9132092,1,-1.2050001621245956,-0.8299997448920943,-0.7177030444144975,0.0,-1.734999179840088,-0.34999901056289673,-0.7177046537399292,0.0,-1.9499999253864349,0.19700005619322286,-0.4345159395690814,0.0
1759838822.9237137,1,-1.2050001621245956,-0.8299997448920943,-0.7177030444144975,0.0,-1.734999179840088,-0.34999901056289673,-0.7177046537399292,0.0,-1.9499999253864349,0.19700005619322286,-0.4345159395690814,0.0
1759838822.935119,1,-1.2050001621245956,-0.8299997448920943,-0.7177030444144975,0.0,-1.734999179840088,-0.34999901056289673,-0.7177046537399292,0.0,-1.9499999253864349,0.19700005619322286,-0.4345159395690814,0.0
1759838822.9457088,1,-1.2050001621245956,-0.8299997448920943,-0.7177030444144975,0.0,-1.734999179840088,-0.34999901056289673,-0.7177046537399292,0.0,-1.9499999253864349,0.19700005619322286,-0.4345159395690814,0.0
1759838822.9575799,1,-1.2050001621245956,-0.8299997448920943,-0.7177030444144975,0.0,-1.734999179840088,-0.34999901056289673,-0.7177046537399292,0.0,-1.9499999253864349,0.19700005619322286,-0.4345159395690814,0.0
1759838822.9681337,1,-1.2050001621245956,-0.8299997448920943,-0.7177030444144975,0.0,-1.734999179840088,-0.34999901056289673,-0.7177046537399292,0.0,-1.9499999253864349,0.19700005619322286,-0.4345159395690814,0.0
1759838822.9795375,1,-1.2050001621245956,-0.8299997448920943,-0.7177030444144975,0.0,-1.734999179840088,-0.34999901056289673,-0.7177046537399292,0.0,-1.9499999253864349,0.19700005619322286,-0.4345159395690814,0.0
1759838822.9934444,1,-1.2050001621245956,-0.8299997448920943,-0.7177030444144975,0.0,-1.734999179840088,-0.34999901056289673,-0.7177046537399292,0.0,-1.9499999253864349,0.19700005619322286,-0.4345159395690814,0.0
1759838823.0043192,1,-1.2050001621245956,-0.8299997448920943,-0.7177030444144975,0.0,-1.734999179840088,-0.34999901056289673,-0.7177046537399292,0.0,-1.9499999253864349,0.19700005619322286,-0.4345159395690814,0.0
1759838823.0197835,1,-1.2050001621245956,-0.8299997448920943,-0.7177030444144975,0.0,-1.734999179840088,-0.34999901056289673,-0.7177046537399292,0.0,-1.9499999253864349,0.19700005619322286,-0.4345159395690814,0.0
1759838823.030669,1,-1.2050001621245956,-0.8299997448920943,-0.7177030444144975,0.0,-1.734999179840088,-0.34999901056289673,-0.7177046537399292,0.0,-1.9499999253864349,0.19700005619322286,-0.4345159395690814,0.0
1759838823.0476933,1,-1.2050001621245956,-0.8299997448920943,-0.7177030444144975,0.0,-1.734999179840088,-0.34999901056289673,-0.7177046537399292,0.0,-1.9499999253864349,0.19700005619322286,-0.4345159395690814,0.0
1759838823.0579636,1,-1.2050001621245956,-0.8299997448920943,-0.7177030444144975,0.0,-1.734999179840088,-0.34999901056289673,-0.7177046537399292,0.0,-1.9499999253864349,0.19700005619322286,-0.4345159395690814,0.0
1759838823.073282,1,-1.2050001621245956,-0.8299997448920943,-0.7177030444144975,0.0,-1.734999179840088,-0.34999901056289673,-0.7177046537399292,0.0,-1.9499999253864349,0.19700005619322286,-0.4345159395690814,0.0
1759838823.0843565,1,-1.2050001621245956,-0.8299997448920943,-0.7177030444144975,0.0,-1.734999179840088,-0.34999901056289673,-0.7177046537399292,0.0,-1.9499999253864349,0.19700005619322286,-0.4345159395690814,0.0
1759838823.1004777,1,-1.2050001621245956,-0.8299997448920943,-0.7177030444144975,0.0,-1.734999179840088,-0.34999901056289673,-0.7177046537399292,0.0,-1.9499999253864349,0.19700005619322286,-0.4345159395690814,0.0
1759838823.1107385,1,-1.2050001621245956,-0.8299997448920943,-0.7177030444144975,0.0,-1.734999179840088,-0.34999901056289673,-0.7177046537399292,0.0,-1.9499999253864349,0.19700005619322286,-0.4345159395690814,0.0
1759838823.126341,1,-1.2050001621245956,-0.8299997448920943,-0.7177030444144975,0.0,-1.734999179840088,-0.34999901056289673,-0.7177046537399292,0.0,-1.9499999253864349,0.19700005619322286,-0.4345159395690814,0.0
1759838823.1363873,1,-1.2050001621245956,-0.8299997448920943,-0.7177030444144975,0.0,-1.734999179840088,-0.34999901056289673,-0.7177046537399292,0.0,-1.9499999253864349,0.19700005619322286,-0.4345159395690814,0.0
1759838823.1503873,1,-1.2050001621245956,-0.8299997448920943,-0.7177030444144975,0.0,-1.734999179840088,-0.34999901056289673,-0.7177046537399292,0.0,-1.9499999253864349,0.19700005619322286,-0.4345159395690814,0.0
1759838823.1609883,1,-1.2050001621245956,-0.8299997448920943,-0.7177030444144975,0.0,-1.734999179840088,-0.34999901056289673,-0.7177046537399292,0.0,-1.9499999253864349,0.19700005619322286,-0.4345159395690814,0.0
1759838823.1711113,1,-1.2050001621245956,-0.8299997448920943,-0.7177030444144975,0.0,-1.734999179840088,-0.34999901056289673,-0.7177046537399292,0.0,-1.9499999253864349,0.19700005619322286,-0.4345159395690814,0.0
1759838823.183717,1,-1.2050001621245956,-0.8299997448920943,-0.7177030444144975,0.0,-1.734999179840088,-0.34999901056289673,-0.7177046537399292,0.0,-1.9499999253864349,0.19700005619322286,-0.4345159395690814,0.0
1759838823.2008798,1,-1.2050001621245956,-0.8299997448920943,-0.7177030444144975,0.0,-1.734999179840088,-0.34999901056289673,-0.7177046537399292,0.0,-1.9499999253864349,0.19700005619322286,-0.4345159395690814,0.0
1759838823.2118163,1,-1.2050001621245956,-0.8299997448920943,-0.7177030444144975,0.0,-1.734999179840088,-0.34999901056289673,-0.7177046537399292,0.0,-1.9499999253864349,0.19700005619322286,-0.4345159395690814,0.0
1759838823.225566,1,-1.2050001621245956,-0.8299997448920943,-0.7177030444144975,0.0,-1.734999179840088,-0.34999901056289673,-0.7177046537399292,0.0,-1.9499999253864349,0.19700005619322286,-0.4345159395690814,0.0
1759838823.2370694,1,-1.2050001621245956,-0.8299997448920943,-0.7177030444144975,0.0,-1.734999179840088,-0.34999901056289673,-0.7177046537399292,0.0,-1.9499999253864349,0.19700005619322286,-0.4345159395690814,0.0
1759838823.250332,1,-1.2050001621245956,-0.8299997448920943,-0.7177030444144975,0.0,-1.734999179840088,-0.34999901056289673,-0.7177046537399292,0.0,-1.9499999253864349,0.19700005619322286,-0.4345159395690814,0.0
1759838823.2695823,1,-1.2050001621245956,-0.8299997448920943,-0.7177030444144975,0.0,-1.734999179840088,-0.34999901056289673,-0.7177046537399292,0.0,-1.9499999253864349,0.19700005619322286,-0.4345159395690814,0.0
1759838823.283533,1,-1.2050001621245956,-0.8299997448920943,-0.7177030444144975,0.0,-1.734999179840088,-0.34999901056289673,-0.7177046537399292,0.0,-1.9499999253864349,0.19700005619322286,-0.4345159395690814,0.0
1759838823.3005643,1,-1.2050001621245956,-0.8299997448920943,-0.7177030444144975,0.0,-1.734999179840088,-0.34999901056289673,-0.7177046537399292,0.0,-1.9499999253864349,0.19700005619322286,-0.4345159395690814,0.0
1759838823.3114784,1,-1.2050001621245956,-0.8299997448920943,-0.7177030444144975,0.0,-1.734999179840088,-0.34999901056289673,-0.7177046537399292,0.0,-1.9499999253864349,0.19700005619322286,-0.4345159395690814,0.0
1759838823.3240023,1,-1.2050001621245956,-0.8299997448920943,-0.7177030444144975,0.0,-1.734999179840088,-0.34999901056289673,-0.7177046537399292,0.0,-1.9499999253864349,0.19700005619322286,-0.4345159395690814,0.0
1759838823.3345425,1,-1.2050001621245956,-0.8299997448920943,-0.7177030444144975,0.0,-1.734999179840088,-0.34999901056289673,-0.7177046537399292,0.0,-1.9499999253864349,0.19700005619322286,-0.4345159395690814,0.0
1759838823.3449402,1,-1.2050001621245956,-0.8299997448920943,-0.7177030444144975,0.0,-1.734999179840088,-0.34999901056289673,-0.7177046537399292,0.0,-1.9499999253864349,0.19700005619322286,-0.4345159395690814,0.0
1759838823.3587995,1,-1.2050001621245956,-0.8299997448920943,-0.7177030444144975,0.0,-1.734999179840088,-0.34999901056289673,-0.7177046537399292,0.0,-1.9499999253864349,0.19700005619322286,-0.4345159395690814,0.0
1759838823.368945,1,-1.2050001621245956,-0.8299997448920943,-0.7177030444144975,0.0,-1.734999179840088,-0.34999901056289673,-0.7177046537399292,0.0,-1.9499999253864349,0.19700005619322286,-0.4345159395690814,0.0
1759838823.3827026,1,-1.2050001621245956,-0.8299997448920943,-0.7177030444144975,0.0,-1.734999179840088,-0.34999901056289673,-0.7177046537399292,0.0,-1.9499999253864349,0.19700005619322286,-0.4345159395690814,0.0
1759838823.4006596,1,-1.2050001621245956,-0.8299997448920943,-0.7177030444144975,0.0,-1.734999179840088,-0.34999901056289673,-0.7177046537399292,0.0,-1.9499999253864349,0.19700005619322286,-0.4345159395690814,0.0
1759838823.4117618,1,-1.2050001621245956,-0.8299997448920943,-0.7177030444144975,0.0,-1.734999179840088,-0.34999901056289673,-0.7177046537399292,0.0,-1.9499999253864349,0.19700005619322286,-0.4345159395690814,0.0
1759838823.4219897,1,-1.2050001621245956,-0.8299997448920943,-0.7177030444144975,0.0,-1.734999179840088,-0.34999901056289673,-0.7177046537399292,0.0,-1.9499999253864349,0.19700005619322286,-0.4345159395690814,0.0
1759838823.4367797,1,-1.2050001621245956,-0.8299997448920943,-0.7177030444144975,0.0,-1.734999179840088,-0.34999901056289673,-0.7177046537399292,0.0,-1.9499999253864349,0.19700005619322286,-0.4345159395690814,0.0
1759838823.453215,1,-1.2050001621245956,-0.8299997448920943,-0.7177030444144975,0.0,-1.734999179840088,-0.34999901056289673,-0.7177046537399292,0.0,-1.9499999253864349,0.19700005619322286,-0.4345159395690814,0.0
1759838823.4643614,1,-1.2050001621245956,-0.8299997448920943,-0.7177030444144975,0.0,-1.734999179840088,-0.34999901056289673,-0.7177046537399292,0.0,-1.9499999253864349,0.19700005619322286,-0.4345159395690814,0.0
1759838823.4782534,1,-1.2050001621245956,-0.8299997448920943,-0.7177030444144975,0.0,-1.734999179840088,-0.34999901056289673,-0.7177046537399292,0.0,-1.9499999253864349,0.19700005619322286,-0.4345159395690814,0.0
1759838823.4885695,1,-1.2050001621245956,-0.8299997448920943,-0.7177030444144975,0.0,-1.734999179840088,-0.34999901056289673,-0.7177046537399292,0.0,-1.9499999253864349,0.19700005619322286,-0.4345159395690814,0.0
1759838823.5110064,1,-1.2050001621245956,-0.8299997448920943,-0.7177030444144975,0.0,-1.734999179840088,-0.34999901056289673,-0.7177046537399292,0.0,-1.9499999253864349,0.19700005619322286,-0.4345159395690814,0.0
1759838823.5214849,1,-1.2050001621245956,-0.8299997448920943,-0.7177030444144975,0.0,-1.734999179840088,-0.34999901056289673,-0.7177046537399292,0.0,-1.9499999253864349,0.19700005619322286,-0.4345159395690814,0.0
1759838823.5332441,1,-1.2050001621245956,-0.8299997448920943,-0.7177030444144975,0.0,-1.734999179840088,-0.34999901056289673,-0.7177046537399292,0.0,-1.9499999253864349,0.19700005619322286,-0.4345159395690814,0.0
1759838823.5545042,1,-1.2050001621245956,-0.8299997448920943,-0.7177030444144975,0.0,-1.734999179840088,-0.34999901056289673,-0.7177046537399292,0.0,-1.9499999253864349,0.19700005619322286,-0.4345159395690814,0.0
1759838823.568165,1,-1.2050001621245956,-0.8299997448920943,-0.7177030444144975,0.0,-1.734999179840088,-0.34999901056289673,-0.7177046537399292,0.0,-1.9499999253864349,0.19700005619322286,-0.4345159395690814,0.0
1759838823.5861266,1,-1.2050001621245956,-0.8299997448920943,-0.7177030444144975,0.0,-1.734999179840088,-0.34999901056289673,-0.7177046537399292,0.0,-1.9499999253864349,0.19700005619322286,-0.4345159395690814,0.0
1759838823.609514,1,-1.2050001621245956,-0.8299997448920943,-0.7177030444144975,0.0,-1.734999179840088,-0.34999901056289673,-0.7177046537399292,0.0,-1.9499999253864349,0.19700005619322286,-0.4345159395690814,0.0
1759838823.6227028,1,-1.2050001621245956,-0.8299997448920943,-0.7177030444144975,0.0,-1.734999179840088,-0.34999901056289673,-0.7177046537399292,0.0,-1.9499999253864349,0.19700005619322286,-0.4345159395690814,0.0
1759838823.6379907,1,-1.2050001621245956,-0.8299997448920943,-0.7177030444144975,0.0,-1.734999179840088,-0.34999901056289673,-0.7177046537399292,0.0,-1.9499999253864349,0.19700005619322286,-0.4345159395690814,0.0
1759838823.653209,1,-1.2050001621245956,-0.8299997448920943,-0.7177030444144975,0.0,-1.734999179840088,-0.34999901056289673,-0.7177046537399292,0.0,-1.9499999253864349,0.19700005619322286,-0.4345159395690814,0.0
1759838823.6669884,1,-1.2050001621245956,-0.8299997448920943,-0.7177030444144975,0.0,-1.734999179840088,-0.34999901056289673,-0.7177046537399292,0.0,-1.9499999253864349,0.19700005619322286,-0.4345159395690814,0.0
1759838823.6772587,1,-1.2050001621245956,-0.8299997448920943,-0.7177030444144975,0.0,-1.734999179840088,-0.34999901056289673,-0.7177046537399292,0.0,-1.9499999253864349,0.19700005619322286,-0.4345159395690814,0.0
1759838823.688492,1,-1.2050001621245956,-0.8299997448920943,-0.7177030444144975,0.0,-1.734999179840088,-0.34999901056289673,-0.7177046537399292,0.0,-1.9499999253864349,0.19700005619322286,-0.4345159395690814,0.0
1759838823.6993392,1,-1.2050001621245956,-0.8299997448920943,-0.7177030444144975,0.0,-1.734999179840088,-0.34999901056289673,-0.7177046537399292,0.0,-1.9499999253864349,0.19700005619322286,-0.4345159395690814,0.0
1759838823.7105238,1,-1.2050001621245956,-0.8299997448920943,-0.7177030444144975,0.0,-1.734999179840088,-0.34999901056289673,-0.7177046537399292,0.0,-1.9499999253864349,0.19700005619322286,-0.4345159395690814,0.0
1759838823.7218385,1,-1.2050001621245956,-0.8299997448920943,-0.7177030444144975,0.0,-1.734999179840088,-0.34999901056289673,-0.7177046537399292,0.0,-1.9499999253864349,0.19700005619322286,-0.4345159395690814,0.0
1759838823.73304,1,-1.2050001621245956,-0.8299997448920943,-0.7177030444144975,0.0,-1.734999179840088,-0.34999901056289673,-0.7177046537399292,0.0,-1.9499999253864349,0.19700005619322286,-0.4345159395690814,0.0
1759838823.7441738,1,-1.2050001621245956,-0.8299997448920943,-0.7177030444144975,0.0,-1.734999179840088,-0.34999901056289673,-0.7177046537399292,0.0,-1.9499999253864349,0.19700005619322286,-0.4345159395690814,0.0
1759838823.763343,1,-1.2050001621245956,-0.8299997448920943,-0.7177030444144975,0.0,-1.734999179840088,-0.34999901056289673,-0.7177046537399292,0.0,-1.9499999253864349,0.19700005619322286,-0.4345159395690814,0.0
1759838823.773344,1,-1.2050001621245956,-0.8299997448920943,-0.7177030444144975,0.0,-1.734999179840088,-0.34999901056289673,-0.7177046537399292,0.0,-1.9499999253864349,0.19700005619322286,-0.4345159395690814,0.0
1759838823.7881896,1,-1.2050001621245956,-0.8299997448920943,-0.7177030444144975,0.0,-1.734999179840088,-0.34999901056289673,-0.7177046537399292,0.0,-1.9499999253864349,0.19700005619322286,-0.4345159395690814,0.0
1759838823.8132064,1,-1.2050001621245956,-0.8299997448920943,-0.7177030444144975,0.0,-1.734999179840088,-0.34999901056289673,-0.7177046537399292,0.0,-1.9499999253864349,0.19700005619322286,-0.4345159395690814,0.0
1759838823.8246698,1,-1.2050001621245956,-0.8299997448920943,-0.7177030444144975,0.0,-1.734999179840088,-0.34999901056289673,-0.7177046537399292,0.0,-1.9499999253864349,0.19700005619322286,-0.4345159395690814,0.0
1759838823.83531,1,-1.2050001621245956,-0.8299997448920943,-0.7177030444144975,0.0,-1.734999179840088,-0.34999901056289673,-0.7177046537399292,0.0,-1.9499999253864349,0.19700005619322286,-0.4345159395690814,0.0
1759838823.8513012,1,-1.2050001621245956,-0.8299997448920943,-0.7177030444144975,0.0,-1.734999179840088,-0.34999901056289673,-0.7177046537399292,0.0,-1.9499999253864349,0.19700005619322286,-0.4345159395690814,0.0
1759838823.8624542,1,-1.2050001621245956,-0.8299997448920943,-0.7177030444144975,0.0,-1.734999179840088,-0.34999901056289673,-0.7177046537399292,0.0,-1.9499999253864349,0.19700005619322286,-0.4345159395690814,0.0
1759838823.8752806,1,-1.2050001621245956,-0.8299997448920943,-0.7177030444144975,0.0,-1.734999179840088,-0.34999901056289673,-0.7177046537399292,0.0,-1.9499999253864349,0.19700005619322286,-0.4345159395690814,0.0
1759838823.8865888,1,-1.2050001621245956,-0.8299997448920943,-0.7177030444144975,0.0,-1.734999179840088,-0.34999901056289673,-0.7177046537399292,0.0,-1.9499999253864349,0.19700005619322286,-0.4345159395690814,0.0
1759838823.900179,1,-1.2050001621245956,-0.8299997448920943,-0.7177030444144975,0.0,-1.734999179840088,-0.34999901056289673,-0.7177046537399292,0.0,-1.9499999253864349,0.19700005619322286,-0.4345159395690814,0.0
1759838823.9114735,1,-1.2050001621245956,-0.8299997448920943,-0.7177030444144975,0.0,-1.734999179840088,-0.34999901056289673,-0.7177046537399292,0.0,-1.9499999253864349,0.19700005619322286,-0.4345159395690814,0.0
1759838823.9247015,1,-1.2050001621245956,-0.8299997448920943,-0.7177030444144975,0.0,-1.734999179840088,-0.34999901056289673,-0.7177046537399292,0.0,-1.9499999253864349,0.19700005619322286,-0.4345159395690814,0.0
1759838823.935638,1,-1.2050001621245956,-0.8299997448920943,-0.7177030444144975,0.0,-1.734999179840088,-0.34999901056289673,-0.7177046537399292,0.0,-1.9499999253864349,0.19700005619322286,-0.4345159395690814,0.0
1759838823.9496017,1,-1.2050001621245956,-0.8299997448920943,-0.7177030444144975,0.0,-1.734999179840088,-0.34999901056289673,-0.7177046537399292,0.0,-1.9499999253864349,0.19700005619322286,-0.4345159395690814,0.0
1759838823.9608972,1,-1.2050001621245956,-0.8299997448920943,-0.7177030444144975,0.0,-1.734999179840088,-0.34999901056289673,-0.7177046537399292,0.0,-1.9499999253864349,0.19700005619322286,-0.4345159395690814,0.0
1759838823.9730709,1,-1.2050001621245956,-0.8299997448920943,-0.7177030444144975,0.0,-1.734999179840088,-0.34999901056289673,-0.7177046537399292,0.0,-1.9499999253864349,0.19700005619322286,-0.4345159395690814,0.0
1759838823.984468,1,-1.2050001621245956,-0.8299997448920943,-0.7177030444144975,0.0,-1.734999179840088,-0.34999901056289673,-0.7177046537399292,0.0,-1.9499999253864349,0.19700005619322286,-0.4345159395690814,0.0
1759838823.9958303,1,-1.2050001621245956,-0.8299997448920943,-0.7177030444144975,0.0,-1.734999179840088,-0.34999901056289673,-0.7177046537399292,0.0,-1.9499999253864349,0.19700005619322286,-0.4345159395690814,0.0
1759838824.010151,1,-1.2050001621245956,-0.8299997448920943,-0.7177030444144975,0.0,-1.734999179840088,-0.34999901056289673,-0.7177046537399292,0.0,-1.9499999253864349,0.19700005619322286,-0.4345159395690814,0.0
1759838824.0202394,1,-1.2050001621245956,-0.8299997448920943,-0.7177030444144975,0.0,-1.734999179840088,-0.34999901056289673,-0.7177046537399292,0.0,-1.9499999253864349,0.19700005619322286,-0.4345159395690814,0.0
1759838824.0323188,1,-1.2050001621245956,-0.8299997448920943,-0.7177030444144975,0.0,-1.734999179840088,-0.34999901056289673,-0.7177046537399292,0.0,-1.9499999253864349,0.19700005619322286,-0.4345159395690814,0.0
1759838824.0425751,1,-1.2050001621245956,-0.8299997448920943,-0.7177030444144975,0.0,-1.734999179840088,-0.34999901056289673,-0.7177046537399292,0.0,-1.9499999253864349,0.19700005619322286,-0.4345159395690814,0.0
1759838824.052585,1,-1.2050001621245956,-0.8299997448920943,-0.7177030444144975,0.0,-1.734999179840088,-0.34999901056289673,-0.7177046537399292,0.0,-1.9499999253864349,0.19700005619322286,-0.4345159395690814,0.0
1759838824.062826,1,-1.2050001621245956,-0.8299997448920943,-0.7177030444144975,0.0,-1.734999179840088,-0.34999901056289673,-0.7177046537399292,0.0,-1.9499999253864349,0.19700005619322286,-0.4345159395690814,0.0
1759838824.0731227,1,-1.2050001621245956,-0.8299997448920943,-0.7177030444144975,0.0,-1.734999179840088,-0.34999901056289673,-0.7177046537399292,0.0,-1.9499999253864349,0.19700005619322286,-0.4345159395690814,0.0
1759838824.083553,1,-1.2050001621245956,-0.8299997448920943,-0.7177030444144975,0.0,-1.734999179840088,-0.34999901056289673,-0.7177046537399292,0.0,-1.9499999253864349,0.19700005619322286,-0.4345159395690814,0.0
1759838824.0946395,1,-1.2050001621245956,-0.8299997448920943,-0.7177030444144975,0.0,-1.734999179840088,-0.34999901056289673,-0.7177046537399292,0.0,-1.9499999253864349,0.19700005619322286,-0.4345159395690814,0.0
1759838824.1069114,1,-1.2050001621245956,-0.8299997448920943,-0.7177030444144975,0.0,-1.734999179840088,-0.34999901056289673,-0.7177046537399292,0.0,-1.9499999253864349,0.19700005619322286,-0.4345159395690814,0.0
1759838824.1172874,1,-1.2050001621245956,-0.8299997448920943,-0.7177030444144975,0.0,-1.734999179840088,-0.34999901056289673,-0.7177046537399292,0.0,-1.9499999253864349,0.19700005619322286,-0.4345159395690814,0.0
1759838824.1278982,1,-1.2050001621245956,-0.8299997448920943,-0.7177030444144975,0.0,-1.734999179840088,-0.34999901056289673,-0.7177046537399292,0.0,-1.9499999253864349,0.19700005619322286,-0.4345159395690814,0.0
1759838824.1381595,1,-1.2050001621245956,-0.8299997448920943,-0.7177030444144975,0.0,-1.734999179840088,-0.34999901056289673,-0.7177046537399292,0.0,-1.9499999253864349,0.19700005619322286,-0.4345159395690814,0.0
1759838824.1486876,1,-1.2050001621245956,-0.8299997448920943,-0.7177030444144975,0.0,-1.734999179840088,-0.34999901056289673,-0.7177046537399292,0.0,-1.9499999253864349,0.19700005619322286,-0.4345159395690814,0.0
1759838824.1599596,1,-1.2050001621245956,-0.8299997448920943,-0.7177030444144975,0.0,-1.734999179840088,-0.34999901056289673,-0.7177046537399292,0.0,-1.9499999253864349,0.19700005619322286,-0.4345159395690814,0.0
1759838824.1707618,1,-1.2050001621245956,-0.8299997448920943,-0.7177030444144975,0.0,-1.734999179840088,-0.34999901056289673,-0.7177046537399292,0.0,-1.9499999253864349,0.19700005619322286,-0.4345159395690814,0.0
1759838824.1831143,1,-1.2050001621245956,-0.8299997448920943,-0.7177030444144975,0.0,-1.734999179840088,-0.34999901056289673,-0.7177046537399292,0.0,-1.9499999253864349,0.19700005619322286,-0.4345159395690814,0.0
1759838824.1954975,1,-1.2050001621245956,-0.8299997448920943,-0.7177030444144975,0.0,-1.734999179840088,-0.34999901056289673,-0.7177046537399292,0.0,-1.9499999253864349,0.19700005619322286,-0.4345159395690814,0.0
1759838824.2142875,1,-1.2050001621245956,-0.8299997448920943,-0.7177030444144975,0.0,-1.734999179840088,-0.34999901056289673,-0.7177046537399292,0.0,-1.9499999253864349,0.19700005619322286,-0.4345159395690814,0.0
1759838824.2228773,1,-1.2050001621245956,-0.8299997448920943,-0.7177030444144975,0.0,-1.734999179840088,-0.34999901056289673,-0.7177046537399292,0.0,-1.9499999253864349,0.19700005619322286,-0.4345159395690814,0.0
1759838824.2334285,1,-1.2050001621245956,-0.8299997448920943,-0.7177030444144975,0.0,-1.734999179840088,-0.34999901056289673,-0.7177046537399292,0.0,-1.9499999253864349,0.19700005619322286,-0.4345159395690814,0.0
1759838824.2434914,1,-1.2050001621245956,-0.8299997448920943,-0.7177030444144975,0.0,-1.734999179840088,-0.34999901056289673,-0.7177046537399292,0.0,-1.9499999253864349,0.19700005619322286,-0.4345159395690814,0.0
1759838824.2537746,1,-1.2050001621245956,-0.8299997448920943,-0.7177030444144975,0.0,-1.734999179840088,-0.34999901056289673,-0.7177046537399292,0.0,-1.9499999253864349,0.19700005619322286,-0.4345159395690814,0.0
1759838824.2642558,1,-1.2050001621245956,-0.8299997448920943,-0.7177030444144975,0.0,-1.734999179840088,-0.34999901056289673,-0.7177046537399292,0.0,-1.9499999253864349,0.19700005619322286,-0.4345159395690814,0.0
1759838824.275316,1,-1.2050001621245956,-0.8299997448920943,-0.7177030444144975,0.0,-1.734999179840088,-0.34999901056289673,-0.7177046537399292,0.0,-1.9499999253864349,0.19700005619322286,-0.4345159395690814,0.0
1759838824.288232,1,-1.2050001621245956,-0.8299997448920943,-0.7177030444144975,0.0,-1.734999179840088,-0.34999901056289673,-0.7177046537399292,0.0,-1.9499999253864349,0.19700005619322286,-0.4345159395690814,0.0
1759838824.2984266,1,-1.2050001621245956,-0.8299997448920943,-0.7177030444144975,0.0,-1.734999179840088,-0.34999901056289673,-0.7177046537399292,0.0,-1.9499999253864349,0.19700005619322286,-0.4345159395690814,0.0
1759838824.3087976,1,-1.2050001621245956,-0.8299997448920943,-0.7177030444144975,0.0,-1.734999179840088,-0.34999901056289673,-0.7177046537399292,0.0,-1.9499999253864349,0.19700005619322286,-0.4345159395690814,0.0
1759838824.320803,1,-1.2050001621245956,-0.8299997448920943,-0.7177030444144975,0.0,-1.734999179840088,-0.34999901056289673,-0.7177046537399292,0.0,-1.9499999253864349,0.19700005619322286,-0.4345159395690814,0.0
1759838824.3322036,1,-1.2050001621245956,-0.8299997448920943,-0.7177030444144975,0.0,-1.734999179840088,-0.34999901056289673,-0.7177046537399292,0.0,-1.9499999253864349,0.19700005619322286,-0.4345159395690814,0.0
1759838824.3436801,1,-1.2050001621245956,-0.8299997448920943,-0.7177030444144975,0.0,-1.734999179840088,-0.34999901056289673,-0.7177046537399292,0.0,-1.9499999253864349,0.19700005619322286,-0.4345159395690814,0.0
1759838824.3545024,1,-1.2050001621245956,-0.8299997448920943,-0.7177030444144975,0.0,-1.734999179840088,-0.34999901056289673,-0.7177046537399292,0.0,-1.9499999253864349,0.19700005619322286,-0.4345159395690814,0.0
1759838824.3647583,1,-1.2050001621245956,-0.8299997448920943,-0.7177030444144975,0.0,-1.734999179840088,-0.34999901056289673,-0.7177046537399292,0.0,-1.9499999253864349,0.19700005619322286,-0.4345159395690814,0.0
1759838824.3780165,1,-1.2050001621245956,-0.8299997448920943,-0.7177030444144975,0.0,-1.734999179840088,-0.34999901056289673,-0.7177046537399292,0.0,-1.9499999253864349,0.19700005619322286,-0.4345159395690814,0.0
1759838824.3892353,1,-1.2050001621245956,-0.8299997448920943,-0.7177030444144975,0.0,-1.734999179840088,-0.34999901056289673,-0.7177046537399292,0.0,-1.9499999253864349,0.19700005619322286,-0.4345159395690814,0.0
1759838824.3994,1,-1.2050001621245956,-0.8299997448920943,-0.7177030444144975,0.0,-1.734999179840088,-0.34999901056289673,-0.7177046537399292,0.0,-1.9499999253864349,0.19700005619322286,-0.4345159395690814,0.0
1759838824.4169543,1,-1.2050001621245956,-0.8299997448920943,-0.7177030444144975,0.0,-1.734999179840088,-0.34999901056289673,-0.7177046537399292,0.0,-1.9499999253864349,0.19700005619322286,-0.4345159395690814,0.0
1759838824.4252548,1,-1.2050001621245956,-0.8299997448920943,-0.7177030444144975,0.0,-1.734999179840088,-0.34999901056289673,-0.7177046537399292,0.0,-1.9499999253864349,0.19700005619322286,-0.4345159395690814,0.0
1759838824.436422,1,-1.2050001621245956,-0.8299997448920943,-0.7177030444144975,0.0,-1.734999179840088,-0.34999901056289673,-0.7177046537399292,0.0,-1.9499999253864349,0.19700005619322286,-0.4345159395690814,0.0
1759838824.4480546,1,-1.2050001621245956,-0.8299997448920943,-0.7177030444144975,0.0,-1.734999179840088,-0.34999901056289673,-0.7177046537399292,0.0,-1.9499999253864349,0.19700005619322286,-0.4345159395690814,0.0
1759838824.460731,1,-1.2050001621245956,-0.8299997448920943,-0.7177030444144975,0.0,-1.734999179840088,-0.34999901056289673,-0.7177046537399292,0.0,-1.9499999253864349,0.19700005619322286,-0.4345159395690814,0.0
1759838824.4722402,1,-1.2050001621245956,-0.8299997448920943,-0.7177030444144975,0.0,-1.734999179840088,-0.34999901056289673,-0.7177046537399292,0.0,-1.9499999253864349,0.19700005619322286,-0.4345159395690814,0.0
1759838824.483197,1,-1.2050001621245956,-0.8299997448920943,-0.7177030444144975,0.0,-1.734999179840088,-0.34999901056289673,-0.7177046537399292,0.0,-1.9499999253864349,0.19700005619322286,-0.4345159395690814,0.0
1759838824.4991145,1,-1.2050001621245956,-0.8299997448920943,-0.7177030444144975,0.0,-1.734999179840088,-0.34999901056289673,-0.7177046537399292,0.0,-1.9499999253864349,0.19700005619322286,-0.4345159395690814,0.0
1759838824.5171852,1,-1.2050001621245956,-0.8299997448920943,-0.7177030444144975,0.0,-1.734999179840088,-0.34999901056289673,-0.7177046537399292,0.0,-1.9499999253864349,0.19700005619322286,-0.4345159395690814,0.0
1759838824.5285919,1,-1.2050001621245956,-0.8299997448920943,-0.7177030444144975,0.0,-1.734999179840088,-0.34999901056289673,-0.7177046537399292,0.0,-1.9499999253864349,0.19700005619322286,-0.4345159395690814,0.0
1759838824.5417354,1,-1.2050001621245956,-0.8299997448920943,-0.7177030444144975,0.0,-1.734999179840088,-0.34999901056289673,-0.7177046537399292,0.0,-1.9499999253864349,0.19700005619322286,-0.4345159395690814,0.0
1759838824.5579617,1,-1.2050001621245956,-0.8299997448920943,-0.7177030444144975,0.0,-1.734999179840088,-0.34999901056289673,-0.7177046537399292,0.0,-1.9499999253864349,0.19700005619322286,-0.4345159395690814,0.0
1759838824.5684562,1,-1.2050001621245956,-0.8299997448920943,-0.7177030444144975,0.0,-1.734999179840088,-0.34999901056289673,-0.7177046537399292,0.0,-1.9499999253864349,0.19700005619322286,-0.4345159395690814,0.0
1759838824.5792446,1,-1.2050001621245956,-0.8299997448920943,-0.7177030444144975,0.0,-1.734999179840088,-0.34999901056289673,-0.7177046537399292,0.0,-1.9499999253864349,0.19700005619322286,-0.4345159395690814,0.0
1759838824.5934012,1,-1.2050001621245956,-0.8299997448920943,-0.7177030444144975,0.0,-1.734999179840088,-0.34999901056289673,-0.7177046537399292,0.0,-1.9499999253864349,0.19700005619322286,-0.4345159395690814,0.0
1759838824.6043847,1,-1.2050001621245956,-0.8299997448920943,-0.7177030444144975,0.0,-1.734999179840088,-0.34999901056289673,-0.7177046537399292,0.0,-1.9499999253864349,0.19700005619322286,-0.4345159395690814,0.0
1759838824.6263862,1,-1.2050001621245956,-0.8299997448920943,-0.7177030444144975,0.0,-1.734999179840088,-0.34999901056289673,-0.7177046537399292,0.0,-1.9499999253864349,0.19700005619322286,-0.4345159395690814,0.0
1759838824.6368148,1,-1.2050001621245956,-0.8299997448920943,-0.7177030444144975,0.0,-1.734999179840088,-0.34999901056289673,-0.7177046537399292,0.0,-1.9499999253864349,0.19700005619322286,-0.4345159395690814,0.0
1759838824.6481118,1,-1.2050001621245956,-0.8299997448920943,-0.7177030444144975,0.0,-1.734999179840088,-0.34999901056289673,-0.7177046537399292,0.0,-1.9499999253864349,0.19700005619322286,-0.4345159395690814,0.0
1759838824.662269,1,-1.2050001621245956,-0.8299997448920943,-0.7177030444144975,0.0,-1.734999179840088,-0.34999901056289673,-0.7177046537399292,0.0,-1.9499999253864349,0.19700005619322286,-0.4345159395690814,0.0
1759838824.673685,1,-1.2050001621245956,-0.8299997448920943,-0.7177030444144975,0.0,-1.734999179840088,-0.34999901056289673,-0.7177046537399292,0.0,-1.9499999253864349,0.19700005619322286,-0.4345159395690814,0.0
1759838824.6875467,1,-1.2050001621245956,-0.8299997448920943,-0.7177030444144975,0.0,-1.734999179840088,-0.34999901056289673,-0.7177046537399292,0.0,-1.9499999253864349,0.19700005619322286,-0.4345159395690814,0.0
1759838824.6978106,1,-1.2050001621245956,-0.8299997448920943,-0.7177030444144975,0.0,-1.734999179840088,-0.34999901056289673,-0.7177046537399292,0.0,-1.9499999253864349,0.19700005619322286,-0.4345159395690814,0.0
1759838824.71014,1,-1.2050001621245956,-0.8299997448920943,-0.7177030444144975,0.0,-1.734999179840088,-0.34999901056289673,-0.7177046537399292,0.0,-1.9499999253864349,0.19700005619322286,-0.4345159395690814,0.0
1759838824.7215374,1,-1.2050001621245956,-0.8299997448920943,-0.7177030444144975,0.0,-1.734999179840088,-0.34999901056289673,-0.7177046537399292,0.0,-1.9499999253864349,0.19700005619322286,-0.4345159395690814,0.0
1759838824.732639,1,-1.2050001621245956,-0.8299997448920943,-0.7177030444144975,0.0,-1.734999179840088,-0.34999901056289673,-0.7177046537399292,0.0,-1.9499999253864349,0.19700005619322286,-0.4345159395690814,0.0
1759838824.7445102,1,-1.2050001621245956,-0.8299997448920943,-0.7177030444144975,0.0,-1.734999179840088,-0.34999901056289673,-0.7177046537399292,0.0,-1.9499999253864349,0.19700005619322286,-0.4345159395690814,0.0
1759838824.7554753,1,-1.2050001621245956,-0.8299997448920943,-0.7177030444144975,0.0,-1.734999179840088,-0.34999901056289673,-0.7177046537399292,0.0,-1.9499999253864349,0.19700005619322286,-0.4345159395690814,0.0
1759838824.7668364,1,-1.2050001621245956,-0.8299997448920943,-0.7177030444144975,0.0,-1.734999179840088,-0.34999901056289673,-0.7177046537399292,0.0,-1.9499999253864349,0.19700005619322286,-0.4345159395690814,0.0
1759838824.7809246,1,-1.2050001621245956,-0.8299997448920943,-0.7177030444144975,0.0,-1.734999179840088,-0.34999901056289673,-0.7177046537399292,0.0,-1.9499999253864349,0.19700005619322286,-0.4345159395690814,0.0
1759838824.7914257,1,-1.2050001621245956,-0.8299997448920943,-0.7177030444144975,0.0,-1.734999179840088,-0.34999901056289673,-0.7177046537399292,0.0,-1.9499999253864349,0.19700005619322286,-0.4345159395690814,0.0
1759838824.8027892,1,-1.2050001621245956,-0.8299997448920943,-0.7177030444144975,0.0,-1.734999179840088,-0.34999901056289673,-0.7177046537399292,0.0,-1.9499999253864349,0.19700005619322286,-0.4345159395690814,0.0
1759838824.813198,1,-1.2050001621245956,-0.8299997448920943,-0.7177030444144975,0.0,-1.734999179840088,-0.34999901056289673,-0.7177046537399292,0.0,-1.9499999253864349,0.19700005619322286,-0.4345159395690814,0.0
1759838824.829778,1,-1.2050001621245956,-0.8299997448920943,-0.7177030444144975,0.0,-1.734999179840088,-0.34999901056289673,-0.7177046537399292,0.0,-1.9499999253864349,0.19700005619322286,-0.4345159395690814,0.0
1759838824.8380659,1,-1.2050001621245956,-0.8299997448920943,-0.7177030444144975,0.0,-1.734999179840088,-0.34999901056289673,-0.7177046537399292,0.0,-1.9499999253864349,0.19700005619322286,-0.4345159395690814,0.0
1759838824.8495002,1,-1.2050001621245956,-0.8299997448920943,-0.7177030444144975,0.0,-1.734999179840088,-0.34999901056289673,-0.7177046537399292,0.0,-1.9499999253864349,0.19700005619322286,-0.4345159395690814,0.0
1759838824.8601198,1,-1.2050001621245956,-0.8299997448920943,-0.7177030444144975,0.0,-1.734999179840088,-0.34999901056289673,-0.7177046537399292,0.0,-1.9499999253864349,0.19700005619322286,-0.4345159395690814,0.0
1759838824.8709168,1,-1.2050001621245956,-0.8299997448920943,-0.7177030444144975,0.0,-1.734999179840088,-0.34999901056289673,-0.7177046537399292,0.0,-1.9499999253864349,0.19700005619322286,-0.4345159395690814,0.0
1759838824.8811834,1,-1.2050001621245956,-0.8299997448920943,-0.7177030444144975,0.0,-1.734999179840088,-0.34999901056289673,-0.7177046537399292,0.0,-1.9499999253864349,0.19700005619322286,-0.4345159395690814,0.0
1759838824.8924289,1,-1.2050001621245956,-0.8299997448920943,-0.7177030444144975,0.0,-1.734999179840088,-0.34999901056289673,-0.7177046537399292,0.0,-1.9499999253864349,0.19700005619322286,-0.4345159395690814,0.0
1759838824.9032657,1,-1.2050001621245956,-0.8299997448920943,-0.7177030444144975,0.0,-1.734999179840088,-0.34999901056289673,-0.7177046537399292,0.0,-1.9499999253864349,0.19700005619322286,-0.4345159395690814,0.0
1759838824.9138496,1,-1.2050001621245956,-0.8299997448920943,-0.7177030444144975,0.0,-1.734999179840088,-0.34999901056289673,-0.7177046537399292,0.0,-1.9499999253864349,0.19700005619322286,-0.4345159395690814,0.0
1759838824.9247508,1,-1.2050001621245956,-0.8299997448920943,-0.7177030444144975,0.0,-1.734999179840088,-0.34999901056289673,-0.7177046537399292,0.0,-1.9499999253864349,0.19700005619322286,-0.4345159395690814,0.0
1759838824.9347832,1,-1.2050001621245956,-0.8299997448920943,-0.7177030444144975,0.0,-1.734999179840088,-0.34999901056289673,-0.7177046537399292,0.0,-1.9499999253864349,0.19700005619322286,-0.4345159395690814,0.0
1759838824.9450333,1,-1.2050001621245956,-0.8299997448920943,-0.7177030444144975,0.0,-1.734999179840088,-0.34999901056289673,-0.7177046537399292,0.0,-1.9499999253864349,0.19700005619322286,-0.4345159395690814,0.0
1759838824.955556,1,-1.2050001621245956,-0.8299997448920943,-0.7177030444144975,0.0,-1.734999179840088,-0.34999901056289673,-0.7177046537399292,0.0,-1.9499999253864349,0.19700005619322286,-0.4345159395690814,0.0
1759838824.966922,1,-1.2050001621245956,-0.8299997448920943,-0.7177030444144975,0.0,-1.734999179840088,-0.34999901056289673,-0.7177046537399292,0.0,-1.9499999253864349,0.19700005619322286,-0.4345159395690814,0.0
1759838824.981485,1,-1.2050001621245956,-0.8299997448920943,-0.7177030444144975,0.0,-1.734999179840088,-0.34999901056289673,-0.7177046537399292,0.0,-1.9499999253864349,0.19700005619322286,-0.4345159395690814,0.0
1759838824.9919784,1,-1.2050001621245956,-0.8299997448920943,-0.7177030444144975,0.0,-1.734999179840088,-0.34999901056289673,-0.7177046537399292,0.0,-1.9499999253864349,0.19700005619322286,-0.4345159395690814,0.0
1759838825.0032256,1,-1.2050001621245956,-0.8299997448920943,-0.7177030444144975,0.0,-1.734999179840088,-0.34999901056289673,-0.7177046537399292,0.0,-1.9499999253864349,0.19700005619322286,-0.4345159395690814,0.0
1759838825.0132298,1,-1.2050001621245956,-0.8299997448920943,-0.7177030444144975,0.0,-1.734999179840088,-0.34999901056289673,-0.7177046537399292,0.0,-1.9499999253864349,0.19700005619322286,-0.4345159395690814,0.0
1759838825.030846,1,-1.2050001621245956,-0.8299997448920943,-0.7177030444144975,0.0,-1.734999179840088,-0.34999901056289673,-0.7177046537399292,0.0,-1.9499999253864349,0.19700005619322286,-0.4345159395690814,0.0
1759838825.039299,1,-1.2050001621245956,-0.8299997448920943,-0.7177030444144975,0.0,-1.734999179840088,-0.34999901056289673,-0.7177046537399292,0.0,-1.9499999253864349,0.19700005619322286,-0.4345159395690814,0.0
1759838825.0495107,1,-1.2050001621245956,-0.8299997448920943,-0.7177030444144975,0.0,-1.734999179840088,-0.34999901056289673,-0.7177046537399292,0.0,-1.9499999253864349,0.19700005619322286,-0.4345159395690814,0.0
1759838825.0599391,1,-1.2050001621245956,-0.8299997448920943,-0.7177030444144975,0.0,-1.734999179840088,-0.34999901056289673,-0.7177046537399292,0.0,-1.9499999253864349,0.19700005619322286,-0.4345159395690814,0.0
1759838825.0706196,1,-1.2050001621245956,-0.8299997448920943,-0.7177030444144975,0.0,-1.734999179840088,-0.34999901056289673,-0.7177046537399292,0.0,-1.9499999253864349,0.19700005619322286,-0.4345159395690814,0.0
1759838825.0813155,1,-1.2050001621245956,-0.8299997448920943,-0.7177030444144975,0.0,-1.734999179840088,-0.34999901056289673,-0.7177046537399292,0.0,-1.9499999253864349,0.19700005619322286,-0.4345159395690814,0.0
1759838825.0926552,1,-1.2050001621245956,-0.8299997448920943,-0.7177030444144975,0.0,-1.734999179840088,-0.34999901056289673,-0.7177046537399292,0.0,-1.9499999253864349,0.19700005619322286,-0.4345159395690814,0.0
1759838825.1041548,1,-1.2050001621245956,-0.8299997448920943,-0.7177030444144975,0.0,-1.734999179840088,-0.34999901056289673,-0.7177046537399292,0.0,-1.9499999253864349,0.19700005619322286,-0.4345159395690814,0.0
1759838825.1153874,1,-1.2050001621245956,-0.8299997448920943,-0.7177030444144975,0.0,-1.734999179840088,-0.34999901056289673,-0.7177046537399292,0.0,-1.9499999253864349,0.19700005619322286,-0.4345159395690814,0.0
1759838825.125582,1,-1.2050001621245956,-0.8299997448920943,-0.7177030444144975,0.0,-1.734999179840088,-0.34999901056289673,-0.7177046537399292,0.0,-1.9499999253864349,0.19700005619322286,-0.4345159395690814,0.0
1759838825.1362894,1,-1.2050001621245956,-0.8299997448920943,-0.7177030444144975,0.0,-1.734999179840088,-0.34999901056289673,-0.7177046537399292,0.0,-1.9499999253864349,0.19700005619322286,-0.4345159395690814,0.0
1759838825.1474867,1,-1.2050001621245956,-0.8299997448920943,-0.7177030444144975,0.0,-1.734999179840088,-0.34999901056289673,-0.7177046537399292,0.0,-1.9499999253864349,0.19700005619322286,-0.4345159395690814,0.0
1759838825.1581235,1,-1.2050001621245956,-0.8299997448920943,-0.7177030444144975,0.0,-1.734999179840088,-0.34999901056289673,-0.7177046537399292,0.0,-1.9499999253864349,0.19700005619322286,-0.4345159395690814,0.0
1759838825.1698463,1,-1.2050001621245956,-0.8299997448920943,-0.7177030444144975,0.0,-1.734999179840088,-0.34999901056289673,-0.7177046537399292,0.0,-1.9499999253864349,0.19700005619322286,-0.4345159395690814,0.0
1759838825.1825848,1,-1.2050001621245956,-0.8299997448920943,-0.7177030444144975,0.0,-1.734999179840088,-0.34999901056289673,-0.7177046537399292,0.0,-1.9499999253864349,0.19700005619322286,-0.4345159395690814,0.0
1759838825.1930597,1,-1.2050001621245956,-0.8299997448920943,-0.7177030444144975,0.0,-1.734999179840088,-0.34999901056289673,-0.7177046537399292,0.0,-1.9499999253864349,0.19700005619322286,-0.4345159395690814,0.0
1759838825.2044275,1,-1.2050001621245956,-0.8299997448920943,-0.7177030444144975,0.0,-1.734999179840088,-0.34999901056289673,-0.7177046537399292,0.0,-1.9499999253864349,0.19700005619322286,-0.4345159395690814,0.0
1759838825.214721,1,-1.2050001621245956,-0.8299997448920943,-0.7177030444144975,0.0,-1.734999179840088,-0.34999901056289673,-0.7177046537399292,0.0,-1.9499999253864349,0.19700005619322286,-0.4345159395690814,0.0
1759838825.231758,1,-1.2050001621245956,-0.8299997448920943,-0.7177030444144975,0.0,-1.734999179840088,-0.34999901056289673,-0.7177046537399292,0.0,-1.9499999253864349,0.19700005619322286,-0.4345159395690814,0.0
1759838825.2405534,1,-1.2050001621245956,-0.8299997448920943,-0.7177030444144975,0.0,-1.734999179840088,-0.34999901056289673,-0.7177046537399292,0.0,-1.9499999253864349,0.19700005619322286,-0.4345159395690814,0.0
1759838825.2515237,1,-1.2050001621245956,-0.8299997448920943,-0.7177030444144975,0.0,-1.734999179840088,-0.34999901056289673,-0.7177046537399292,0.0,-1.9499999253864349,0.19700005619322286,-0.4345159395690814,0.0
1759838825.2631414,1,-1.2050001621245956,-0.8299997448920943,-0.7177030444144975,0.0,-1.734999179840088,-0.34999901056289673,-0.7177046537399292,0.0,-1.9499999253864349,0.19700005619322286,-0.4345159395690814,0.0
1759838825.273264,1,-1.2050001621245956,-0.8299997448920943,-0.7177030444144975,0.0,-1.734999179840088,-0.34999901056289673,-0.7177046537399292,0.0,-1.9499999253864349,0.19700005619322286,-0.4345159395690814,0.0
1759838825.2844465,1,-1.2050001621245956,-0.8299997448920943,-0.7177030444144975,0.0,-1.734999179840088,-0.34999901056289673,-0.7177046537399292,0.0,-1.9499999253864349,0.19700005619322286,-0.4345159395690814,0.0
1759838825.295447,1,-1.2050001621245956,-0.8299997448920943,-0.7177030444144975,0.0,-1.734999179840088,-0.34999901056289673,-0.7177046537399292,0.0,-1.9499999253864349,0.19700005619322286,-0.4345159395690814,0.0
1759838825.3067155,1,-1.2050001621245956,-0.8299997448920943,-0.7177030444144975,0.0,-1.734999179840088,-0.34999901056289673,-0.7177046537399292,0.0,-1.9499999253864349,0.19700005619322286,-0.4345159395690814,0.0
1759838825.318183,1,-1.2050001621245956,-0.8299997448920943,-0.7177030444144975,0.0,-1.734999179840088,-0.34999901056289673,-0.7177046537399292,0.0,-1.9499999253864349,0.19700005619322286,-0.4345159395690814,0.0
1759838825.3296278,1,-1.2050001621245956,-0.8299997448920943,-0.7177030444144975,0.0,-1.734999179840088,-0.34999901056289673,-0.7177046537399292,0.0,-1.9499999253864349,0.19700005619322286,-0.4345159395690814,0.0
1759838825.3408618,1,-1.2050001621245956,-0.8299997448920943,-0.7177030444144975,0.0,-1.734999179840088,-0.34999901056289673,-0.7177046537399292,0.0,-1.9499999253864349,0.19700005619322286,-0.4345159395690814,0.0
1759838825.3520312,1,-1.2050001621245956,-0.8299997448920943,-0.7177030444144975,0.0,-1.734999179840088,-0.34999901056289673,-0.7177046537399292,0.0,-1.9499999253864349,0.19700005619322286,-0.4345159395690814,0.0
1759838825.3623528,1,-1.2050001621245956,-0.8299997448920943,-0.7177030444144975,0.0,-1.734999179840088,-0.34999901056289673,-0.7177046537399292,0.0,-1.9499999253864349,0.19700005619322286,-0.4345159395690814,0.0
1759838825.3730514,1,-1.2050001621245956,-0.8299997448920943,-0.7177030444144975,0.0,-1.734999179840088,-0.34999901056289673,-0.7177046537399292,0.0,-1.9499999253864349,0.19700005619322286,-0.4345159395690814,0.0
1759838825.383731,1,-1.2050001621245956,-0.8299997448920943,-0.7177030444144975,0.0,-1.734999179840088,-0.34999901056289673,-0.7177046537399292,0.0,-1.9499999253864349,0.19700005619322286,-0.4345159395690814,0.0
1759838825.3940663,1,-1.2050001621245956,-0.8299997448920943,-0.7177030444144975,0.0,-1.734999179840088,-0.34999901056289673,-0.7177046537399292,0.0,-1.9499999253864349,0.19700005619322286,-0.4345159395690814,0.0
1759838825.404986,1,-1.2050001621245956,-0.8299997448920943,-0.7177030444144975,0.0,-1.734999179840088,-0.34999901056289673,-0.7177046537399292,0.0,-1.9499999253864349,0.19700005619322286,-0.4345159395690814,0.0
1759838825.4154823,1,-1.2050001621245956,-0.8299997448920943,-0.7177030444144975,0.0,-1.734999179840088,-0.34999901056289673,-0.7177046537399292,0.0,-1.9499999253864349,0.19700005619322286,-0.4345159395690814,0.0
1759838825.4333541,1,-1.2050001621245956,-0.8299997448920943,-0.7177030444144975,0.0,-1.734999179840088,-0.34999901056289673,-0.7177046537399292,0.0,-1.9499999253864349,0.19700005619322286,-0.4345159395690814,0.0
1759838825.442166,1,-1.2050001621245956,-0.8299997448920943,-0.7177030444144975,0.0,-1.734999179840088,-0.34999901056289673,-0.7177046537399292,0.0,-1.9499999253864349,0.19700005619322286,-0.4345159395690814,0.0
1759838825.4523075,1,-1.2050001621245956,-0.8299997448920943,-0.7177030444144975,0.0,-1.734999179840088,-0.34999901056289673,-0.7177046537399292,0.0,-1.9499999253864349,0.19700005619322286,-0.4345159395690814,0.0
1759838825.4626424,1,-1.2050001621245956,-0.8299997448920943,-0.7177030444144975,0.0,-1.734999179840088,-0.34999901056289673,-0.7177046537399292,0.0,-1.9499999253864349,0.19700005619322286,-0.4345159395690814,0.0
1759838825.4739583,1,-1.2050001621245956,-0.8299997448920943,-0.7177030444144975,0.0,-1.734999179840088,-0.34999901056289673,-0.7177046537399292,0.0,-1.9499999253864349,0.19700005619322286,-0.4345159395690814,0.0
1759838825.4850543,1,-1.2050001621245956,-0.8299997448920943,-0.7177030444144975,0.0,-1.734999179840088,-0.34999901056289673,-0.7177046537399292,0.0,-1.9499999253864349,0.19700005619322286,-0.4345159395690814,0.0
1759838825.4986212,1,-1.2050001621245956,-0.8299997448920943,-0.7177030444144975,0.0,-1.734999179840088,-0.34999901056289673,-0.7177046537399292,0.0,-1.9499999253864349,0.19700005619322286,-0.4345159395690814,0.0
1759838825.5089192,1,-1.2050001621245956,-0.8299997448920943,-0.7177030444144975,0.0,-1.734999179840088,-0.34999901056289673,-0.7177046537399292,0.0,-1.9499999253864349,0.19700005619322286,-0.4345159395690814,0.0
1759838825.5204403,1,-1.2050001621245956,-0.8299997448920943,-0.7177030444144975,0.0,-1.734999179840088,-0.34999901056289673,-0.7177046537399292,0.0,-1.9499999253864349,0.19700005619322286,-0.4345159395690814,0.0
1759838825.5307176,1,-1.2050001621245956,-0.8299997448920943,-0.7177030444144975,0.0,-1.734999179840088,-0.34999901056289673,-0.7177046537399292,0.0,-1.9499999253864349,0.19700005619322286,-0.4345159395690814,0.0
1759838825.543473,1,-1.2050001621245956,-0.8299997448920943,-0.7177030444144975,0.0,-1.734999179840088,-0.34999901056289673,-0.7177046537399292,0.0,-1.9499999253864349,0.19700005619322286,-0.4345159395690814,0.0
1759838825.5546873,1,-1.2050001621245956,-0.8299997448920943,-0.7177030444144975,0.0,-1.734999179840088,-0.34999901056289673,-0.7177046537399292,0.0,-1.9499999253864349,0.19700005619322286,-0.4345159395690814,0.0
1759838825.5659966,1,-1.2050001621245956,-0.8299997448920943,-0.7177030444144975,0.0,-1.734999179840088,-0.34999901056289673,-0.7177046537399292,0.0,-1.9499999253864349,0.19700005619322286,-0.4345159395690814,0.0
1759838825.5771422,1,-1.2050001621245956,-0.8299997448920943,-0.7177030444144975,0.0,-1.734999179840088,-0.34999901056289673,-0.7177046537399292,0.0,-1.9499999253864349,0.19700005619322286,-0.4345159395690814,0.0
1759838825.5884223,1,-1.2050001621245956,-0.8299997448920943,-0.7177030444144975,0.0,-1.734999179840088,-0.34999901056289673,-0.7177046537399292,0.0,-1.9499999253864349,0.19700005619322286,-0.4345159395690814,0.0
1759838825.5988896,1,-1.2050001621245956,-0.8299997448920943,-0.7177030444144975,0.0,-1.734999179840088,-0.34999901056289673,-0.7177046537399292,0.0,-1.9499999253864349,0.19700005619322286,-0.4345159395690814,0.0
1759838825.6093264,1,-1.2050001621245956,-0.8299997448920943,-0.7177030444144975,0.0,-1.734999179840088,-0.34999901056289673,-0.7177046537399292,0.0,-1.9499999253864349,0.19700005619322286,-0.4345159395690814,0.0
1759838825.6195843,1,-1.2050001621245956,-0.8299997448920943,-0.7177030444144975,0.0,-1.734999179840088,-0.34999901056289673,-0.7177046537399292,0.0,-1.9499999253864349,0.19700005619322286,-0.4345159395690814,0.0
1759838825.6331797,1,-1.2050001621245956,-0.8299997448920943,-0.7177030444144975,0.0,-1.734999179840088,-0.34999901056289673,-0.7177046537399292,0.0,-1.9499999253864349,0.19700005619322286,-0.4345159395690814,0.0
1759838825.6445806,1,-1.2050001621245956,-0.8299997448920943,-0.7177030444144975,0.0,-1.734999179840088,-0.34999901056289673,-0.7177046537399292,0.0,-1.9499999253864349,0.19700005619322286,-0.4345159395690814,0.0
1759838825.6554425,1,-1.2050001621245956,-0.8299997448920943,-0.7177030444144975,0.0,-1.734999179840088,-0.34999901056289673,-0.7177046537399292,0.0,-1.9499999253864349,0.19700005619322286,-0.4345159395690814,0.0
1759838825.6679153,1,-1.2050001621245956,-0.8299997448920943,-0.7177030444144975,0.0,-1.734999179840088,-0.34999901056289673,-0.7177046537399292,0.0,-1.9499999253864349,0.19700005619322286,-0.4345159395690814,0.0
1759838825.6782446,1,-1.2050001621245956,-0.8299997448920943,-0.7177030444144975,0.0,-1.734999179840088,-0.34999901056289673,-0.7177046537399292,0.0,-1.9499999253864349,0.19700005619322286,-0.4345159395690814,0.0
1759838825.6885889,1,-1.2050001621245956,-0.8299997448920943,-0.7177030444144975,0.0,-1.734999179840088,-0.34999901056289673,-0.7177046537399292,0.0,-1.9499999253864349,0.19700005619322286,-0.4345159395690814,0.0
1759838825.6990662,1,-1.2050001621245956,-0.8299997448920943,-0.7177030444144975,0.0,-1.734999179840088,-0.34999901056289673,-0.7177046537399292,0.0,-1.9499999253864349,0.19700005619322286,-0.4345159395690814,0.0
1759838825.7098877,1,-1.2050001621245956,-0.8299997448920943,-0.7177030444144975,0.0,-1.734999179840088,-0.34999901056289673,-0.7177046537399292,0.0,-1.9499999253864349,0.19700005619322286,-0.4345159395690814,0.0
1759838825.7207255,1,-1.2050001621245956,-0.8299997448920943,-0.7177030444144975,0.0,-1.734999179840088,-0.34999901056289673,-0.7177046537399292,0.0,-1.9499999253864349,0.19700005619322286,-0.4345159395690814,0.0
1759838825.7319381,1,-1.2050001621245956,-0.8299997448920943,-0.7177030444144975,0.0,-1.734999179840088,-0.34999901056289673,-0.7177046537399292,0.0,-1.9499999253864349,0.19700005619322286,-0.4345159395690814,0.0
1759838825.7422693,1,-1.2050001621245956,-0.8299997448920943,-0.7177030444144975,0.0,-1.734999179840088,-0.34999901056289673,-0.7177046537399292,0.0,-1.9499999253864349,0.19700005619322286,-0.4345159395690814,0.0
1759838825.7541287,1,-1.2050001621245956,-0.8299997448920943,-0.7177030444144975,0.0,-1.734999179840088,-0.34999901056289673,-0.7177046537399292,0.0,-1.9499999253864349,0.19700005619322286,-0.4345159395690814,0.0
1759838825.7645464,1,-1.2050001621245956,-0.8299997448920943,-0.7177030444144975,0.0,-1.734999179840088,-0.34999901056289673,-0.7177046537399292,0.0,-1.9499999253864349,0.19700005619322286,-0.4345159395690814,0.0
1759838825.7759657,1,-1.2050001621245956,-0.8299997448920943,-0.7177030444144975,0.0,-1.734999179840088,-0.34999901056289673,-0.7177046537399292,0.0,-1.9499999253864349,0.19700005619322286,-0.4345159395690814,0.0
1759838825.7862282,1,-1.2050001621245956,-0.8299997448920943,-0.7177030444144975,0.0,-1.734999179840088,-0.34999901056289673,-0.7177046537399292,0.0,-1.9499999253864349,0.19700005619322286,-0.4345159395690814,0.0
1759838825.7969434,1,-1.2050001621245956,-0.8299997448920943,-0.7177030444144975,0.0,-1.734999179840088,-0.34999901056289673,-0.7177046537399292,0.0,-1.9499999253864349,0.19700005619322286,-0.4345159395690814,0.0
1759838825.8073,1,-1.2050001621245956,-0.8299997448920943,-0.7177030444144975,0.0,-1.734999179840088,-0.34999901056289673,-0.7177046537399292,0.0,-1.9499999253864349,0.19700005619322286,-0.4345159395690814,0.0
1759838825.8184156,1,-1.2050001621245956,-0.8299997448920943,-0.7177030444144975,0.0,-1.734999179840088,-0.34999901056289673,-0.7177046537399292,0.0,-1.9499999253864349,0.19700005619322286,-0.4345159395690814,0.0
1759838825.830829,1,-1.2050001621245956,-0.8299997448920943,-0.7177030444144975,0.0,-1.734999179840088,-0.34999901056289673,-0.7177046537399292,0.0,-1.9499999253864349,0.19700005619322286,-0.4345159395690814,0.0
1759838825.8395698,1,-1.2050001621245956,-0.8299997448920943,-0.7177030444144975,0.0,-1.734999179840088,-0.34999901056289673,-0.7177046537399292,0.0,-1.9499999253864349,0.19700005619322286,-0.4345159395690814,0.0
1759838825.8498774,1,-1.2050001621245956,-0.8299997448920943,-0.7177030444144975,0.0,-1.734999179840088,-0.34999901056289673,-0.7177046537399292,0.0,-1.9499999253864349,0.19700005619322286,-0.4345159395690814,0.0
1759838825.8611352,1,-1.2050001621245956,-0.8299997448920943,-0.7177030444144975,0.0,-1.734999179840088,-0.34999901056289673,-0.7177046537399292,0.0,-1.9499999253864349,0.19700005619322286,-0.4345159395690814,0.0
1759838825.8740952,1,-1.2050001621245956,-0.8299997448920943,-0.7177030444144975,0.0,-1.734999179840088,-0.34999901056289673,-0.7177046537399292,0.0,-1.9499999253864349,0.19700005619322286,-0.4345159395690814,0.0
1759838825.8854032,1,-1.2050001621245956,-0.8299997448920943,-0.7177030444144975,0.0,-1.734999179840088,-0.34999901056289673,-0.7177046537399292,0.0,-1.9499999253864349,0.19700005619322286,-0.4345159395690814,0.0
1759838825.895768,1,-1.2050001621245956,-0.8299997448920943,-0.7177030444144975,0.0,-1.734999179840088,-0.34999901056289673,-0.7177046537399292,0.0,-1.9499999253864349,0.19700005619322286,-0.4345159395690814,0.0
1759838825.9073327,1,-1.2050001621245956,-0.8299997448920943,-0.7177030444144975,0.0,-1.734999179840088,-0.34999901056289673,-0.7177046537399292,0.0,-1.9499999253864349,0.19700005619322286,-0.4345159395690814,0.0
1759838825.9186506,1,-1.2050001621245956,-0.8299997448920943,-0.7177030444144975,0.0,-1.734999179840088,-0.34999901056289673,-0.7177046537399292,0.0,-1.9499999253864349,0.19700005619322286,-0.4345159395690814,0.0
1759838825.9294617,1,-1.2050001621245956,-0.8299997448920943,-0.7177030444144975,0.0,-1.734999179840088,-0.34999901056289673,-0.7177046537399292,0.0,-1.9499999253864349,0.19700005619322286,-0.4345159395690814,0.0
1759838825.9412825,1,-1.2050001621245956,-0.8299997448920943,-0.7177030444144975,0.0,-1.734999179840088,-0.34999901056289673,-0.7177046537399292,0.0,-1.9499999253864349,0.19700005619322286,-0.4345159395690814,0.0
1759838825.9526072,1,-1.2050001621245956,-0.8299997448920943,-0.7177030444144975,0.0,-1.734999179840088,-0.34999901056289673,-0.7177046537399292,0.0,-1.9499999253864349,0.19700005619322286,-0.4345159395690814,0.0
1759838825.963393,1,-1.2050001621245956,-0.8299997448920943,-0.7177030444144975,0.0,-1.734999179840088,-0.34999901056289673,-0.7177046537399292,0.0,-1.9499999253864349,0.19700005619322286,-0.4345159395690814,0.0
1759838825.9759247,1,-1.2050001621245956,-0.8299997448920943,-0.7177030444144975,0.0,-1.734999179840088,-0.34999901056289673,-0.7177046537399292,0.0,-1.9499999253864349,0.19700005619322286,-0.4345159395690814,0.0
1759838825.990526,1,-1.2050001621245956,-0.8299997448920943,-0.7177030444144975,0.0,-1.734999179840088,-0.34999901056289673,-0.7177046537399292,0.0,-1.9499999253864349,0.19700005619322286,-0.4345159395690814,0.0
1759838826.0017312,1,-1.2050001621245956,-0.8299997448920943,-0.7177030444144975,0.0,-1.734999179840088,-0.34999901056289673,-0.7177046537399292,0.0,-1.9499999253864349,0.19700005619322286,-0.4345159395690814,0.0
1759838826.0131526,1,-1.2050001621245956,-0.8299997448920943,-0.7177030444144975,0.0,-1.734999179840088,-0.34999901056289673,-0.7177046537399292,0.0,-1.9499999253864349,0.19700005619322286,-0.4345159395690814,0.0
1759838826.023846,1,-1.2050001621245956,-0.8299997448920943,-0.7177030444144975,0.0,-1.734999179840088,-0.34999901056289673,-0.7177046537399292,0.0,-1.9499999253864349,0.19700005619322286,-0.4345159395690814,0.0
1759838826.04002,1,-1.2050001621245956,-0.8299997448920943,-0.7177030444144975,0.0,-1.734999179840088,-0.34999901056289673,-0.7177046537399292,0.0,-1.9499999253864349,0.19700005619322286,-0.4345159395690814,0.0
1759838826.0501904,1,-1.2050001621245956,-0.8299997448920943,-0.7177030444144975,0.0,-1.734999179840088,-0.34999901056289673,-0.7177046537399292,0.0,-1.9499999253864349,0.19700005619322286,-0.4345159395690814,0.0
1759838826.0610237,1,-1.2050001621245956,-0.8299997448920943,-0.7177030444144975,0.0,-1.734999179840088,-0.34999901056289673,-0.7177046537399292,0.0,-1.9499999253864349,0.19700005619322286,-0.4345159395690814,0.0
1759838826.071717,1,-1.2050001621245956,-0.8299997448920943,-0.7177030444144975,0.0,-1.734999179840088,-0.34999901056289673,-0.7177046537399292,0.0,-1.9499999253864349,0.19700005619322286,-0.4345159395690814,0.0
1759838826.0820544,1,-1.2050001621245956,-0.8299997448920943,-0.7177030444144975,0.0,-1.734999179840088,-0.34999901056289673,-0.7177046537399292,0.0,-1.9499999253864349,0.19700005619322286,-0.4345159395690814,0.0
1759838826.0941038,1,-1.2050001621245956,-0.8299997448920943,-0.7177030444144975,0.0,-1.734999179840088,-0.34999901056289673,-0.7177046537399292,0.0,-1.9499999253864349,0.19700005619322286,-0.4345159395690814,0.0
1759838826.1074102,1,-1.2050001621245956,-0.8299997448920943,-0.7177030444144975,0.0,-1.734999179840088,-0.34999901056289673,-0.7177046537399292,0.0,-1.9499999253864349,0.19700005619322286,-0.4345159395690814,0.0
1759838826.1186488,1,-1.2050001621245956,-0.8299997448920943,-0.7177030444144975,0.0,-1.734999179840088,-0.34999901056289673,-0.7177046537399292,0.0,-1.9499999253864349,0.19700005619322286,-0.4345159395690814,0.0
1759838826.1289704,1,-1.2050001621245956,-0.8299997448920943,-0.7177030444144975,0.0,-1.734999179840088,-0.34999901056289673,-0.7177046537399292,0.0,-1.9499999253864349,0.19700005619322286,-0.4345159395690814,0.0
1759838826.1390085,1,-1.2050001621245956,-0.8299997448920943,-0.7177030444144975,0.0,-1.734999179840088,-0.34999901056289673,-0.7177046537399292,0.0,-1.9499999253864349,0.19700005619322286,-0.4345159395690814,0.0
1759838826.1495392,1,-1.2050001621245956,-0.8299997448920943,-0.7177030444144975,0.0,-1.734999179840088,-0.34999901056289673,-0.7177046537399292,0.0,-1.9499999253864349,0.19700005619322286,-0.4345159395690814,0.0
1759838826.1607685,1,-1.2050001621245956,-0.8299997448920943,-0.7177030444144975,0.0,-1.734999179840088,-0.34999901056289673,-0.7177046537399292,0.0,-1.9499999253864349,0.19700005619322286,-0.4345159395690814,0.0
1759838826.171575,1,-1.2050001621245956,-0.8299997448920943,-0.7177030444144975,0.0,-1.734999179840088,-0.34999901056289673,-0.7177046537399292,0.0,-1.9499999253864349,0.19700005619322286,-0.4345159395690814,0.0
1759838826.1822178,1,-1.2050001621245956,-0.8299997448920943,-0.7177030444144975,0.0,-1.734999179840088,-0.34999901056289673,-0.7177046537399292,0.0,-1.9499999253864349,0.19700005619322286,-0.4345159395690814,0.0
1759838826.1935964,1,-1.2050001621245956,-0.8299997448920943,-0.7177030444144975,0.0,-1.734999179840088,-0.34999901056289673,-0.7177046537399292,0.0,-1.9499999253864349,0.19700005619322286,-0.4345159395690814,0.0
1759838826.2048388,1,-1.2050001621245956,-0.8299997448920943,-0.7177030444144975,0.0,-1.734999179840088,-0.34999901056289673,-0.7177046537399292,0.0,-1.9499999253864349,0.19700005619322286,-0.4345159395690814,0.0
1759838826.2158365,1,-1.2050001621245956,-0.8299997448920943,-0.7177030444144975,0.0,-1.734999179840088,-0.34999901056289673,-0.7177046537399292,0.0,-1.9499999253864349,0.19700005619322286,-0.4345159395690814,0.0
1759838826.226924,1,-1.2050001621245956,-0.8299997448920943,-0.7177030444144975,0.0,-1.734999179840088,-0.34999901056289673,-0.7177046537399292,0.0,-1.9499999253864349,0.19700005619322286,-0.4345159395690814,0.0
1759838826.2396173,1,-1.2050001621245956,-0.8299997448920943,-0.7177030444144975,0.0,-1.734999179840088,-0.34999901056289673,-0.7177046537399292,0.0,-1.9499999253864349,0.19700005619322286,-0.4345159395690814,0.0
1759838826.2496521,1,-1.2050001621245956,-0.8299997448920943,-0.7177030444144975,0.0,-1.734999179840088,-0.34999901056289673,-0.7177046537399292,0.0,-1.9499999253864349,0.19700005619322286,-0.4345159395690814,0.0
1759838826.2600367,1,-1.2050001621245956,-0.8299997448920943,-0.7177030444144975,0.0,-1.734999179840088,-0.34999901056289673,-0.7177046537399292,0.0,-1.9499999253864349,0.19700005619322286,-0.4345159395690814,0.0
1759838826.2719214,1,-1.2050001621245956,-0.8299997448920943,-0.7177030444144975,0.0,-1.734999179840088,-0.34999901056289673,-0.7177046537399292,0.0,-1.9499999253864349,0.19700005619322286,-0.4345159395690814,0.0
1759838826.2832015,1,-1.2050001621245956,-0.8299997448920943,-0.7177030444144975,0.0,-1.734999179840088,-0.34999901056289673,-0.7177046537399292,0.0,-1.9499999253864349,0.19700005619322286,-0.4345159395690814,0.0
1759838826.2934337,1,-1.2050001621245956,-0.8299997448920943,-0.7177030444144975,0.0,-1.734999179840088,-0.34999901056289673,-0.7177046537399292,0.0,-1.9499999253864349,0.19700005619322286,-0.4345159395690814,0.0
1759838826.3056784,1,-1.2050001621245956,-0.8299997448920943,-0.7177030444144975,0.0,-1.734999179840088,-0.34999901056289673,-0.7177046537399292,0.0,-1.9499999253864349,0.19700005619322286,-0.4345159395690814,0.0
1759838826.3169692,1,-1.2050001621245956,-0.8299997448920943,-0.7177030444144975,0.0,-1.734999179840088,-0.34999901056289673,-0.7177046537399292,0.0,-1.9499999253864349,0.19700005619322286,-0.4345159395690814,0.0
1759838826.3282688,1,-1.2050001621245956,-0.8299997448920943,-0.7177030444144975,0.0,-1.734999179840088,-0.34999901056289673,-0.7177046537399292,0.0,-1.9499999253864349,0.19700005619322286,-0.4345159395690814,0.0
1759838826.340502,1,-1.2050001621245956,-0.8299997448920943,-0.7177030444144975,0.0,-1.734999179840088,-0.34999901056289673,-0.7177046537399292,0.0,-1.9499999253864349,0.19700005619322286,-0.4345159395690814,0.0
1759838826.3506944,1,-1.2050001621245956,-0.8299997448920943,-0.7177030444144975,0.0,-1.734999179840088,-0.34999901056289673,-0.7177046537399292,0.0,-1.9499999253864349,0.19700005619322286,-0.4345159395690814,0.0
1759838826.36095,1,-1.2050001621245956,-0.8299997448920943,-0.7177030444144975,0.0,-1.734999179840088,-0.34999901056289673,-0.7177046537399292,0.0,-1.9499999253864349,0.19700005619322286,-0.4345159395690814,0.0
1759838826.372047,1,-1.2050001621245956,-0.8299997448920943,-0.7177030444144975,0.0,-1.734999179840088,-0.34999901056289673,-0.7177046537399292,0.0,-1.9499999253864349,0.19700005619322286,-0.4345159395690814,0.0
1759838826.382331,1,-1.2050001621245956,-0.8299997448920943,-0.7177030444144975,0.0,-1.734999179840088,-0.34999901056289673,-0.7177046537399292,0.0,-1.9499999253864349,0.19700005619322286,-0.4345159395690814,0.0
1759838826.3942285,1,-1.2050001621245956,-0.8299997448920943,-0.7177030444144975,0.0,-1.734999179840088,-0.34999901056289673,-0.7177046537399292,0.0,-1.9499999253864349,0.19700005619322286,-0.4345159395690814,0.0
1759838826.4056146,1,-1.2050001621245956,-0.8299997448920943,-0.7177030444144975,0.0,-1.734999179840088,-0.34999901056289673,-0.7177046537399292,0.0,-1.9499999253864349,0.19700005619322286,-0.4345159395690814,0.0
1759838826.4156194,1,-1.2050001621245956,-0.8299997448920943,-0.7177030444144975,0.0,-1.734999179840088,-0.34999901056289673,-0.7177046537399292,0.0,-1.9499999253864349,0.19700005619322286,-0.4345159395690814,0.0
1759838826.4266953,1,-1.2050001621245956,-0.8299997448920943,-0.7177030444144975,0.0,-1.734999179840088,-0.34999901056289673,-0.7177046537399292,0.0,-1.9499999253864349,0.19700005619322286,-0.4345159395690814,0.0
1759838826.4422247,1,-1.2050001621245956,-0.8299997448920943,-0.7177030444144975,0.0,-1.734999179840088,-0.34999901056289673,-0.7177046537399292,0.0,-1.9499999253864349,0.19700005619322286,-0.4345159395690814,0.0
1759838826.4531865,1,-1.2050001621245956,-0.8299997448920943,-0.7177030444144975,0.0,-1.734999179840088,-0.34999901056289673,-0.7177046537399292,0.0,-1.9499999253864349,0.19700005619322286,-0.4345159395690814,0.0
1759838826.4635863,1,-1.2050001621245956,-0.8299997448920943,-0.7177030444144975,0.0,-1.734999179840088,-0.34999901056289673,-0.7177046537399292,0.0,-1.9499999253864349,0.19700005619322286,-0.4345159395690814,0.0
1759838826.4744189,1,-1.2050001621245956,-0.8299997448920943,-0.7177030444144975,0.0,-1.734999179840088,-0.34999901056289673,-0.7177046537399292,0.0,-1.9499999253864349,0.19700005619322286,-0.4345159395690814,0.0
1759838826.4858775,1,-1.2050001621245956,-0.8299997448920943,-0.7177030444144975,0.0,-1.734999179840088,-0.34999901056289673,-0.7177046537399292,0.0,-1.9499999253864349,0.19700005619322286,-0.4345159395690814,0.0
1759838826.4973347,1,-1.2050001621245956,-0.8299997448920943,-0.7177030444144975,0.0,-1.734999179840088,-0.34999901056289673,-0.7177046537399292,0.0,-1.9499999253864349,0.19700005619322286,-0.4345159395690814,0.0
1759838826.5081239,1,-1.2050001621245956,-0.8299997448920943,-0.7177030444144975,0.0,-1.734999179840088,-0.34999901056289673,-0.7177046537399292,0.0,-1.9499999253864349,0.19700005619322286,-0.4345159395690814,0.0
1759838826.5206087,1,-1.2050001621245956,-0.8299997448920943,-0.7177030444144975,0.0,-1.734999179840088,-0.34999901056289673,-0.7177046537399292,0.0,-1.9499999253864349,0.19700005619322286,-0.4345159395690814,0.0
1759838826.532021,1,-1.2050001621245956,-0.8299997448920943,-0.7177030444144975,0.0,-1.734999179840088,-0.34999901056289673,-0.7177046537399292,0.0,-1.9499999253864349,0.19700005619322286,-0.4345159395690814,0.0
1759838826.5451872,1,-1.2050001621245956,-0.8299997448920943,-0.7177030444144975,0.0,-1.734999179840088,-0.34999901056289673,-0.7177046537399292,0.0,-1.9499999253864349,0.19700005619322286,-0.4345159395690814,0.0
1759838826.5552204,1,-1.2050001621245956,-0.8299997448920943,-0.7177030444144975,0.0,-1.734999179840088,-0.34999901056289673,-0.7177046537399292,0.0,-1.9499999253864349,0.19700005619322286,-0.4345159395690814,0.0
1759838826.5664916,1,-1.2050001621245956,-0.8299997448920943,-0.7177030444144975,0.0,-1.734999179840088,-0.34999901056289673,-0.7177046537399292,0.0,-1.9499999253864349,0.19700005619322286,-0.4345159395690814,0.0
1759838826.5772264,1,-1.2050001621245956,-0.8299997448920943,-0.7177030444144975,0.0,-1.734999179840088,-0.34999901056289673,-0.7177046537399292,0.0,-1.9499999253864349,0.19700005619322286,-0.4345159395690814,0.0
1759838826.5888598,1,-1.2050001621245956,-0.8299997448920943,-0.7177030444144975,0.0,-1.734999179840088,-0.34999901056289673,-0.7177046537399292,0.0,-1.9499999253864349,0.19700005619322286,-0.4345159395690814,0.0
1759838826.599231,1,-1.2050001621245956,-0.8299997448920943,-0.7177030444144975,0.0,-1.734999179840088,-0.34999901056289673,-0.7177046537399292,0.0,-1.9499999253864349,0.19700005619322286,-0.4345159395690814,0.0
1759838826.6094623,1,-1.2050001621245956,-0.8299997448920943,-0.7177030444144975,0.0,-1.734999179840088,-0.34999901056289673,-0.7177046537399292,0.0,-1.9499999253864349,0.19700005619322286,-0.4345159395690814,0.0
1759838826.6208553,1,-1.2050001621245956,-0.8299997448920943,-0.7177030444144975,0.0,-1.734999179840088,-0.34999901056289673,-0.7177046537399292,0.0,-1.9499999253864349,0.19700005619322286,-0.4345159395690814,0.0
1759838826.632247,1,-1.2050001621245956,-0.8299997448920943,-0.7177030444144975,0.0,-1.734999179840088,-0.34999901056289673,-0.7177046537399292,0.0,-1.9499999253864349,0.19700005619322286,-0.4345159395690814,0.0
1759838826.6496882,1,-1.2050001621245956,-0.8299997448920943,-0.7177030444144975,0.0,-1.734999179840088,-0.34999901056289673,-0.7177046537399292,0.0,-1.9499999253864349,0.19700005619322286,-0.4345159395690814,0.0
1759838826.6584098,1,-1.2050001621245956,-0.8299997448920943,-0.7177030444144975,0.0,-1.734999179840088,-0.34999901056289673,-0.7177046537399292,0.0,-1.9499999253864349,0.19700005619322286,-0.4345159395690814,0.0
1759838826.6698413,1,-1.2050001621245956,-0.8299997448920943,-0.7177030444144975,0.0,-1.734999179840088,-0.34999901056289673,-0.7177046537399292,0.0,-1.9499999253864349,0.19700005619322286,-0.4345159395690814,0.0
1759838826.6807477,1,-1.2050001621245956,-0.8299997448920943,-0.7177030444144975,0.0,-1.734999179840088,-0.34999901056289673,-0.7177046537399292,0.0,-1.9499999253864349,0.19700005619322286,-0.4345159395690814,0.0
1759838826.6915572,1,-1.2050001621245956,-0.8299997448920943,-0.7177030444144975,0.0,-1.734999179840088,-0.34999901056289673,-0.7177046537399292,0.0,-1.9499999253864349,0.19700005619322286,-0.4345159395690814,0.0
1759838826.702979,1,-1.2050001621245956,-0.8299997448920943,-0.7177030444144975,0.0,-1.734999179840088,-0.34999901056289673,-0.7177046537399292,0.0,-1.9499999253864349,0.19700005619322286,-0.4345159395690814,0.0
1759838826.714387,1,-1.2050001621245956,-0.8299997448920943,-0.7177030444144975,0.0,-1.734999179840088,-0.34999901056289673,-0.7177046537399292,0.0,-1.9499999253864349,0.19700005619322286,-0.4345159395690814,0.0
1759838826.7251835,1,-1.2050001621245956,-0.8299997448920943,-0.7177030444144975,0.0,-1.734999179840088,-0.34999901056289673,-0.7177046537399292,0.0,-1.9499999253864349,0.19700005619322286,-0.4345159395690814,0.0
1759838826.7356484,1,-1.2050001621245956,-0.8299997448920943,-0.7177030444144975,0.0,-1.734999179840088,-0.34999901056289673,-0.7177046537399292,0.0,-1.9499999253864349,0.19700005619322286,-0.4345159395690814,0.0
1759838826.7482808,1,-1.2050001621245956,-0.8299997448920943,-0.7177030444144975,0.0,-1.734999179840088,-0.34999901056289673,-0.7177046537399292,0.0,-1.9499999253864349,0.19700005619322286,-0.4345159395690814,0.0
1759838826.7594779,1,-1.2050001621245956,-0.8299997448920943,-0.7177030444144975,0.0,-1.734999179840088,-0.34999901056289673,-0.7177046537399292,0.0,-1.9499999253864349,0.19700005619322286,-0.4345159395690814,0.0
1759838826.7704954,1,-1.2050001621245956,-0.8299997448920943,-0.7177030444144975,0.0,-1.734999179840088,-0.34999901056289673,-0.7177046537399292,0.0,-1.9499999253864349,0.19700005619322286,-0.4345159395690814,0.0
1759838826.7809312,1,-1.2050001621245956,-0.8299997448920943,-0.7177030444144975,0.0,-1.734999179840088,-0.34999901056289673,-0.7177046537399292,0.0,-1.9499999253864349,0.19700005619322286,-0.4345159395690814,0.0
1759838826.7919493,1,-1.2050001621245956,-0.8299997448920943,-0.7177030444144975,0.0,-1.734999179840088,-0.34999901056289673,-0.7177046537399292,0.0,-1.9499999253864349,0.19700005619322286,-0.4345159395690814,0.0
1759838826.8023226,1,-1.2050001621245956,-0.8299997448920943,-0.7177030444144975,0.0,-1.734999179840088,-0.34999901056289673,-0.7177046537399292,0.0,-1.9499999253864349,0.19700005619322286,-0.4345159395690814,0.0
1759838826.8127978,1,-1.2050001621245956,-0.8299997448920943,-0.7177030444144975,0.0,-1.734999179840088,-0.34999901056289673,-0.7177046537399292,0.0,-1.9499999253864349,0.19700005619322286,-0.4345159395690814,0.0
1759838826.8240085,1,-1.2050001621245956,-0.8299997448920943,-0.7177030444144975,0.0,-1.734999179840088,-0.34999901056289673,-0.7177046537399292,0.0,-1.9499999253864349,0.19700005619322286,-0.4345159395690814,0.0
1759838826.8359818,1,-1.2050001621245956,-0.8299997448920943,-0.7177030444144975,0.0,-1.734999179840088,-0.34999901056289673,-0.7177046537399292,0.0,-1.9499999253864349,0.19700005619322286,-0.4345159395690814,0.0
1759838826.8499727,1,-1.2050001621245956,-0.8299997448920943,-0.7177030444144975,0.0,-1.734999179840088,-0.34999901056289673,-0.7177046537399292,0.0,-1.9499999253864349,0.19700005619322286,-0.4345159395690814,0.0
1759838826.8613768,1,-1.2050001621245956,-0.8299997448920943,-0.7177030444144975,0.0,-1.734999179840088,-0.34999901056289673,-0.7177046537399292,0.0,-1.9499999253864349,0.19700005619322286,-0.4345159395690814,0.0
1759838826.8722801,1,-1.2050001621245956,-0.8299997448920943,-0.7177030444144975,0.0,-1.734999179840088,-0.34999901056289673,-0.7177046537399292,0.0,-1.9499999253864349,0.19700005619322286,-0.4345159395690814,0.0
1759838826.8829548,1,-1.2050001621245956,-0.8299997448920943,-0.7177030444144975,0.0,-1.734999179840088,-0.34999901056289673,-0.7177046537399292,0.0,-1.9499999253864349,0.19700005619322286,-0.4345159395690814,0.0
1759838826.8932364,1,-1.2050001621245956,-0.8299997448920943,-0.7177030444144975,0.0,-1.734999179840088,-0.34999901056289673,-0.7177046537399292,0.0,-1.9499999253864349,0.19700005619322286,-0.4345159395690814,0.0
1759838826.9046464,1,-1.2050001621245956,-0.8299997448920943,-0.7177030444144975,0.0,-1.734999179840088,-0.34999901056289673,-0.7177046537399292,0.0,-1.9499999253864349,0.19700005619322286,-0.4345159395690814,0.0
1759838826.9152913,1,-1.2050001621245956,-0.8299997448920943,-0.7177030444144975,0.0,-1.734999179840088,-0.34999901056289673,-0.7177046537399292,0.0,-1.9499999253864349,0.19700005619322286,-0.4345159395690814,0.0
1759838826.925923,1,-1.2050001621245956,-0.8299997448920943,-0.7177030444144975,0.0,-1.734999179840088,-0.34999901056289673,-0.7177046537399292,0.0,-1.9499999253864349,0.19700005619322286,-0.4345159395690814,0.0
1759838826.9363203,1,-1.2050001621245956,-0.8299997448920943,-0.7177030444144975,0.0,-1.734999179840088,-0.34999901056289673,-0.7177046537399292,0.0,-1.9499999253864349,0.19700005619322286,-0.4345159395690814,0.0
1759838826.9475675,1,-1.2050001621245956,-0.8299997448920943,-0.7177030444144975,0.0,-1.734999179840088,-0.34999901056289673,-0.7177046537399292,0.0,-1.9499999253864349,0.19700005619322286,-0.4345159395690814,0.0
1759838826.9588683,1,-1.2050001621245956,-0.8299997448920943,-0.7177030444144975,0.0,-1.734999179840088,-0.34999901056289673,-0.7177046537399292,0.0,-1.9499999253864349,0.19700005619322286,-0.4345159395690814,0.0
1759838826.9690323,1,-1.2050001621245956,-0.8299997448920943,-0.7177030444144975,0.0,-1.734999179840088,-0.34999901056289673,-0.7177046537399292,0.0,-1.9499999253864349,0.19700005619322286,-0.4345159395690814,0.0
1759838826.981371,1,-1.2050001621245956,-0.8299997448920943,-0.7177030444144975,0.0,-1.734999179840088,-0.34999901056289673,-0.7177046537399292,0.0,-1.9499999253864349,0.19700005619322286,-0.4345159395690814,0.0
1759838826.9926066,1,-1.2050001621245956,-0.8299997448920943,-0.7177030444144975,0.0,-1.734999179840088,-0.34999901056289673,-0.7177046537399292,0.0,-1.9499999253864349,0.19700005619322286,-0.4345159395690814,0.0
1759838827.003607,1,-1.2050001621245956,-0.8299997448920943,-0.7177030444144975,0.0,-1.734999179840088,-0.34999901056289673,-0.7177046537399292,0.0,-1.9499999253864349,0.19700005619322286,-0.4345159395690814,0.0
1759838827.0159495,1,-1.2050001621245956,-0.8299997448920943,-0.7177030444144975,0.0,-1.734999179840088,-0.34999901056289673,-0.7177046537399292,0.0,-1.9499999253864349,0.19700005619322286,-0.4345159395690814,0.0
1759838827.0262089,1,-1.2050001621245956,-0.8299997448920943,-0.7177030444144975,0.0,-1.734999179840088,-0.34999901056289673,-0.7177046537399292,0.0,-1.9499999253864349,0.19700005619322286,-0.4345159395690814,0.0
1759838827.0363781,1,-1.2050001621245956,-0.8299997448920943,-0.7177030444144975,0.0,-1.734999179840088,-0.34999901056289673,-0.7177046537399292,0.0,-1.9499999253864349,0.19700005619322286,-0.4345159395690814,0.0
1759838827.0559297,1,-1.2050001621245956,-0.8299997448920943,-0.7177030444144975,0.0,-1.734999179840088,-0.34999901056289673,-0.7177046537399292,0.0,-1.9499999253864349,0.19700005619322286,-0.4345159395690814,0.0
1759838827.065334,1,-1.2050001621245956,-0.8299997448920943,-0.7177030444144975,0.0,-1.734999179840088,-0.34999901056289673,-0.7177046537399292,0.0,-1.9499999253864349,0.19700005619322286,-0.4345159395690814,0.0
1759838827.076292,1,-1.2050001621245956,-0.8299997448920943,-0.7177030444144975,0.0,-1.734999179840088,-0.34999901056289673,-0.7177046537399292,0.0,-1.9499999253864349,0.19700005619322286,-0.4345159395690814,0.0
1759838827.0869324,1,-1.2050001621245956,-0.8299997448920943,-0.7177030444144975,0.0,-1.734999179840088,-0.34999901056289673,-0.7177046537399292,0.0,-1.9499999253864349,0.19700005619322286,-0.4345159395690814,0.0
1759838827.0981398,1,-1.2050001621245956,-0.8299997448920943,-0.7177030444144975,0.0,-1.734999179840088,-0.34999901056289673,-0.7177046537399292,0.0,-1.9499999253864349,0.19700005619322286,-0.4345159395690814,0.0
1759838827.1092947,1,-1.2050001621245956,-0.8299997448920943,-0.7177030444144975,0.0,-1.734999179840088,-0.34999901056289673,-0.7177046537399292,0.0,-1.9499999253864349,0.19700005619322286,-0.4345159395690814,0.0
1759838827.1207354,1,-1.2050001621245956,-0.8299997448920943,-0.7177030444144975,0.0,-1.734999179840088,-0.34999901056289673,-0.7177046537399292,0.0,-1.9499999253864349,0.19700005619322286,-0.4345159395690814,0.0
1759838827.1313305,1,-1.2050001621245956,-0.8299997448920943,-0.7177030444144975,0.0,-1.734999179840088,-0.34999901056289673,-0.7177046537399292,0.0,-1.9499999253864349,0.19700005619322286,-0.4345159395690814,0.0
1759838827.1424768,1,-1.2050001621245956,-0.8299997448920943,-0.7177030444144975,0.0,-1.734999179840088,-0.34999901056289673,-0.7177046537399292,0.0,-1.9499999253864349,0.19700005619322286,-0.4345159395690814,0.0
1759838827.1529243,1,-1.2050001621245956,-0.8299997448920943,-0.7177030444144975,0.0,-1.734999179840088,-0.34999901056289673,-0.7177046537399292,0.0,-1.9499999253864349,0.19700005619322286,-0.4345159395690814,0.0
1759838827.1640015,1,-1.2050001621245956,-0.8299997448920943,-0.7177030444144975,0.0,-1.734999179840088,-0.34999901056289673,-0.7177046537399292,0.0,-1.9499999253864349,0.19700005619322286,-0.4345159395690814,0.0
1759838827.1758096,1,-1.2050001621245956,-0.8299997448920943,-0.7177030444144975,0.0,-1.734999179840088,-0.34999901056289673,-0.7177046537399292,0.0,-1.9499999253864349,0.19700005619322286,-0.4345159395690814,0.0
1759838827.1867816,1,-1.2050001621245956,-0.8299997448920943,-0.7177030444144975,0.0,-1.734999179840088,-0.34999901056289673,-0.7177046537399292,0.0,-1.9499999253864349,0.19700005619322286,-0.4345159395690814,0.0
1759838827.1982288,1,-1.2050001621245956,-0.8299997448920943,-0.7177030444144975,0.0,-1.734999179840088,-0.34999901056289673,-0.7177046537399292,0.0,-1.9499999253864349,0.19700005619322286,-0.4345159395690814,0.0
1759838827.20927,1,-1.2050001621245956,-0.8299997448920943,-0.7177030444144975,0.0,-1.734999179840088,-0.34999901056289673,-0.7177046537399292,0.0,-1.9499999253864349,0.19700005619322286,-0.4345159395690814,0.0
1759838827.22041,1,-1.2050001621245956,-0.8299997448920943,-0.7177030444144975,0.0,-1.734999179840088,-0.34999901056289673,-0.7177046537399292,0.0,-1.9499999253864349,0.19700005619322286,-0.4345159395690814,0.0
1759838827.2331693,1,-1.2050001621245956,-0.8299997448920943,-0.7177030444144975,0.0,-1.734999179840088,-0.34999901056289673,-0.7177046537399292,0.0,-1.9499999253864349,0.19700005619322286,-0.4345159395690814,0.0
1759838827.2440796,1,-1.2050001621245956,-0.8299997448920943,-0.7177030444144975,0.0,-1.734999179840088,-0.34999901056289673,-0.7177046537399292,0.0,-1.9499999253864349,0.19700005619322286,-0.4345159395690814,0.0
1759838827.2584481,1,-1.2050001621245956,-0.8299997448920943,-0.7177030444144975,0.0,-1.734999179840088,-0.34999901056289673,-0.7177046537399292,0.0,-1.9499999253864349,0.19700005619322286,-0.4345159395690814,0.0
1759838827.269798,1,-1.2050001621245956,-0.8299997448920943,-0.7177030444144975,0.0,-1.734999179840088,-0.34999901056289673,-0.7177046537399292,0.0,-1.9499999253864349,0.19700005619322286,-0.4345159395690814,0.0
1759838827.2812228,1,-1.2050001621245956,-0.8299997448920943,-0.7177030444144975,0.0,-1.734999179840088,-0.34999901056289673,-0.7177046537399292,0.0,-1.9499999253864349,0.19700005619322286,-0.4345159395690814,0.0
1759838827.291923,1,-1.2050001621245956,-0.8299997448920943,-0.7177030444144975,0.0,-1.734999179840088,-0.34999901056289673,-0.7177046537399292,0.0,-1.9499999253864349,0.19700005619322286,-0.4345159395690814,0.0
1759838827.3021855,1,-1.2050001621245956,-0.8299997448920943,-0.7177030444144975,0.0,-1.734999179840088,-0.34999901056289673,-0.7177046537399292,0.0,-1.9499999253864349,0.19700005619322286,-0.4345159395690814,0.0
1759838827.3130095,1,-1.2050001621245956,-0.8299997448920943,-0.7177030444144975,0.0,-1.734999179840088,-0.34999901056289673,-0.7177046537399292,0.0,-1.9499999253864349,0.19700005619322286,-0.4345159395690814,0.0
1759838827.3255684,1,-1.2050001621245956,-0.8299997448920943,-0.7177030444144975,0.0,-1.734999179840088,-0.34999901056289673,-0.7177046537399292,0.0,-1.9499999253864349,0.19700005619322286,-0.4345159395690814,0.0
1759838827.335905,1,-1.2050001621245956,-0.8299997448920943,-0.7177030444144975,0.0,-1.734999179840088,-0.34999901056289673,-0.7177046537399292,0.0,-1.9499999253864349,0.19700005619322286,-0.4345159395690814,0.0
1759838827.3468888,1,-1.2050001621245956,-0.8299997448920943,-0.7177030444144975,0.0,-1.734999179840088,-0.34999901056289673,-0.7177046537399292,0.0,-1.9499999253864349,0.19700005619322286,-0.4345159395690814,0.0
1759838827.3578594,1,-1.2050001621245956,-0.8299997448920943,-0.7177030444144975,0.0,-1.734999179840088,-0.34999901056289673,-0.7177046537399292,0.0,-1.9499999253864349,0.19700005619322286,-0.4345159395690814,0.0
1759838827.3686054,1,-1.2050001621245956,-0.8299997448920943,-0.7177030444144975,0.0,-1.734999179840088,-0.34999901056289673,-0.7177046537399292,0.0,-1.9499999253864349,0.19700005619322286,-0.4345159395690814,0.0
1759838827.3789427,1,-1.2050001621245956,-0.8299997448920943,-0.7177030444144975,0.0,-1.734999179840088,-0.34999901056289673,-0.7177046537399292,0.0,-1.9499999253864349,0.19700005619322286,-0.4345159395690814,0.0
1759838827.3901656,1,-1.2050001621245956,-0.8299997448920943,-0.7177030444144975,0.0,-1.734999179840088,-0.34999901056289673,-0.7177046537399292,0.0,-1.9499999253864349,0.19700005619322286,-0.4345159395690814,0.0
1759838827.400477,1,-1.2050001621245956,-0.8299997448920943,-0.7177030444144975,0.0,-1.734999179840088,-0.34999901056289673,-0.7177046537399292,0.0,-1.9499999253864349,0.19700005619322286,-0.4345159395690814,0.0
1759838827.4120991,1,-1.2050001621245956,-0.8299997448920943,-0.7177030444144975,0.0,-1.734999179840088,-0.34999901056289673,-0.7177046537399292,0.0,-1.9499999253864349,0.19700005619322286,-0.4345159395690814,0.0
1759838827.4235895,1,-1.2050001621245956,-0.8299997448920943,-0.7177030444144975,0.0,-1.734999179840088,-0.34999901056289673,-0.7177046537399292,0.0,-1.9499999253864349,0.19700005619322286,-0.4345159395690814,0.0
1759838827.4347942,1,-1.2050001621245956,-0.8299997448920943,-0.7177030444144975,0.0,-1.734999179840088,-0.34999901056289673,-0.7177046537399292,0.0,-1.9499999253864349,0.19700005619322286,-0.4345159395690814,0.0
1759838827.4460888,1,-1.2050001621245956,-0.8299997448920943,-0.7177030444144975,0.0,-1.734999179840088,-0.34999901056289673,-0.7177046537399292,0.0,-1.9499999253864349,0.19700005619322286,-0.4345159395690814,0.0
1759838827.4624565,1,-1.2050001621245956,-0.8299997448920943,-0.7177030444144975,0.0,-1.734999179840088,-0.34999901056289673,-0.7177046537399292,0.0,-1.9499999253864349,0.19700005619322286,-0.4345159395690814,0.0
1759838827.4739223,1,-1.2050001621245956,-0.8299997448920943,-0.7177030444144975,0.0,-1.734999179840088,-0.34999901056289673,-0.7177046537399292,0.0,-1.9499999253864349,0.19700005619322286,-0.4345159395690814,0.0
1759838827.484661,1,-1.2050001621245956,-0.8299997448920943,-0.7177030444144975,0.0,-1.734999179840088,-0.34999901056289673,-0.7177046537399292,0.0,-1.9499999253864349,0.19700005619322286,-0.4345159395690814,0.0
1759838827.4959483,1,-1.2050001621245956,-0.8299997448920943,-0.7177030444144975,0.0,-1.734999179840088,-0.34999901056289673,-0.7177046537399292,0.0,-1.9499999253864349,0.19700005619322286,-0.4345159395690814,0.0
1759838827.5063539,1,-1.2050001621245956,-0.8299997448920943,-0.7177030444144975,0.0,-1.734999179840088,-0.34999901056289673,-0.7177046537399292,0.0,-1.9499999253864349,0.19700005619322286,-0.4345159395690814,0.0
1759838827.5176308,1,-1.2050001621245956,-0.8299997448920943,-0.7177030444144975,0.0,-1.734999179840088,-0.34999901056289673,-0.7177046537399292,0.0,-1.9499999253864349,0.19700005619322286,-0.4345159395690814,0.0
1759838827.5298796,1,-1.2050001621245956,-0.8299997448920943,-0.7177030444144975,0.0,-1.734999179840088,-0.34999901056289673,-0.7177046537399292,0.0,-1.9499999253864349,0.19700005619322286,-0.4345159395690814,0.0
1759838827.5411139,1,-1.2050001621245956,-0.8299997448920943,-0.7177030444144975,0.0,-1.734999179840088,-0.34999901056289673,-0.7177046537399292,0.0,-1.9499999253864349,0.19700005619322286,-0.4345159395690814,0.0
1759838827.5520191,1,-1.2050001621245956,-0.8299997448920943,-0.7177030444144975,0.0,-1.734999179840088,-0.34999901056289673,-0.7177046537399292,0.0,-1.9499999253864349,0.19700005619322286,-0.4345159395690814,0.0
1759838827.5639837,1,-1.2050001621245956,-0.8299997448920943,-0.7177030444144975,0.0,-1.734999179840088,-0.34999901056289673,-0.7177046537399292,0.0,-1.9499999253864349,0.19700005619322286,-0.4345159395690814,0.0
1759838827.5753255,1,-1.2050001621245956,-0.8299997448920943,-0.7177030444144975,0.0,-1.734999179840088,-0.34999901056289673,-0.7177046537399292,0.0,-1.9499999253864349,0.19700005619322286,-0.4345159395690814,0.0
1759838827.5866587,1,-1.2050001621245956,-0.8299997448920943,-0.7177030444144975,0.0,-1.734999179840088,-0.34999901056289673,-0.7177046537399292,0.0,-1.9499999253864349,0.19700005619322286,-0.4345159395690814,0.0
1759838827.5975173,1,-1.2050001621245956,-0.8299997448920943,-0.7177030444144975,0.0,-1.734999179840088,-0.34999901056289673,-0.7177046537399292,0.0,-1.9499999253864349,0.19700005619322286,-0.4345159395690814,0.0
1759838827.6087794,1,-1.2050001621245956,-0.8299997448920943,-0.7177030444144975,0.0,-1.734999179840088,-0.34999901056289673,-0.7177046537399292,0.0,-1.9499999253864349,0.19700005619322286,-0.4345159395690814,0.0
1759838827.618882,1,-1.2050001621245956,-0.8299997448920943,-0.7177030444144975,0.0,-1.734999179840088,-0.34999901056289673,-0.7177046537399292,0.0,-1.9499999253864349,0.19700005619322286,-0.4345159395690814,0.0
1759838827.6297216,1,-1.2050001621245956,-0.8299997448920943,-0.7177030444144975,0.0,-1.734999179840088,-0.34999901056289673,-0.7177046537399292,0.0,-1.9499999253864349,0.19700005619322286,-0.4345159395690814,0.0
1759838827.6397946,1,-1.2050001621245956,-0.8299997448920943,-0.7177030444144975,0.0,-1.734999179840088,-0.34999901056289673,-0.7177046537399292,0.0,-1.9499999253864349,0.19700005619322286,-0.4345159395690814,0.0
1759838827.6506605,1,-1.2050001621245956,-0.8299997448920943,-0.7177030444144975,0.0,-1.734999179840088,-0.34999901056289673,-0.7177046537399292,0.0,-1.9499999253864349,0.19700005619322286,-0.4345159395690814,0.0
1759838827.6634998,1,-1.2050001621245956,-0.8299997448920943,-0.7177030444144975,0.0,-1.734999179840088,-0.34999901056289673,-0.7177046537399292,0.0,-1.9499999253864349,0.19700005619322286,-0.4345159395690814,0.0
1759838827.6743398,1,-1.2050001621245956,-0.8299997448920943,-0.7177030444144975,0.0,-1.734999179840088,-0.34999901056289673,-0.7177046537399292,0.0,-1.9499999253864349,0.19700005619322286,-0.4345159395690814,0.0
1759838827.685413,1,-1.2050001621245956,-0.8299997448920943,-0.7177030444144975,0.0,-1.734999179840088,-0.34999901056289673,-0.7177046537399292,0.0,-1.9499999253864349,0.19700005619322286,-0.4345159395690814,0.0
1759838827.6964688,1,-1.2050001621245956,-0.8299997448920943,-0.7177030444144975,0.0,-1.734999179840088,-0.34999901056289673,-0.7177046537399292,0.0,-1.9499999253864349,0.19700005619322286,-0.4345159395690814,0.0
1759838827.7074034,1,-1.2050001621245956,-0.8299997448920943,-0.7177030444144975,0.0,-1.734999179840088,-0.34999901056289673,-0.7177046537399292,0.0,-1.9499999253864349,0.19700005619322286,-0.4345159395690814,0.0
1759838827.7185853,1,-1.2050001621245956,-0.8299997448920943,-0.7177030444144975,0.0,-1.734999179840088,-0.34999901056289673,-0.7177046537399292,0.0,-1.9499999253864349,0.19700005619322286,-0.4345159395690814,0.0
1759838827.7298603,1,-1.2050001621245956,-0.8299997448920943,-0.7177030444144975,0.0,-1.734999179840088,-0.34999901056289673,-0.7177046537399292,0.0,-1.9499999253864349,0.19700005619322286,-0.4345159395690814,0.0
1759838827.7411363,1,-1.2050001621245956,-0.8299997448920943,-0.7177030444144975,0.0,-1.734999179840088,-0.34999901056289673,-0.7177046537399292,0.0,-1.9499999253864349,0.19700005619322286,-0.4345159395690814,0.0
1759838827.7520669,1,-1.2050001621245956,-0.8299997448920943,-0.7177030444144975,0.0,-1.734999179840088,-0.34999901056289673,-0.7177046537399292,0.0,-1.9499999253864349,0.19700005619322286,-0.4345159395690814,0.0
1759838827.762836,1,-1.2050001621245956,-0.8299997448920943,-0.7177030444144975,0.0,-1.734999179840088,-0.34999901056289673,-0.7177046537399292,0.0,-1.9499999253864349,0.19700005619322286,-0.4345159395690814,0.0
1759838827.772844,1,-1.2050001621245956,-0.8299997448920943,-0.7177030444144975,0.0,-1.734999179840088,-0.34999901056289673,-0.7177046537399292,0.0,-1.9499999253864349,0.19700005619322286,-0.4345159395690814,0.0
1759838827.7833576,1,-1.2050001621245956,-0.8299997448920943,-0.7177030444144975,0.0,-1.734999179840088,-0.34999901056289673,-0.7177046537399292,0.0,-1.9499999253864349,0.19700005619322286,-0.4345159395690814,0.0
1759838827.7941105,1,-1.2050001621245956,-0.8299997448920943,-0.7177030444144975,0.0,-1.734999179840088,-0.34999901056289673,-0.7177046537399292,0.0,-1.9499999253864349,0.19700005619322286,-0.4345159395690814,0.0
1759838827.8050833,1,-1.2050001621245956,-0.8299997448920943,-0.7177030444144975,0.0,-1.734999179840088,-0.34999901056289673,-0.7177046537399292,0.0,-1.9499999253864349,0.19700005619322286,-0.4345159395690814,0.0
1759838827.8157268,1,-1.2050001621245956,-0.8299997448920943,-0.7177030444144975,0.0,-1.734999179840088,-0.34999901056289673,-0.7177046537399292,0.0,-1.9499999253864349,0.19700005619322286,-0.4345159395690814,0.0
1759838827.8260026,1,-1.2050001621245956,-0.8299997448920943,-0.7177030444144975,0.0,-1.734999179840088,-0.34999901056289673,-0.7177046537399292,0.0,-1.9499999253864349,0.19700005619322286,-0.4345159395690814,0.0
1759838827.840637,1,-1.2050001621245956,-0.8299997448920943,-0.7177030444144975,0.0,-1.734999179840088,-0.34999901056289673,-0.7177046537399292,0.0,-1.9499999253864349,0.19700005619322286,-0.4345159395690814,0.0
1759838827.8510633,1,-1.2050001621245956,-0.8299997448920943,-0.7177030444144975,0.0,-1.734999179840088,-0.34999901056289673,-0.7177046537399292,0.0,-1.9499999253864349,0.19700005619322286,-0.4345159395690814,0.0
1759838827.863433,1,-1.2050001621245956,-0.8299997448920943,-0.7177030444144975,0.0,-1.734999179840088,-0.34999901056289673,-0.7177046537399292,0.0,-1.9499999253864349,0.19700005619322286,-0.4345159395690814,0.0
1759838827.874226,1,-1.2050001621245956,-0.8299997448920943,-0.7177030444144975,0.0,-1.734999179840088,-0.34999901056289673,-0.7177046537399292,0.0,-1.9499999253864349,0.19700005619322286,-0.4345159395690814,0.0
1759838827.8851619,1,-1.2050001621245956,-0.8299997448920943,-0.7177030444144975,0.0,-1.734999179840088,-0.34999901056289673,-0.7177046537399292,0.0,-1.9499999253864349,0.19700005619322286,-0.4345159395690814,0.0
1759838827.8962235,1,-1.2050001621245956,-0.8299997448920943,-0.7177030444144975,0.0,-1.734999179840088,-0.34999901056289673,-0.7177046537399292,0.0,-1.9499999253864349,0.19700005619322286,-0.4345159395690814,0.0
1759838827.9071288,1,-1.2050001621245956,-0.8299997448920943,-0.7177030444144975,0.0,-1.734999179840088,-0.34999901056289673,-0.7177046537399292,0.0,-1.9499999253864349,0.19700005619322286,-0.4345159395690814,0.0
1759838827.920139,1,-1.2050001621245956,-0.8299997448920943,-0.7177030444144975,0.0,-1.734999179840088,-0.34999901056289673,-0.7177046537399292,0.0,-1.9499999253864349,0.19700005619322286,-0.4345159395690814,0.0
1759838827.930899,1,-1.2050001621245956,-0.8299997448920943,-0.7177030444144975,0.0,-1.734999179840088,-0.34999901056289673,-0.7177046537399292,0.0,-1.9499999253864349,0.19700005619322286,-0.4345159395690814,0.0
1759838827.9410443,1,-1.2050001621245956,-0.8299997448920943,-0.7177030444144975,0.0,-1.734999179840088,-0.34999901056289673,-0.7177046537399292,0.0,-1.9499999253864349,0.19700005619322286,-0.4345159395690814,0.0
1759838827.9518263,1,-1.2050001621245956,-0.8299997448920943,-0.7177030444144975,0.0,-1.734999179840088,-0.34999901056289673,-0.7177046537399292,0.0,-1.9499999253864349,0.19700005619322286,-0.4345159395690814,0.0
1759838827.962933,1,-1.2050001621245956,-0.8299997448920943,-0.7177030444144975,0.0,-1.734999179840088,-0.34999901056289673,-0.7177046537399292,0.0,-1.9499999253864349,0.19700005619322286,-0.4345159395690814,0.0
1759838827.9734876,1,-1.2050001621245956,-0.8299997448920943,-0.7177030444144975,0.0,-1.734999179840088,-0.34999901056289673,-0.7177046537399292,0.0,-1.9499999253864349,0.19700005619322286,-0.4345159395690814,0.0
1759838827.9854345,1,-1.2050001621245956,-0.8299997448920943,-0.7177030444144975,0.0,-1.734999179840088,-0.34999901056289673,-0.7177046537399292,0.0,-1.9499999253864349,0.19700005619322286,-0.4345159395690814,0.0
1759838827.9956498,1,-1.2050001621245956,-0.8299997448920943,-0.7177030444144975,0.0,-1.734999179840088,-0.34999901056289673,-0.7177046537399292,0.0,-1.9499999253864349,0.19700005619322286,-0.4345159395690814,0.0
1759838828.0083194,1,-1.2050001621245956,-0.8299997448920943,-0.7177030444144975,0.0,-1.734999179840088,-0.34999901056289673,-0.7177046537399292,0.0,-1.9499999253864349,0.19700005619322286,-0.4345159395690814,0.0
1759838828.0193303,1,-1.2050001621245956,-0.8299997448920943,-0.7177030444144975,0.0,-1.734999179840088,-0.34999901056289673,-0.7177046537399292,0.0,-1.9499999253864349,0.19700005619322286,-0.4345159395690814,0.0
1759838828.0305476,1,-1.2050001621245956,-0.8299997448920943,-0.7177030444144975,0.0,-1.734999179840088,-0.34999901056289673,-0.7177046537399292,0.0,-1.9499999253864349,0.19700005619322286,-0.4345159395690814,0.0
1759838828.0421045,1,-1.2050001621245956,-0.8299997448920943,-0.7177030444144975,0.0,-1.734999179840088,-0.34999901056289673,-0.7177046537399292,0.0,-1.9499999253864349,0.19700005619322286,-0.4345159395690814,0.0
1759838828.054052,1,-1.2050001621245956,-0.8299997448920943,-0.7177030444144975,0.0,-1.734999179840088,-0.34999901056289673,-0.7177046537399292,0.0,-1.9499999253864349,0.19700005619322286,-0.4345159395690814,0.0
1759838828.0670002,1,-1.2050001621245956,-0.8299997448920943,-0.7177030444144975,0.0,-1.734999179840088,-0.34999901056289673,-0.7177046537399292,0.0,-1.9499999253864349,0.19700005619322286,-0.4345159395690814,0.0
1759838828.0773208,1,-1.2050001621245956,-0.8299997448920943,-0.7177030444144975,0.0,-1.734999179840088,-0.34999901056289673,-0.7177046537399292,0.0,-1.9499999253864349,0.19700005619322286,-0.4345159395690814,0.0
1759838828.0880613,1,-1.2050001621245956,-0.8299997448920943,-0.7177030444144975,0.0,-1.734999179840088,-0.34999901056289673,-0.7177046537399292,0.0,-1.9499999253864349,0.19700005619322286,-0.4345159395690814,0.0
1759838828.099575,1,-1.2050001621245956,-0.8299997448920943,-0.7177030444144975,0.0,-1.734999179840088,-0.34999901056289673,-0.7177046537399292,0.0,-1.9499999253864349,0.19700005619322286,-0.4345159395690814,0.0
1759838828.110211,1,-1.2050001621245956,-0.8299997448920943,-0.7177030444144975,0.0,-1.734999179840088,-0.34999901056289673,-0.7177046537399292,0.0,-1.9499999253864349,0.19700005619322286,-0.4345159395690814,0.0
1759838828.1213562,1,-1.2050001621245956,-0.8299997448920943,-0.7177030444144975,0.0,-1.734999179840088,-0.34999901056289673,-0.7177046537399292,0.0,-1.9499999253864349,0.19700005619322286,-0.4345159395690814,0.0
1759838828.1325674,1,-1.2050001621245956,-0.8299997448920943,-0.7177030444144975,0.0,-1.734999179840088,-0.34999901056289673,-0.7177046537399292,0.0,-1.9499999253864349,0.19700005619322286,-0.4345159395690814,0.0
1759838828.1435857,1,-1.2050001621245956,-0.8299997448920943,-0.7177030444144975,0.0,-1.734999179840088,-0.34999901056289673,-0.7177046537399292,0.0,-1.9499999253864349,0.19700005619322286,-0.4345159395690814,0.0
1759838828.1544986,1,-1.2050001621245956,-0.8299997448920943,-0.7177030444144975,0.0,-1.734999179840088,-0.34999901056289673,-0.7177046537399292,0.0,-1.9499999253864349,0.19700005619322286,-0.4345159395690814,0.0
1759838828.165701,1,-1.2050001621245956,-0.8299997448920943,-0.7177030444144975,0.0,-1.734999179840088,-0.34999901056289673,-0.7177046537399292,0.0,-1.9499999253864349,0.19700005619322286,-0.4345159395690814,0.0
1759838828.176285,1,-1.2050001621245956,-0.8299997448920943,-0.7177030444144975,0.0,-1.734999179840088,-0.34999901056289673,-0.7177046537399292,0.0,-1.9499999253864349,0.19700005619322286,-0.4345159395690814,0.0
1759838828.1876214,1,-1.2050001621245956,-0.8299997448920943,-0.7177030444144975,0.0,-1.734999179840088,-0.34999901056289673,-0.7177046537399292,0.0,-1.9499999253864349,0.19700005619322286,-0.4345159395690814,0.0
1759838828.1989243,1,-1.2050001621245956,-0.8299997448920943,-0.7177030444144975,0.0,-1.734999179840088,-0.34999901056289673,-0.7177046537399292,0.0,-1.9499999253864349,0.19700005619322286,-0.4345159395690814,0.0
1759838828.2099533,1,-1.2050001621245956,-0.8299997448920943,-0.7177030444144975,0.0,-1.734999179840088,-0.34999901056289673,-0.7177046537399292,0.0,-1.9499999253864349,0.19700005619322286,-0.4345159395690814,0.0
1759838828.2203047,1,-1.2050001621245956,-0.8299997448920943,-0.7177030444144975,0.0,-1.734999179840088,-0.34999901056289673,-0.7177046537399292,0.0,-1.9499999253864349,0.19700005619322286,-0.4345159395690814,0.0
1759838828.2305722,1,-1.2050001621245956,-0.8299997448920943,-0.7177030444144975,0.0,-1.734999179840088,-0.34999901056289673,-0.7177046537399292,0.0,-1.9499999253864349,0.19700005619322286,-0.4345159395690814,0.0
1759838828.2408412,1,-1.2050001621245956,-0.8299997448920943,-0.7177030444144975,0.0,-1.734999179840088,-0.34999901056289673,-0.7177046537399292,0.0,-1.9499999253864349,0.19700005619322286,-0.4345159395690814,0.0
1759838828.2522712,1,-1.2050001621245956,-0.8299997448920943,-0.7177030444144975,0.0,-1.734999179840088,-0.34999901056289673,-0.7177046537399292,0.0,-1.9499999253864349,0.19700005619322286,-0.4345159395690814,0.0
1759838828.268318,1,-1.2050001621245956,-0.8299997448920943,-0.7177030444144975,0.0,-1.734999179840088,-0.34999901056289673,-0.7177046537399292,0.0,-1.9499999253864349,0.19700005619322286,-0.4345159395690814,0.0
1759838828.278553,1,-1.2050001621245956,-0.8299997448920943,-0.7177030444144975,0.0,-1.734999179840088,-0.34999901056289673,-0.7177046537399292,0.0,-1.9499999253864349,0.19700005619322286,-0.4345159395690814,0.0
1759838828.2896435,1,-1.2050001621245956,-0.8299997448920943,-0.7177030444144975,0.0,-1.734999179840088,-0.34999901056289673,-0.7177046537399292,0.0,-1.9499999253864349,0.19700005619322286,-0.4345159395690814,0.0
1759838828.300257,1,-1.2050001621245956,-0.8299997448920943,-0.7177030444144975,0.0,-1.734999179840088,-0.34999901056289673,-0.7177046537399292,0.0,-1.9499999253864349,0.19700005619322286,-0.4345159395690814,0.0
1759838828.3106675,1,-1.2050001621245956,-0.8299997448920943,-0.7177030444144975,0.0,-1.734999179840088,-0.34999901056289673,-0.7177046537399292,0.0,-1.9499999253864349,0.19700005619322286,-0.4345159395690814,0.0
1759838828.3215303,1,-1.2050001621245956,-0.8299997448920943,-0.7177030444144975,0.0,-1.734999179840088,-0.34999901056289673,-0.7177046537399292,0.0,-1.9499999253864349,0.19700005619322286,-0.4345159395690814,0.0
1759838828.331893,1,-1.2050001621245956,-0.8299997448920943,-0.7177030444144975,0.0,-1.734999179840088,-0.34999901056289673,-0.7177046537399292,0.0,-1.9499999253864349,0.19700005619322286,-0.4345159395690814,0.0
1759838828.3452826,1,-1.2050001621245956,-0.8299997448920943,-0.7177030444144975,0.0,-1.734999179840088,-0.34999901056289673,-0.7177046537399292,0.0,-1.9499999253864349,0.19700005619322286,-0.4345159395690814,0.0
1759838828.3560464,1,-1.2050001621245956,-0.8299997448920943,-0.7177030444144975,0.0,-1.734999179840088,-0.34999901056289673,-0.7177046537399292,0.0,-1.9499999253864349,0.19700005619322286,-0.4345159395690814,0.0
1759838828.3669205,1,-1.2050001621245956,-0.8299997448920943,-0.7177030444144975,0.0,-1.734999179840088,-0.34999901056289673,-0.7177046537399292,0.0,-1.9499999253864349,0.19700005619322286,-0.4345159395690814,0.0
1759838828.3776066,1,-1.2050001621245956,-0.8299997448920943,-0.7177030444144975,0.0,-1.734999179840088,-0.34999901056289673,-0.7177046537399292,0.0,-1.9499999253864349,0.19700005619322286,-0.4345159395690814,0.0
1759838828.38786,1,-1.2050001621245956,-0.8299997448920943,-0.7177030444144975,0.0,-1.734999179840088,-0.34999901056289673,-0.7177046537399292,0.0,-1.9499999253864349,0.19700005619322286,-0.4345159395690814,0.0
1759838828.3991518,1,-1.2050001621245956,-0.8299997448920943,-0.7177030444144975,0.0,-1.734999179840088,-0.34999901056289673,-0.7177046537399292,0.0,-1.9499999253864349,0.19700005619322286,-0.4345159395690814,0.0
1759838828.410402,1,-1.2050001621245956,-0.8299997448920943,-0.7177030444144975,0.0,-1.734999179840088,-0.34999901056289673,-0.7177046537399292,0.0,-1.9499999253864349,0.19700005619322286,-0.4345159395690814,0.0
1759838828.4204917,1,-1.2050001621245956,-0.8299997448920943,-0.7177030444144975,0.0,-1.734999179840088,-0.34999901056289673,-0.7177046537399292,0.0,-1.9499999253864349,0.19700005619322286,-0.4345159395690814,0.0
1759838828.4305358,1,-1.2050001621245956,-0.8299997448920943,-0.7177030444144975,0.0,-1.734999179840088,-0.34999901056289673,-0.7177046537399292,0.0,-1.9499999253864349,0.19700005619322286,-0.4345159395690814,0.0
1759838828.44155,1,-1.2050001621245956,-0.8299997448920943,-0.7177030444144975,0.0,-1.734999179840088,-0.34999901056289673,-0.7177046537399292,0.0,-1.9499999253864349,0.19700005619322286,-0.4345159395690814,0.0
1759838828.4528656,1,-1.2050001621245956,-0.8299997448920943,-0.7177030444144975,0.0,-1.734999179840088,-0.34999901056289673,-0.7177046537399292,0.0,-1.9499999253864349,0.19700005619322286,-0.4345159395690814,0.0
1759838828.466891,1,-1.2050001621245956,-0.8299997448920943,-0.7177030444144975,0.0,-1.734999179840088,-0.34999901056289673,-0.7177046537399292,0.0,-1.9499999253864349,0.19700005619322286,-0.4345159395690814,0.0
1759838828.4783232,1,-1.2050001621245956,-0.8299997448920943,-0.7177030444144975,0.0,-1.734999179840088,-0.34999901056289673,-0.7177046537399292,0.0,-1.9499999253864349,0.19700005619322286,-0.4345159395690814,0.0
1759838828.4886112,1,-1.2050001621245956,-0.8299997448920943,-0.7177030444144975,0.0,-1.734999179840088,-0.34999901056289673,-0.7177046537399292,0.0,-1.9499999253864349,0.19700005619322286,-0.4345159395690814,0.0
1759838828.4999068,1,-1.2050001621245956,-0.8299997448920943,-0.7177030444144975,0.0,-1.734999179840088,-0.34999901056289673,-0.7177046537399292,0.0,-1.9499999253864349,0.19700005619322286,-0.4345159395690814,0.0
1759838828.5114055,1,-1.2050001621245956,-0.8299997448920943,-0.7177030444144975,0.0,-1.734999179840088,-0.34999901056289673,-0.7177046537399292,0.0,-1.9499999253864349,0.19700005619322286,-0.4345159395690814,0.0
1759838828.5253253,1,-1.2050001621245956,-0.8299997448920943,-0.7177030444144975,0.0,-1.734999179840088,-0.34999901056289673,-0.7177046537399292,0.0,-1.9499999253864349,0.19700005619322286,-0.4345159395690814,0.0
1759838828.5362577,1,-1.2050001621245956,-0.8299997448920943,-0.7177030444144975,0.0,-1.734999179840088,-0.34999901056289673,-0.7177046537399292,0.0,-1.9499999253864349,0.19700005619322286,-0.4345159395690814,0.0
1759838828.547585,1,-1.2050001621245956,-0.8299997448920943,-0.7177030444144975,0.0,-1.734999179840088,-0.34999901056289673,-0.7177046537399292,0.0,-1.9499999253864349,0.19700005619322286,-0.4345159395690814,0.0
1759838828.5583537,1,-1.2050001621245956,-0.8299997448920943,-0.7177030444144975,0.0,-1.734999179840088,-0.34999901056289673,-0.7177046537399292,0.0,-1.9499999253864349,0.19700005619322286,-0.4345159395690814,0.0
1759838828.5690904,1,-1.2050001621245956,-0.8299997448920943,-0.7177030444144975,0.0,-1.734999179840088,-0.34999901056289673,-0.7177046537399292,0.0,-1.9499999253864349,0.19700005619322286,-0.4345159395690814,0.0
1759838828.5803673,1,-1.2050001621245956,-0.8299997448920943,-0.7177030444144975,0.0,-1.734999179840088,-0.34999901056289673,-0.7177046537399292,0.0,-1.9499999253864349,0.19700005619322286,-0.4345159395690814,0.0
1759838828.59152,1,-1.2050001621245956,-0.8299997448920943,-0.7177030444144975,0.0,-1.734999179840088,-0.34999901056289673,-0.7177046537399292,0.0,-1.9499999253864349,0.19700005619322286,-0.4345159395690814,0.0
1759838828.6028755,1,-1.2050001621245956,-0.8299997448920943,-0.7177030444144975,0.0,-1.734999179840088,-0.34999901056289673,-0.7177046537399292,0.0,-1.9499999253864349,0.19700005619322286,-0.4345159395690814,0.0
1759838828.6142967,1,-1.2050001621245956,-0.8299997448920943,-0.7177030444144975,0.0,-1.734999179840088,-0.34999901056289673,-0.7177046537399292,0.0,-1.9499999253864349,0.19700005619322286,-0.4345159395690814,0.0
1759838828.6251447,1,-1.2050001621245956,-0.8299997448920943,-0.7177030444144975,0.0,-1.734999179840088,-0.34999901056289673,-0.7177046537399292,0.0,-1.9499999253864349,0.19700005619322286,-0.4345159395690814,0.0
1759838828.6355731,1,-1.2050001621245956,-0.8299997448920943,-0.7177030444144975,0.0,-1.734999179840088,-0.34999901056289673,-0.7177046537399292,0.0,-1.9499999253864349,0.19700005619322286,-0.4345159395690814,0.0
1759838828.6459913,1,-1.2050001621245956,-0.8299997448920943,-0.7177030444144975,0.0,-1.734999179840088,-0.34999901056289673,-0.7177046537399292,0.0,-1.9499999253864349,0.19700005619322286,-0.4345159395690814,0.0
1759838828.65726,1,-1.2050001621245956,-0.8299997448920943,-0.7177030444144975,0.0,-1.734999179840088,-0.34999901056289673,-0.7177046537399292,0.0,-1.9499999253864349,0.19700005619322286,-0.4345159395690814,0.0
1759838828.67091,1,-1.2050001621245956,-0.8299997448920943,-0.7177030444144975,0.0,-1.734999179840088,-0.34999901056289673,-0.7177046537399292,0.0,-1.9499999253864349,0.19700005619322286,-0.4345159395690814,0.0
1759838828.6811645,1,-1.2050001621245956,-0.8299997448920943,-0.7177030444144975,0.0,-1.734999179840088,-0.34999901056289673,-0.7177046537399292,0.0,-1.9499999253864349,0.19700005619322286,-0.4345159395690814,0.0
1759838828.6917205,1,-1.2050001621245956,-0.8299997448920943,-0.7177030444144975,0.0,-1.734999179840088,-0.34999901056289673,-0.7177046537399292,0.0,-1.9499999253864349,0.19700005619322286,-0.4345159395690814,0.0
1759838828.7026856,1,-1.2050001621245956,-0.8299997448920943,-0.7177030444144975,0.0,-1.734999179840088,-0.34999901056289673,-0.7177046537399292,0.0,-1.9499999253864349,0.19700005619322286,-0.4345159395690814,0.0
1759838828.7127283,1,-1.2050001621245956,-0.8299997448920943,-0.7177030444144975,0.0,-1.734999179840088,-0.34999901056289673,-0.7177046537399292,0.0,-1.9499999253864349,0.19700005619322286,-0.4345159395690814,0.0
1759838828.7227426,1,-1.2050001621245956,-0.8299997448920943,-0.7177030444144975,0.0,-1.734999179840088,-0.34999901056289673,-0.7177046537399292,0.0,-1.9499999253864349,0.19700005619322286,-0.4345159395690814,0.0
1759838828.7332096,1,-1.2050001621245956,-0.8299997448920943,-0.7177030444144975,0.0,-1.734999179840088,-0.34999901056289673,-0.7177046537399292,0.0,-1.9499999253864349,0.19700005619322286,-0.4345159395690814,0.0
1759838828.7440467,1,-1.2050001621245956,-0.8299997448920943,-0.7177030444144975,0.0,-1.734999179840088,-0.34999901056289673,-0.7177046537399292,0.0,-1.9499999253864349,0.19700005619322286,-0.4345159395690814,0.0
1759838828.7549357,1,-1.2050001621245956,-0.8299997448920943,-0.7177030444144975,0.0,-1.734999179840088,-0.34999901056289673,-0.7177046537399292,0.0,-1.9499999253864349,0.19700005619322286,-0.4345159395690814,0.0
1759838828.7653258,1,-1.2050001621245956,-0.8299997448920943,-0.7177030444144975,0.0,-1.734999179840088,-0.34999901056289673,-0.7177046537399292,0.0,-1.9499999253864349,0.19700005619322286,-0.4345159395690814,0.0
1759838828.77666,1,-1.2050001621245956,-0.8299997448920943,-0.7177030444144975,0.0,-1.734999179840088,-0.34999901056289673,-0.7177046537399292,0.0,-1.9499999253864349,0.19700005619322286,-0.4345159395690814,0.0
1759838828.786928,1,-1.2050001621245956,-0.8299997448920943,-0.7177030444144975,0.0,-1.734999179840088,-0.34999901056289673,-0.7177046537399292,0.0,-1.9499999253864349,0.19700005619322286,-0.4345159395690814,0.0
1759838828.7974167,1,-1.2050001621245956,-0.8299997448920943,-0.7177030444144975,0.0,-1.734999179840088,-0.34999901056289673,-0.7177046537399292,0.0,-1.9499999253864349,0.19700005619322286,-0.4345159395690814,0.0
1759838828.8076217,1,-1.2050001621245956,-0.8299997448920943,-0.7177030444144975,0.0,-1.734999179840088,-0.34999901056289673,-0.7177046537399292,0.0,-1.9499999253864349,0.19700005619322286,-0.4345159395690814,0.0
1759838828.819231,1,-1.2050001621245956,-0.8299997448920943,-0.7177030444144975,0.0,-1.734999179840088,-0.34999901056289673,-0.7177046537399292,0.0,-1.9499999253864349,0.19700005619322286,-0.4345159395690814,0.0
1759838828.8294184,1,-1.2050001621245956,-0.8299997448920943,-0.7177030444144975,0.0,-1.734999179840088,-0.34999901056289673,-0.7177046537399292,0.0,-1.9499999253864349,0.19700005619322286,-0.4345159395690814,0.0
1759838828.8408518,1,-1.2050001621245956,-0.8299997448920943,-0.7177030444144975,0.0,-1.734999179840088,-0.34999901056289673,-0.7177046537399292,0.0,-1.9499999253864349,0.19700005619322286,-0.4345159395690814,0.0
1759838828.8510797,1,-1.2050001621245956,-0.8299997448920943,-0.7177030444144975,0.0,-1.734999179840088,-0.34999901056289673,-0.7177046537399292,0.0,-1.9499999253864349,0.19700005619322286,-0.4345159395690814,0.0
1759838828.8618844,1,-1.2050001621245956,-0.8299997448920943,-0.7177030444144975,0.0,-1.734999179840088,-0.34999901056289673,-0.7177046537399292,0.0,-1.9499999253864349,0.19700005619322286,-0.4345159395690814,0.0
1759838828.8763463,1,-1.2050001621245956,-0.8299997448920943,-0.7177030444144975,0.0,-1.734999179840088,-0.34999901056289673,-0.7177046537399292,0.0,-1.9499999253864349,0.19700005619322286,-0.4345159395690814,0.0
1759838828.886724,1,-1.2050001621245956,-0.8299997448920943,-0.7177030444144975,0.0,-1.734999179840088,-0.34999901056289673,-0.7177046537399292,0.0,-1.9499999253864349,0.19700005619322286,-0.4345159395690814,0.0
1759838828.896928,1,-1.2050001621245956,-0.8299997448920943,-0.7177030444144975,0.0,-1.734999179840088,-0.34999901056289673,-0.7177046537399292,0.0,-1.9499999253864349,0.19700005619322286,-0.4345159395690814,0.0
1759838828.9071977,1,-1.2050001621245956,-0.8299997448920943,-0.7177030444144975,0.0,-1.734999179840088,-0.34999901056289673,-0.7177046537399292,0.0,-1.9499999253864349,0.19700005619322286,-0.4345159395690814,0.0
1759838828.9190505,1,-1.2050001621245956,-0.8299997448920943,-0.7177030444144975,0.0,-1.734999179840088,-0.34999901056289673,-0.7177046537399292,0.0,-1.9499999253864349,0.19700005619322286,-0.4345159395690814,0.0
1759838828.930454,1,-1.2050001621245956,-0.8299997448920943,-0.7177030444144975,0.0,-1.734999179840088,-0.34999901056289673,-0.7177046537399292,0.0,-1.9499999253864349,0.19700005619322286,-0.4345159395690814,0.0
1759838828.9405718,1,-1.2050001621245956,-0.8299997448920943,-0.7177030444144975,0.0,-1.734999179840088,-0.34999901056289673,-0.7177046537399292,0.0,-1.9499999253864349,0.19700005619322286,-0.4345159395690814,0.0
1759838828.9519746,1,-1.2050001621245956,-0.8299997448920943,-0.7177030444144975,0.0,-1.734999179840088,-0.34999901056289673,-0.7177046537399292,0.0,-1.9499999253864349,0.19700005619322286,-0.4345159395690814,0.0
1759838828.9622147,1,-1.2050001621245956,-0.8299997448920943,-0.7177030444144975,0.0,-1.734999179840088,-0.34999901056289673,-0.7177046537399292,0.0,-1.9499999253864349,0.19700005619322286,-0.4345159395690814,0.0
1759838828.9731548,1,-1.2050001621245956,-0.8299997448920943,-0.7177030444144975,0.0,-1.734999179840088,-0.34999901056289673,-0.7177046537399292,0.0,-1.9499999253864349,0.19700005619322286,-0.4345159395690814,0.0
1759838828.9845092,1,-1.2050001621245956,-0.8299997448920943,-0.7177030444144975,0.0,-1.734999179840088,-0.34999901056289673,-0.7177046537399292,0.0,-1.9499999253864349,0.19700005619322286,-0.4345159395690814,0.0
1759838828.9949481,1,-1.2050001621245956,-0.8299997448920943,-0.7177030444144975,0.0,-1.734999179840088,-0.34999901056289673,-0.7177046537399292,0.0,-1.9499999253864349,0.19700005619322286,-0.4345159395690814,0.0
1759838829.0056553,1,-1.2050001621245956,-0.8299997448920943,-0.7177030444144975,0.0,-1.734999179840088,-0.34999901056289673,-0.7177046537399292,0.0,-1.9499999253864349,0.19700005619322286,-0.4345159395690814,0.0
1759838829.0169773,1,-1.2050001621245956,-0.8299997448920943,-0.7177030444144975,0.0,-1.734999179840088,-0.34999901056289673,-0.7177046537399292,0.0,-1.9499999253864349,0.19700005619322286,-0.4345159395690814,0.0
1759838829.0272982,1,-1.2050001621245956,-0.8299997448920943,-0.7177030444144975,0.0,-1.734999179840088,-0.34999901056289673,-0.7177046537399292,0.0,-1.9499999253864349,0.19700005619322286,-0.4345159395690814,0.0
1759838829.0377536,1,-1.2050001621245956,-0.8299997448920943,-0.7177030444144975,0.0,-1.734999179840088,-0.34999901056289673,-0.7177046537399292,0.0,-1.9499999253864349,0.19700005619322286,-0.4345159395690814,0.0
1759838829.0499423,1,-1.2050001621245956,-0.8299997448920943,-0.7177030444144975,0.0,-1.734999179840088,-0.34999901056289673,-0.7177046537399292,0.0,-1.9499999253864349,0.19700005619322286,-0.4345159395690814,0.0
1759838829.0608766,1,-1.2050001621245956,-0.8299997448920943,-0.7177030444144975,0.0,-1.734999179840088,-0.34999901056289673,-0.7177046537399292,0.0,-1.9499999253864349,0.19700005619322286,-0.4345159395690814,0.0
1759838829.074239,1,-1.2050001621245956,-0.8299997448920943,-0.7177030444144975,0.0,-1.734999179840088,-0.34999901056289673,-0.7177046537399292,0.0,-1.9499999253864349,0.19700005619322286,-0.4345159395690814,0.0
1759838829.0828917,1,-1.2050001621245956,-0.8299997448920943,-0.7177030444144975,0.0,-1.734999179840088,-0.34999901056289673,-0.7177046537399292,0.0,-1.9499999253864349,0.19700005619322286,-0.4345159395690814,0.0
1759838829.0940902,1,-1.2050001621245956,-0.8299997448920943,-0.7177030444144975,0.0,-1.734999179840088,-0.34999901056289673,-0.7177046537399292,0.0,-1.9499999253864349,0.19700005619322286,-0.4345159395690814,0.0
1759838829.1055634,1,-1.2050001621245956,-0.8299997448920943,-0.7177030444144975,0.0,-1.734999179840088,-0.34999901056289673,-0.7177046537399292,0.0,-1.9499999253864349,0.19700005619322286,-0.4345159395690814,0.0
1759838829.1166131,1,-1.2050001621245956,-0.8299997448920943,-0.7177030444144975,0.0,-1.734999179840088,-0.34999901056289673,-0.7177046537399292,0.0,-1.9499999253864349,0.19700005619322286,-0.4345159395690814,0.0
1759838829.1278155,1,-1.2050001621245956,-0.8299997448920943,-0.7177030444144975,0.0,-1.734999179840088,-0.34999901056289673,-0.7177046537399292,0.0,-1.9499999253864349,0.19700005619322286,-0.4345159395690814,0.0
1759838829.138098,1,-1.2050001621245956,-0.8299997448920943,-0.7177030444144975,0.0,-1.734999179840088,-0.34999901056289673,-0.7177046537399292,0.0,-1.9499999253864349,0.19700005619322286,-0.4345159395690814,0.0
1759838829.1500287,1,-1.2050001621245956,-0.8299997448920943,-0.7177030444144975,0.0,-1.734999179840088,-0.34999901056289673,-0.7177046537399292,0.0,-1.9499999253864349,0.19700005619322286,-0.4345159395690814,0.0
1759838829.1607058,1,-1.2050001621245956,-0.8299997448920943,-0.7177030444144975,0.0,-1.734999179840088,-0.34999901056289673,-0.7177046537399292,0.0,-1.9499999253864349,0.19700005619322286,-0.4345159395690814,0.0
1759838829.170902,1,-1.2050001621245956,-0.8299997448920943,-0.7177030444144975,0.0,-1.734999179840088,-0.34999901056289673,-0.7177046537399292,0.0,-1.9499999253864349,0.19700005619322286,-0.4345159395690814,0.0
1759838829.1818352,1,-1.2050001621245956,-0.8299997448920943,-0.7177030444144975,0.0,-1.734999179840088,-0.34999901056289673,-0.7177046537399292,0.0,-1.9499999253864349,0.19700005619322286,-0.4345159395690814,0.0
1759838829.192735,1,-1.2050001621245956,-0.8299997448920943,-0.7177030444144975,0.0,-1.734999179840088,-0.34999901056289673,-0.7177046537399292,0.0,-1.9499999253864349,0.19700005619322286,-0.4345159395690814,0.0
1759838829.2050796,1,-1.2050001621245956,-0.8299997448920943,-0.7177030444144975,0.0,-1.734999179840088,-0.34999901056289673,-0.7177046537399292,0.0,-1.9499999253864349,0.19700005619322286,-0.4345159395690814,0.0
1759838829.2164545,1,-1.2050001621245956,-0.8299997448920943,-0.7177030444144975,0.0,-1.734999179840088,-0.34999901056289673,-0.7177046537399292,0.0,-1.9499999253864349,0.19700005619322286,-0.4345159395690814,0.0
1759838829.227131,1,-1.2050001621245956,-0.8299997448920943,-0.7177030444144975,0.0,-1.734999179840088,-0.34999901056289673,-0.7177046537399292,0.0,-1.9499999253864349,0.19700005619322286,-0.4345159395690814,0.0
1759838829.2384543,1,-1.2050001621245956,-0.8299997448920943,-0.7177030444144975,0.0,-1.734999179840088,-0.34999901056289673,-0.7177046537399292,0.0,-1.9499999253864349,0.19700005619322286,-0.4345159395690814,0.0
1759838829.2499402,1,-1.2050001621245956,-0.8299997448920943,-0.7177030444144975,0.0,-1.734999179840088,-0.34999901056289673,-0.7177046537399292,0.0,-1.9499999253864349,0.19700005619322286,-0.4345159395690814,0.0
1759838829.2599573,1,-1.2050001621245956,-0.8299997448920943,-0.7177030444144975,0.0,-1.734999179840088,-0.34999901056289673,-0.7177046537399292,0.0,-1.9499999253864349,0.19700005619322286,-0.4345159395690814,0.0
1759838829.2707884,1,-1.2050001621245956,-0.8299997448920943,-0.7177030444144975,0.0,-1.734999179840088,-0.34999901056289673,-0.7177046537399292,0.0,-1.9499999253864349,0.19700005619322286,-0.4345159395690814,0.0
1759838829.2870963,1,-1.2050001621245956,-0.8299997448920943,-0.7177030444144975,0.0,-1.734999179840088,-0.34999901056289673,-0.7177046537399292,0.0,-1.9499999253864349,0.19700005619322286,-0.4345159395690814,0.0
1759838829.300642,1,-1.2050001621245956,-0.8299997448920943,-0.7177030444144975,0.0,-1.734999179840088,-0.34999901056289673,-0.7177046537399292,0.0,-1.9499999253864349,0.19700005619322286,-0.4345159395690814,0.0
1759838829.311029,1,-1.2050001621245956,-0.8299997448920943,-0.7177030444144975,0.0,-1.734999179840088,-0.34999901056289673,-0.7177046537399292,0.0,-1.9499999253864349,0.19700005619322286,-0.4345159395690814,0.0
1759838829.3212392,1,-1.2050001621245956,-0.8299997448920943,-0.7177030444144975,0.0,-1.734999179840088,-0.34999901056289673,-0.7177046537399292,0.0,-1.9499999253864349,0.19700005619322286,-0.4345159395690814,0.0
1759838829.3314972,1,-1.2050001621245956,-0.8299997448920943,-0.7177030444144975,0.0,-1.734999179840088,-0.34999901056289673,-0.7177046537399292,0.0,-1.9499999253864349,0.19700005619322286,-0.4345159395690814,0.0
1759838829.342856,1,-1.2050001621245956,-0.8299997448920943,-0.7177030444144975,0.0,-1.734999179840088,-0.34999901056289673,-0.7177046537399292,0.0,-1.9499999253864349,0.19700005619322286,-0.4345159395690814,0.0
1759838829.3537498,1,-1.2050001621245956,-0.8299997448920943,-0.7177030444144975,0.0,-1.734999179840088,-0.34999901056289673,-0.7177046537399292,0.0,-1.9499999253864349,0.19700005619322286,-0.4345159395690814,0.0
1759838829.3650613,1,-1.2050001621245956,-0.8299997448920943,-0.7177030444144975,0.0,-1.734999179840088,-0.34999901056289673,-0.7177046537399292,0.0,-1.9499999253864349,0.19700005619322286,-0.4345159395690814,0.0
1759838829.3766384,1,-1.2050001621245956,-0.8299997448920943,-0.7177030444144975,0.0,-1.734999179840088,-0.34999901056289673,-0.7177046537399292,0.0,-1.9499999253864349,0.19700005619322286,-0.4345159395690814,0.0
1759838829.387297,1,-1.2050001621245956,-0.8299997448920943,-0.7177030444144975,0.0,-1.734999179840088,-0.34999901056289673,-0.7177046537399292,0.0,-1.9499999253864349,0.19700005619322286,-0.4345159395690814,0.0
1759838829.3980002,1,-1.2050001621245956,-0.8299997448920943,-0.7177030444144975,0.0,-1.734999179840088,-0.34999901056289673,-0.7177046537399292,0.0,-1.9499999253864349,0.19700005619322286,-0.4345159395690814,0.0
1759838829.4098723,1,-1.2050001621245956,-0.8299997448920943,-0.7177030444144975,0.0,-1.734999179840088,-0.34999901056289673,-0.7177046537399292,0.0,-1.9499999253864349,0.19700005619322286,-0.4345159395690814,0.0
1759838829.4212394,1,-1.2050001621245956,-0.8299997448920943,-0.7177030444144975,0.0,-1.734999179840088,-0.34999901056289673,-0.7177046537399292,0.0,-1.9499999253864349,0.19700005619322286,-0.4345159395690814,0.0
1759838829.4323008,1,-1.2050001621245956,-0.8299997448920943,-0.7177030444144975,0.0,-1.734999179840088,-0.34999901056289673,-0.7177046537399292,0.0,-1.9499999253864349,0.19700005619322286,-0.4345159395690814,0.0
1759838829.4437778,1,-1.2050001621245956,-0.8299997448920943,-0.7177030444144975,0.0,-1.734999179840088,-0.34999901056289673,-0.7177046537399292,0.0,-1.9499999253864349,0.19700005619322286,-0.4345159395690814,0.0
1759838829.4541588,1,-1.2050001621245956,-0.8299997448920943,-0.7177030444144975,0.0,-1.734999179840088,-0.34999901056289673,-0.7177046537399292,0.0,-1.9499999253864349,0.19700005619322286,-0.4345159395690814,0.0
1759838829.4667645,1,-1.2050001621245956,-0.8299997448920943,-0.7177030444144975,0.0,-1.734999179840088,-0.34999901056289673,-0.7177046537399292,0.0,-1.9499999253864349,0.19700005619322286,-0.4345159395690814,0.0
1759838829.486277,1,-1.2050001621245956,-0.8299997448920943,-0.7177030444144975,0.0,-1.734999179840088,-0.34999901056289673,-0.7177046537399292,0.0,-1.9499999253864349,0.19700005619322286,-0.4345159395690814,0.0
1759838829.4963112,1,-1.2050001621245956,-0.8299997448920943,-0.7177030444144975,0.0,-1.734999179840088,-0.34999901056289673,-0.7177046537399292,0.0,-1.9499999253864349,0.19700005619322286,-0.4345159395690814,0.0
1759838829.5077796,1,-1.2050001621245956,-0.8299997448920943,-0.7177030444144975,0.0,-1.734999179840088,-0.34999901056289673,-0.7177046537399292,0.0,-1.9499999253864349,0.19700005619322286,-0.4345159395690814,0.0
1759838829.5192914,1,-1.2050001621245956,-0.8299997448920943,-0.7177030444144975,0.0,-1.734999179840088,-0.34999901056289673,-0.7177046537399292,0.0,-1.9499999253864349,0.19700005619322286,-0.4345159395690814,0.0
1759838829.5305886,1,-1.2050001621245956,-0.8299997448920943,-0.7177030444144975,0.0,-1.734999179840088,-0.34999901056289673,-0.7177046537399292,0.0,-1.9499999253864349,0.19700005619322286,-0.4345159395690814,0.0
1759838829.5408008,1,-1.2050001621245956,-0.8299997448920943,-0.7177030444144975,0.0,-1.734999179840088,-0.34999901056289673,-0.7177046537399292,0.0,-1.9499999253864349,0.19700005619322286,-0.4345159395690814,0.0
1759838829.5517087,1,-1.2050001621245956,-0.8299997448920943,-0.7177030444144975,0.0,-1.734999179840088,-0.34999901056289673,-0.7177046537399292,0.0,-1.9499999253864349,0.19700005619322286,-0.4345159395690814,0.0
1759838829.5665548,1,-1.2050001621245956,-0.8299997448920943,-0.7177030444144975,0.0,-1.734999179840088,-0.34999901056289673,-0.7177046537399292,0.0,-1.9499999253864349,0.19700005619322286,-0.4345159395690814,0.0
1759838829.5780892,1,-1.2050001621245956,-0.8299997448920943,-0.7177030444144975,0.0,-1.734999179840088,-0.34999901056289673,-0.7177046537399292,0.0,-1.9499999253864349,0.19700005619322286,-0.4345159395690814,0.0
1759838829.5925467,1,-1.2050001621245956,-0.8299997448920943,-0.7177030444144975,0.0,-1.734999179840088,-0.34999901056289673,-0.7177046537399292,0.0,-1.9499999253864349,0.19700005619322286,-0.4345159395690814,0.0
1759838829.6037846,1,-1.2050001621245956,-0.8299997448920943,-0.7177030444144975,0.0,-1.734999179840088,-0.34999901056289673,-0.7177046537399292,0.0,-1.9499999253864349,0.19700005619322286,-0.4345159395690814,0.0
1759838829.6196022,1,-1.2050001621245956,-0.8299997448920943,-0.7177030444144975,0.0,-1.734999179840088,-0.34999901056289673,-0.7177046537399292,0.0,-1.9499999253864349,0.19700005619322286,-0.4345159395690814,0.0
1759838829.6300635,1,-1.2050001621245956,-0.8299997448920943,-0.7177030444144975,0.0,-1.734999179840088,-0.34999901056289673,-0.7177046537399292,0.0,-1.9499999253864349,0.19700005619322286,-0.4345159395690814,0.0
1759838829.6414142,1,-1.2050001621245956,-0.8299997448920943,-0.7177030444144975,0.0,-1.734999179840088,-0.34999901056289673,-0.7177046537399292,0.0,-1.9499999253864349,0.19700005619322286,-0.4345159395690814,0.0
1759838829.6541789,1,-1.2050001621245956,-0.8299997448920943,-0.7177030444144975,0.0,-1.734999179840088,-0.34999901056289673,-0.7177046537399292,0.0,-1.9499999253864349,0.19700005619322286,-0.4345159395690814,0.0
1759838829.6644108,1,-1.2050001621245956,-0.8299997448920943,-0.7177030444144975,0.0,-1.734999179840088,-0.34999901056289673,-0.7177046537399292,0.0,-1.9499999253864349,0.19700005619322286,-0.4345159395690814,0.0
1759838829.6756659,1,-1.2050001621245956,-0.8299997448920943,-0.7177030444144975,0.0,-1.734999179840088,-0.34999901056289673,-0.7177046537399292,0.0,-1.9499999253864349,0.19700005619322286,-0.4345159395690814,0.0
1759838829.6919656,1,-1.2050001621245956,-0.8299997448920943,-0.7177030444144975,0.0,-1.734999179840088,-0.34999901056289673,-0.7177046537399292,0.0,-1.9499999253864349,0.19700005619322286,-0.4345159395690814,0.0
1759838829.7018142,1,-1.2050001621245956,-0.8299997448920943,-0.7177030444144975,0.0,-1.734999179840088,-0.34999901056289673,-0.7177046537399292,0.0,-1.9499999253864349,0.19700005619322286,-0.4345159395690814,0.0
1759838829.7129693,1,-1.2050001621245956,-0.8299997448920943,-0.7177030444144975,0.0,-1.734999179840088,-0.34999901056289673,-0.7177046537399292,0.0,-1.9499999253864349,0.19700005619322286,-0.4345159395690814,0.0
1759838829.725278,1,-1.2050001621245956,-0.8299997448920943,-0.7177030444144975,0.0,-1.734999179840088,-0.34999901056289673,-0.7177046537399292,0.0,-1.9499999253864349,0.19700005619322286,-0.4345159395690814,0.0
1759838829.736324,1,-1.2050001621245956,-0.8299997448920943,-0.7177030444144975,0.0,-1.734999179840088,-0.34999901056289673,-0.7177046537399292,0.0,-1.9499999253864349,0.19700005619322286,-0.4345159395690814,0.0
1759838829.747507,1,-1.2050001621245956,-0.8299997448920943,-0.7177030444144975,0.0,-1.734999179840088,-0.34999901056289673,-0.7177046537399292,0.0,-1.9499999253864349,0.19700005619322286,-0.4345159395690814,0.0
1759838829.7619696,1,-1.2050001621245956,-0.8299997448920943,-0.7177030444144975,0.0,-1.734999179840088,-0.34999901056289673,-0.7177046537399292,0.0,-1.9499999253864349,0.19700005619322286,-0.4345159395690814,0.0
1759838829.7732515,1,-1.2050001621245956,-0.8299997448920943,-0.7177030444144975,0.0,-1.734999179840088,-0.34999901056289673,-0.7177046537399292,0.0,-1.9499999253864349,0.19700005619322286,-0.4345159395690814,0.0
1759838829.7870862,1,-1.2050001621245956,-0.8299997448920943,-0.7177030444144975,0.0,-1.734999179840088,-0.34999901056289673,-0.7177046537399292,0.0,-1.9499999253864349,0.19700005619322286,-0.4345159395690814,0.0
1759838829.7982504,1,-1.2050001621245956,-0.8299997448920943,-0.7177030444144975,0.0,-1.734999179840088,-0.34999901056289673,-0.7177046537399292,0.0,-1.9499999253864349,0.19700005619322286,-0.4345159395690814,0.0
1759838829.8091726,1,-1.2050001621245956,-0.8299997448920943,-0.7177030444144975,0.0,-1.734999179840088,-0.34999901056289673,-0.7177046537399292,0.0,-1.9499999253864349,0.19700005619322286,-0.4345159395690814,0.0
1759838829.8208199,1,-1.2050001621245956,-0.8299997448920943,-0.7177030444144975,0.0,-1.734999179840088,-0.34999901056289673,-0.7177046537399292,0.0,-1.9499999253864349,0.19700005619322286,-0.4345159395690814,0.0
1759838829.8321161,1,-1.2050001621245956,-0.8299997448920943,-0.7177030444144975,0.0,-1.734999179840088,-0.34999901056289673,-0.7177046537399292,0.0,-1.9499999253864349,0.19700005619322286,-0.4345159395690814,0.0
1759838829.8433647,1,-1.2050001621245956,-0.8299997448920943,-0.7177030444144975,0.0,-1.734999179840088,-0.34999901056289673,-0.7177046537399292,0.0,-1.9499999253864349,0.19700005619322286,-0.4345159395690814,0.0
1759838829.8569636,1,-1.2050001621245956,-0.8299997448920943,-0.7177030444144975,0.0,-1.734999179840088,-0.34999901056289673,-0.7177046537399292,0.0,-1.9499999253864349,0.19700005619322286,-0.4345159395690814,0.0
1759838829.8678904,1,-1.2050001621245956,-0.8299997448920943,-0.7177030444144975,0.0,-1.734999179840088,-0.34999901056289673,-0.7177046537399292,0.0,-1.9499999253864349,0.19700005619322286,-0.4345159395690814,0.0
1759838829.8809905,1,-1.2050001621245956,-0.8299997448920943,-0.7177030444144975,0.0,-1.734999179840088,-0.34999901056289673,-0.7177046537399292,0.0,-1.9499999253864349,0.19700005619322286,-0.4345159395690814,0.0
1759838829.8974903,1,-1.2050001621245956,-0.8299997448920943,-0.7177030444144975,0.0,-1.734999179840088,-0.34999901056289673,-0.7177046537399292,0.0,-1.9499999253864349,0.19700005619322286,-0.4345159395690814,0.0
1759838829.9083312,1,-1.2050001621245956,-0.8299997448920943,-0.7177030444144975,0.0,-1.734999179840088,-0.34999901056289673,-0.7177046537399292,0.0,-1.9499999253864349,0.19700005619322286,-0.4345159395690814,0.0
1759838829.9185112,1,-1.2050001621245956,-0.8299997448920943,-0.7177030444144975,0.0,-1.734999179840088,-0.34999901056289673,-0.7177046537399292,0.0,-1.9499999253864349,0.19700005619322286,-0.4345159395690814,0.0
1759838829.9340115,1,-1.2050001621245956,-0.8299997448920943,-0.7177030444144975,0.0,-1.734999179840088,-0.34999901056289673,-0.7177046537399292,0.0,-1.9499999253864349,0.19700005619322286,-0.4345159395690814,0.0
1759838829.9446633,1,-1.2050001621245956,-0.8299997448920943,-0.7177030444144975,0.0,-1.734999179840088,-0.34999901056289673,-0.7177046537399292,0.0,-1.9499999253864349,0.19700005619322286,-0.4345159395690814,0.0
1759838829.9562755,1,-1.2050001621245956,-0.8299997448920943,-0.7177030444144975,0.0,-1.734999179840088,-0.34999901056289673,-0.7177046537399292,0.0,-1.9499999253864349,0.19700005619322286,-0.4345159395690814,0.0
1759838829.9665372,1,-1.2050001621245956,-0.8299997448920943,-0.7177030444144975,0.0,-1.734999179840088,-0.34999901056289673,-0.7177046537399292,0.0,-1.9499999253864349,0.19700005619322286,-0.4345159395690814,0.0
1759838829.9797156,1,-1.2050001621245956,-0.8299997448920943,-0.7177030444144975,0.0,-1.734999179840088,-0.34999901056289673,-0.7177046537399292,0.0,-1.9499999253864349,0.19700005619322286,-0.4345159395690814,0.0
1759838829.9898705,1,-1.2050001621245956,-0.8299997448920943,-0.7177030444144975,0.0,-1.734999179840088,-0.34999901056289673,-0.7177046537399292,0.0,-1.9499999253864349,0.19700005619322286,-0.4345159395690814,0.0
1759838830.0038114,1,-1.2050001621245956,-0.8299997448920943,-0.7177030444144975,0.0,-1.734999179840088,-0.34999901056289673,-0.7177046537399292,0.0,-1.9499999253864349,0.19700005619322286,-0.4345159395690814,0.0
1759838830.0142863,1,-1.2050001621245956,-0.8299997448920943,-0.7177030444144975,0.0,-1.734999179840088,-0.34999901056289673,-0.7177046537399292,0.0,-1.9499999253864349,0.19700005619322286,-0.4345159395690814,0.0
1759838830.0288825,1,-1.2050001621245956,-0.8299997448920943,-0.7177030444144975,0.0,-1.734999179840088,-0.34999901056289673,-0.7177046537399292,0.0,-1.9499999253864349,0.19700005619322286,-0.4345159395690814,0.0
1759838830.039756,1,-1.2050001621245956,-0.8299997448920943,-0.7177030444144975,0.0,-1.734999179840088,-0.34999901056289673,-0.7177046537399292,0.0,-1.9499999253864349,0.19700005619322286,-0.4345159395690814,0.0
1759838830.0549457,1,-1.2050001621245956,-0.8299997448920943,-0.7177030444144975,0.0,-1.734999179840088,-0.34999901056289673,-0.7177046537399292,0.0,-1.9499999253864349,0.19700005619322286,-0.4345159395690814,0.0
1759838830.0650141,1,-1.2050001621245956,-0.8299997448920943,-0.7177030444144975,0.0,-1.734999179840088,-0.34999901056289673,-0.7177046537399292,0.0,-1.9499999253864349,0.19700005619322286,-0.4345159395690814,0.0
1759838830.0828283,1,-1.2050001621245956,-0.8299997448920943,-0.7177030444144975,0.0,-1.734999179840088,-0.34999901056289673,-0.7177046537399292,0.0,-1.9499999253864349,0.19700005619322286,-0.4345159395690814,0.0
1759838830.10595,1,-1.2050001621245956,-0.8299997448920943,-0.7177030444144975,0.0,-1.734999179840088,-0.34999901056289673,-0.7177046537399292,0.0,-1.9499999253864349,0.19700005619322286,-0.4345159395690814,0.0
1759838830.1161137,1,-1.2050001621245956,-0.8299997448920943,-0.7177030444144975,0.0,-1.734999179840088,-0.34999901056289673,-0.7177046537399292,0.0,-1.9499999253864349,0.19700005619322286,-0.4345159395690814,0.0
1759838830.1269748,1,-1.2050001621245956,-0.8299997448920943,-0.7177030444144975,0.0,-1.734999179840088,-0.34999901056289673,-0.7177046537399292,0.0,-1.9499999253864349,0.19700005619322286,-0.4345159395690814,0.0
1759838830.139942,1,-1.2050001621245956,-0.8299997448920943,-0.7177030444144975,0.0,-1.734999179840088,-0.34999901056289673,-0.7177046537399292,0.0,-1.9499999253864349,0.19700005619322286,-0.4345159395690814,0.0
1759838830.156385,1,-1.2050001621245956,-0.8299997448920943,-0.7177030444144975,0.0,-1.734999179840088,-0.34999901056289673,-0.7177046537399292,0.0,-1.9499999253864349,0.19700005619322286,-0.4345159395690814,0.0
1759838830.1674652,1,-1.2050001621245956,-0.8299997448920943,-0.7177030444144975,0.0,-1.734999179840088,-0.34999901056289673,-0.7177046537399292,0.0,-1.9499999253864349,0.19700005619322286,-0.4345159395690814,0.0
1759838830.1819334,1,-1.2050001621245956,-0.8299997448920943,-0.7177030444144975,0.0,-1.734999179840088,-0.34999901056289673,-0.7177046537399292,0.0,-1.9499999253864349,0.19700005619322286,-0.4345159395690814,0.0
1759838830.1928728,1,-1.2050001621245956,-0.8299997448920943,-0.7177030444144975,0.0,-1.734999179840088,-0.34999901056289673,-0.7177046537399292,0.0,-1.9499999253864349,0.19700005619322286,-0.4345159395690814,0.0
1759838830.203622,1,-1.2050001621245956,-0.8299997448920943,-0.7177030444144975,0.0,-1.734999179840088,-0.34999901056289673,-0.7177046537399292,0.0,-1.9499999253864349,0.19700005619322286,-0.4345159395690814,0.0
1759838830.2199018,1,-1.2050001621245956,-0.8299997448920943,-0.7177030444144975,0.0,-1.734999179840088,-0.34999901056289673,-0.7177046537399292,0.0,-1.9499999253864349,0.19700005619322286,-0.4345159395690814,0.0
1759838830.2301273,1,-1.2050001621245956,-0.8299997448920943,-0.7177030444144975,0.0,-1.734999179840088,-0.34999901056289673,-0.7177046537399292,0.0,-1.9499999253864349,0.19700005619322286,-0.4345159395690814,0.0
1759838830.241345,1,-1.2050001621245956,-0.8299997448920943,-0.7177030444144975,0.0,-1.734999179840088,-0.34999901056289673,-0.7177046537399292,0.0,-1.9499999253864349,0.19700005619322286,-0.4345159395690814,0.0
1759838830.2557807,1,-1.2050001621245956,-0.8299997448920943,-0.7177030444144975,0.0,-1.734999179840088,-0.34999901056289673,-0.7177046537399292,0.0,-1.9499999253864349,0.19700005619322286,-0.4345159395690814,0.0
1759838830.2663662,1,-1.2050001621245956,-0.8299997448920943,-0.7177030444144975,0.0,-1.734999179840088,-0.34999901056289673,-0.7177046537399292,0.0,-1.9499999253864349,0.19700005619322286,-0.4345159395690814,0.0
1759838830.2776291,1,-1.2050001621245956,-0.8299997448920943,-0.7177030444144975,0.0,-1.734999179840088,-0.34999901056289673,-0.7177046537399292,0.0,-1.9499999253864349,0.19700005619322286,-0.4345159395690814,0.0
1759838830.2947996,1,-1.2050001621245956,-0.8299997448920943,-0.7177030444144975,0.0,-1.734999179840088,-0.34999901056289673,-0.7177046537399292,0.0,-1.9499999253864349,0.19700005619322286,-0.4345159395690814,0.0
1759838830.318335,1,-1.2050001621245956,-0.8299997448920943,-0.7177030444144975,0.0,-1.734999179840088,-0.34999901056289673,-0.7177046537399292,0.0,-1.9499999253864349,0.19700005619322286,-0.4345159395690814,0.0
1759838830.332598,1,-1.2050001621245956,-0.8299997448920943,-0.7177030444144975,0.0,-1.734999179840088,-0.34999901056289673,-0.7177046537399292,0.0,-1.9499999253864349,0.19700005619322286,-0.4345159395690814,0.0
1759838830.3440752,1,-1.2050001621245956,-0.8299997448920943,-0.7177030444144975,0.0,-1.734999179840088,-0.34999901056289673,-0.7177046537399292,0.0,-1.9499999253864349,0.19700005619322286,-0.4345159395690814,0.0
1759838830.363059,1,-1.2050001621245956,-0.8299997448920943,-0.7177030444144975,0.0,-1.734999179840088,-0.34999901056289673,-0.7177046537399292,0.0,-1.9499999253864349,0.19700005619322286,-0.4345159395690814,0.0
1759838830.379764,1,-1.2050001621245956,-0.8299997448920943,-0.7177030444144975,0.0,-1.734999179840088,-0.34999901056289673,-0.7177046537399292,0.0,-1.9499999253864349,0.19700005619322286,-0.4345159395690814,0.0
1759838830.398549,1,-1.2050001621245956,-0.8299997448920943,-0.7177030444144975,0.0,-1.734999179840088,-0.34999901056289673,-0.7177046537399292,0.0,-1.9499999253864349,0.19700005619322286,-0.4345159395690814,0.0
1759838830.4097126,1,-1.2050001621245956,-0.8299997448920943,-0.7177030444144975,0.0,-1.734999179840088,-0.34999901056289673,-0.7177046537399292,0.0,-1.9499999253864349,0.19700005619322286,-0.4345159395690814,0.0
1759838830.421552,1,-1.2050001621245956,-0.8299997448920943,-0.7177030444144975,0.0,-1.734999179840088,-0.34999901056289673,-0.7177046537399292,0.0,-1.9499999253864349,0.19700005619322286,-0.4345159395690814,0.0
1759838830.4329076,1,-1.2050001621245956,-0.8299997448920943,-0.7177030444144975,0.0,-1.734999179840088,-0.34999901056289673,-0.7177046537399292,0.0,-1.9499999253864349,0.19700005619322286,-0.4345159395690814,0.0
1759838830.4443252,1,-1.2050001621245956,-0.8299997448920943,-0.7177030444144975,0.0,-1.734999179840088,-0.34999901056289673,-0.7177046537399292,0.0,-1.9499999253864349,0.19700005619322286,-0.4345159395690814,0.0
1759838830.4555914,1,-1.2050001621245956,-0.8299997448920943,-0.7177030444144975,0.0,-1.734999179840088,-0.34999901056289673,-0.7177046537399292,0.0,-1.9499999253864349,0.19700005619322286,-0.4345159395690814,0.0
1759838830.4664223,1,-1.2050001621245956,-0.8299997448920943,-0.7177030444144975,0.0,-1.734999179840088,-0.34999901056289673,-0.7177046537399292,0.0,-1.9499999253864349,0.19700005619322286,-0.4345159395690814,0.0
1759838830.4871275,1,-1.2050001621245956,-0.8299997448920943,-0.7177030444144975,0.0,-1.734999179840088,-0.34999901056289673,-0.7177046537399292,0.0,-1.9499999253864349,0.19700005619322286,-0.4345159395690814,0.0
1759838830.498475,1,-1.2050001621245956,-0.8299997448920943,-0.7177030444144975,0.0,-1.734999179840088,-0.34999901056289673,-0.7177046537399292,0.0,-1.9499999253864349,0.19700005619322286,-0.4345159395690814,0.0
1759838830.5200965,1,-1.2050001621245956,-0.8299997448920943,-0.7177030444144975,0.0,-1.734999179840088,-0.34999901056289673,-0.7177046537399292,0.0,-1.9499999253864349,0.19700005619322286,-0.4345159395690814,0.0
1759838830.5328057,1,-1.2050001621245956,-0.8299997448920943,-0.7177030444144975,0.0,-1.734999179840088,-0.34999901056289673,-0.7177046537399292,0.0,-1.9499999253864349,0.19700005619322286,-0.4345159395690814,0.0
1759838830.5432408,1,-1.2050001621245956,-0.8299997448920943,-0.7177030444144975,0.0,-1.734999179840088,-0.34999901056289673,-0.7177046537399292,0.0,-1.9499999253864349,0.19700005619322286,-0.4345159395690814,0.0
1759838830.5546277,1,-1.2050001621245956,-0.8299997448920943,-0.7177030444144975,0.0,-1.734999179840088,-0.34999901056289673,-0.7177046537399292,0.0,-1.9499999253864349,0.19700005619322286,-0.4345159395690814,0.0
1759838830.5669947,1,-1.2050001621245956,-0.8299997448920943,-0.7177030444144975,0.0,-1.734999179840088,-0.34999901056289673,-0.7177046537399292,0.0,-1.9499999253864349,0.19700005619322286,-0.4345159395690814,0.0
1759838830.5806327,1,-1.2050001621245956,-0.8299997448920943,-0.7177030444144975,0.0,-1.734999179840088,-0.34999901056289673,-0.7177046537399292,0.0,-1.9499999253864349,0.19700005619322286,-0.4345159395690814,0.0
1759838830.597706,1,-1.2050001621245956,-0.8299997448920943,-0.7177030444144975,0.0,-1.734999179840088,-0.34999901056289673,-0.7177046537399292,0.0,-1.9499999253864349,0.19700005619322286,-0.4345159395690814,0.0
1759838830.611971,1,-1.2050001621245956,-0.8299997448920943,-0.7177030444144975,0.0,-1.734999179840088,-0.34999901056289673,-0.7177046537399292,0.0,-1.9499999253864349,0.19700005619322286,-0.4345159395690814,0.0
1759838830.6237314,1,-1.2050001621245956,-0.8299997448920943,-0.7177030444144975,0.0,-1.734999179840088,-0.34999901056289673,-0.7177046537399292,0.0,-1.9499999253864349,0.19700005619322286,-0.4345159395690814,0.0
1759838830.6344075,1,-1.2050001621245956,-0.8299997448920943,-0.7177030444144975,0.0,-1.734999179840088,-0.34999901056289673,-0.7177046537399292,0.0,-1.9499999253864349,0.19700005619322286,-0.4345159395690814,0.0
1759838830.658001,1,-1.2050001621245956,-0.8299997448920943,-0.7177030444144975,0.0,-1.734999179840088,-0.34999901056289673,-0.7177046537399292,0.0,-1.9499999253864349,0.19700005619322286,-0.4345159395690814,0.0
1759838830.6681545,1,-1.2050001621245956,-0.8299997448920943,-0.7177030444144975,0.0,-1.734999179840088,-0.34999901056289673,-0.7177046537399292,0.0,-1.9499999253864349,0.19700005619322286,-0.4345159395690814,0.0
1759838830.6791358,1,-1.2050001621245956,-0.8299997448920943,-0.7177030444144975,0.0,-1.734999179840088,-0.34999901056289673,-0.7177046537399292,0.0,-1.9499999253864349,0.19700005619322286,-0.4345159395690814,0.0
1759838830.6918309,1,-1.2050001621245956,-0.8299997448920943,-0.7177030444144975,0.0,-1.734999179840088,-0.34999901056289673,-0.7177046537399292,0.0,-1.9499999253864349,0.19700005619322286,-0.4345159395690814,0.0
1759838830.70342,1,-1.2050001621245956,-0.8299997448920943,-0.7177030444144975,0.0,-1.734999179840088,-0.34999901056289673,-0.7177046537399292,0.0,-1.9499999253864349,0.19700005619322286,-0.4345159395690814,0.0
1759838830.730074,1,-1.2050001621245956,-0.8299997448920943,-0.7177030444144975,0.0,-1.734999179840088,-0.34999901056289673,-0.7177046537399292,0.0,-1.9499999253864349,0.19700005619322286,-0.4345159395690814,0.0
1759838830.7435913,1,-1.2050001621245956,-0.8299997448920943,-0.7177030444144975,0.0,-1.734999179840088,-0.34999901056289673,-0.7177046537399292,0.0,-1.9499999253864349,0.19700005619322286,-0.4345159395690814,0.0
1759838830.7547026,1,-1.2050001621245956,-0.8299997448920943,-0.7177030444144975,0.0,-1.734999179840088,-0.34999901056289673,-0.7177046537399292,0.0,-1.9499999253864349,0.19700005619322286,-0.4345159395690814,0.0
1759838830.776549,1,-1.2050001621245956,-0.8299997448920943,-0.7177030444144975,0.0,-1.734999179840088,-0.34999901056289673,-0.7177046537399292,0.0,-1.9499999253864349,0.19700005619322286,-0.4345159395690814,0.0
1759838830.7870774,1,-1.2050001621245956,-0.8299997448920943,-0.7177030444144975,0.0,-1.734999179840088,-0.34999901056289673,-0.7177046537399292,0.0,-1.9499999253864349,0.19700005619322286,-0.4345159395690814,0.0
1759838830.7979307,1,-1.2050001621245956,-0.8299997448920943,-0.7177030444144975,0.0,-1.734999179840088,-0.34999901056289673,-0.7177046537399292,0.0,-1.9499999253864349,0.19700005619322286,-0.4345159395690814,0.0
1759838830.811547,1,-1.2050001621245956,-0.8299997448920943,-0.7177030444144975,0.0,-1.734999179840088,-0.34999901056289673,-0.7177046537399292,0.0,-1.9499999253864349,0.19700005619322286,-0.4345159395690814,0.0
1759838830.821683,1,-1.2050001621245956,-0.8299997448920943,-0.7177030444144975,0.0,-1.734999179840088,-0.34999901056289673,-0.7177046537399292,0.0,-1.9499999253864349,0.19700005619322286,-0.4345159395690814,0.0
1759838830.8322635,1,-1.2050001621245956,-0.8299997448920943,-0.7177030444144975,0.0,-1.734999179840088,-0.34999901056289673,-0.7177046537399292,0.0,-1.9499999253864349,0.19700005619322286,-0.4345159395690814,0.0
1759838830.8427503,1,-1.2050001621245956,-0.8299997448920943,-0.7177030444144975,0.0,-1.734999179840088,-0.34999901056289673,-0.7177046537399292,0.0,-1.9499999253864349,0.19700005619322286,-0.4345159395690814,0.0
1759838830.8598936,1,-1.2050001621245956,-0.8299997448920943,-0.7177030444144975,0.0,-1.734999179840088,-0.34999901056289673,-0.7177046537399292,0.0,-1.9499999253864349,0.19700005619322286,-0.4345159395690814,0.0
1759838830.870708,1,-1.2050001621245956,-0.8299997448920943,-0.7177030444144975,0.0,-1.734999179840088,-0.34999901056289673,-0.7177046537399292,0.0,-1.9499999253864349,0.19700005619322286,-0.4345159395690814,0.0
1759838830.884295,1,-1.2050001621245956,-0.8299997448920943,-0.7177030444144975,0.0,-1.734999179840088,-0.34999901056289673,-0.7177046537399292,0.0,-1.9499999253864349,0.19700005619322286,-0.4345159395690814,0.0
1759838830.8990319,1,-1.2050001621245956,-0.8299997448920943,-0.7177030444144975,0.0,-1.734999179840088,-0.34999901056289673,-0.7177046537399292,0.0,-1.9499999253864349,0.19700005619322286,-0.4345159395690814,0.0
1759838830.9099972,1,-1.2050001621245956,-0.8299997448920943,-0.7177030444144975,0.0,-1.734999179840088,-0.34999901056289673,-0.7177046537399292,0.0,-1.9499999253864349,0.19700005619322286,-0.4345159395690814,0.0
1759838830.9313004,1,-1.2050001621245956,-0.8299997448920943,-0.7177030444144975,0.0,-1.734999179840088,-0.34999901056289673,-0.7177046537399292,0.0,-1.9499999253864349,0.19700005619322286,-0.4345159395690814,0.0
1759838830.9425251,1,-1.2050001621245956,-0.8299997448920943,-0.7177030444144975,0.0,-1.734999179840088,-0.34999901056289673,-0.7177046537399292,0.0,-1.9499999253864349,0.19700005619322286,-0.4345159395690814,0.0
1759838830.9543965,1,-1.2050001621245956,-0.8299997448920943,-0.7177030444144975,0.0,-1.734999179840088,-0.34999901056289673,-0.7177046537399292,0.0,-1.9499999253864349,0.19700005619322286,-0.4345159395690814,0.0
1759838830.9649537,1,-1.2050001621245956,-0.8299997448920943,-0.7177030444144975,0.0,-1.734999179840088,-0.34999901056289673,-0.7177046537399292,0.0,-1.9499999253864349,0.19700005619322286,-0.4345159395690814,0.0
1759838830.9767253,1,-1.2050001621245956,-0.8299997448920943,-0.7177030444144975,0.0,-1.734999179840088,-0.34999901056289673,-0.7177046537399292,0.0,-1.9499999253864349,0.19700005619322286,-0.4345159395690814,0.0
1759838830.989638,1,-1.2050001621245956,-0.8299997448920943,-0.7177030444144975,0.0,-1.734999179840088,-0.34999901056289673,-0.7177046537399292,0.0,-1.9499999253864349,0.19700005619322286,-0.4345159395690814,0.0
1759838831.0017993,1,-1.2050001621245956,-0.8299997448920943,-0.7177030444144975,0.0,-1.734999179840088,-0.34999901056289673,-0.7177046537399292,0.0,-1.9499999253864349,0.19700005619322286,-0.4345159395690814,0.0
1759838831.0122743,1,-1.2050001621245956,-0.8299997448920943,-0.7177030444144975,0.0,-1.734999179840088,-0.34999901056289673,-0.7177046537399292,0.0,-1.9499999253864349,0.19700005619322286,-0.4345159395690814,0.0
1759838831.02647,1,-1.2050001621245956,-0.8299997448920943,-0.7177030444144975,0.0,-1.734999179840088,-0.34999901056289673,-0.7177046537399292,0.0,-1.9499999253864349,0.19700005619322286,-0.4345159395690814,0.0
1759838831.046114,1,-1.2050001621245956,-0.8299997448920943,-0.7177030444144975,0.0,-1.734999179840088,-0.34999901056289673,-0.7177046537399292,0.0,-1.9499999253864349,0.19700005619322286,-0.4345159395690814,0.0
1759838831.0577786,1,-1.2050001621245956,-0.8299997448920943,-0.7177030444144975,0.0,-1.734999179840088,-0.34999901056289673,-0.7177046537399292,0.0,-1.9499999253864349,0.19700005619322286,-0.4345159395690814,0.0
1759838831.0708072,1,-1.2050001621245956,-0.8299997448920943,-0.7177030444144975,0.0,-1.734999179840088,-0.34999901056289673,-0.7177046537399292,0.0,-1.9499999253864349,0.19700005619322286,-0.4345159395690814,0.0
1759838831.0839424,1,-1.2050001621245956,-0.8299997448920943,-0.7177030444144975,0.0,-1.734999179840088,-0.34999901056289673,-0.7177046537399292,0.0,-1.9499999253864349,0.19700005619322286,-0.4345159395690814,0.0
1759838831.094696,1,-1.2050001621245956,-0.8299997448920943,-0.7177030444144975,0.0,-1.734999179840088,-0.34999901056289673,-0.7177046537399292,0.0,-1.9499999253864349,0.19700005619322286,-0.4345159395690814,0.0
1759838831.1083155,1,-1.2050001621245956,-0.8299997448920943,-0.7177030444144975,0.0,-1.734999179840088,-0.34999901056289673,-0.7177046537399292,0.0,-1.9499999253864349,0.19700005619322286,-0.4345159395690814,0.0
1759838831.1196969,1,-1.2050001621245956,-0.8299997448920943,-0.7177030444144975,0.0,-1.734999179840088,-0.34999901056289673,-0.7177046537399292,0.0,-1.9499999253864349,0.19700005619322286,-0.4345159395690814,0.0
1759838831.1413987,1,-1.2050001621245956,-0.8299997448920943,-0.7177030444144975,0.0,-1.734999179840088,-0.34999901056289673,-0.7177046537399292,0.0,-1.9499999253864349,0.19700005619322286,-0.4345159395690814,0.0
1759838831.154075,1,-1.2050001621245956,-0.8299997448920943,-0.7177030444144975,0.0,-1.734999179840088,-0.34999901056289673,-0.7177046537399292,0.0,-1.9499999253864349,0.19700005619322286,-0.4345159395690814,0.0
1759838831.1666765,1,-1.2050001621245956,-0.8299997448920943,-0.7177030444144975,0.0,-1.734999179840088,-0.34999901056289673,-0.7177046537399292,0.0,-1.9499999253864349,0.19700005619322286,-0.4345159395690814,0.0
1759838831.1786747,1,-1.2050001621245956,-0.8299997448920943,-0.7177030444144975,0.0,-1.734999179840088,-0.34999901056289673,-0.7177046537399292,0.0,-1.9499999253864349,0.19700005619322286,-0.4345159395690814,0.0
1759838831.1942322,1,-1.2050001621245956,-0.8299997448920943,-0.7177030444144975,0.0,-1.734999179840088,-0.34999901056289673,-0.7177046537399292,0.0,-1.9499999253864349,0.19700005619322286,-0.4345159395690814,0.0
1759838831.2224536,1,-1.2050001621245956,-0.8299997448920943,-0.7177030444144975,0.0,-1.734999179840088,-0.34999901056289673,-0.7177046537399292,0.0,-1.9499999253864349,0.19700005619322286,-0.4345159395690814,0.0
1759838831.2388384,1,-1.2050001621245956,-0.8299997448920943,-0.7177030444144975,0.0,-1.734999179840088,-0.34999901056289673,-0.7177046537399292,0.0,-1.9499999253864349,0.19700005619322286,-0.4345159395690814,0.0
1759838831.2512455,1,-1.2050001621245956,-0.8299997448920943,-0.7177030444144975,0.0,-1.734999179840088,-0.34999901056289673,-0.7177046537399292,0.0,-1.9499999253864349,0.19700005619322286,-0.4345159395690814,0.0
1759838831.267283,1,-1.2050001621245956,-0.8299997448920943,-0.7177030444144975,0.0,-1.734999179840088,-0.34999901056289673,-0.7177046537399292,0.0,-1.9499999253864349,0.19700005619322286,-0.4345159395690814,0.0
1759838831.2808142,1,-1.2050001621245956,-0.8299997448920943,-0.7177030444144975,0.0,-1.734999179840088,-0.34999901056289673,-0.7177046537399292,0.0,-1.9499999253864349,0.19700005619322286,-0.4345159395690814,0.0
1759838831.3073268,1,-1.2050001621245956,-0.8299997448920943,-0.7177030444144975,0.0,-1.734999179840088,-0.34999901056289673,-0.7177046537399292,0.0,-1.9499999253864349,0.19700005619322286,-0.4345159395690814,0.0
1759838831.3249187,1,-1.2050001621245956,-0.8299997448920943,-0.7177030444144975,0.0,-1.734999179840088,-0.34999901056289673,-0.7177046537399292,0.0,-1.9499999253864349,0.19700005619322286,-0.4345159395690814,0.0
1759838831.351358,1,-1.2050001621245956,-0.8299997448920943,-0.7177030444144975,0.0,-1.734999179840088,-0.34999901056289673,-0.7177046537399292,0.0,-1.9499999253864349,0.19700005619322286,-0.4345159395690814,0.0
1759838831.3682587,1,-1.2050001621245956,-0.8299997448920943,-0.7177030444144975,0.0,-1.734999179840088,-0.34999901056289673,-0.7177046537399292,0.0,-1.9499999253864349,0.19700005619322286,-0.4345159395690814,0.0
1759838831.3815074,1,-1.2050001621245956,-0.8299997448920943,-0.7177030444144975,0.0,-1.734999179840088,-0.34999901056289673,-0.7177046537399292,0.0,-1.9499999253864349,0.19700005619322286,-0.4345159395690814,0.0
1759838831.4100053,1,-1.2050001621245956,-0.8299997448920943,-0.7177030444144975,0.0,-1.734999179840088,-0.34999901056289673,-0.7177046537399292,0.0,-1.9499999253864349,0.19700005619322286,-0.4345159395690814,0.0
1759838831.4315646,1,-1.2050001621245956,-0.8299997448920943,-0.7177030444144975,0.0,-1.734999179840088,-0.34999901056289673,-0.7177046537399292,0.0,-1.9499999253864349,0.19700005619322286,-0.4345159395690814,0.0
1759838831.445835,1,-1.2050001621245956,-0.8299997448920943,-0.7177030444144975,0.0,-1.734999179840088,-0.34999901056289673,-0.7177046537399292,0.0,-1.9499999253864349,0.19700005619322286,-0.4345159395690814,0.0
1759838831.4583025,1,-1.2050001621245956,-0.8299997448920943,-0.7177030444144975,0.0,-1.734999179840088,-0.34999901056289673,-0.7177046537399292,0.0,-1.9499999253864349,0.19700005619322286,-0.4345159395690814,0.0
1759838831.470702,1,-1.2050001621245956,-0.8299997448920943,-0.7177030444144975,0.0,-1.734999179840088,-0.34999901056289673,-0.7177046537399292,0.0,-1.9499999253864349,0.19700005619322286,-0.4345159395690814,0.0
1759838831.488111,1,-1.2050001621245956,-0.8299997448920943,-0.7177030444144975,0.0,-1.734999179840088,-0.34999901056289673,-0.7177046537399292,0.0,-1.9499999253864349,0.19700005619322286,-0.4345159395690814,0.0
1759838831.5027456,1,-1.2050001621245956,-0.8299997448920943,-0.7177030444144975,0.0,-1.734999179840088,-0.34999901056289673,-0.7177046537399292,0.0,-1.9499999253864349,0.19700005619322286,-0.4345159395690814,0.0
1759838831.516821,1,-1.2050001621245956,-0.8299997448920943,-0.7177030444144975,0.0,-1.734999179840088,-0.34999901056289673,-0.7177046537399292,0.0,-1.9499999253864349,0.19700005619322286,-0.4345159395690814,0.0
1759838831.528725,1,-1.2050001621245956,-0.8299997448920943,-0.7177030444144975,0.0,-1.734999179840088,-0.34999901056289673,-0.7177046537399292,0.0,-1.9499999253864349,0.19700005619322286,-0.4345159395690814,0.0
1759838831.554778,1,-1.2050001621245956,-0.8299997448920943,-0.7177030444144975,0.0,-1.734999179840088,-0.34999901056289673,-0.7177046537399292,0.0,-1.9499999253864349,0.19700005619322286,-0.4345159395690814,0.0
1759838831.5670612,1,-1.2050001621245956,-0.8299997448920943,-0.7177030444144975,0.0,-1.734999179840088,-0.34999901056289673,-0.7177046537399292,0.0,-1.9499999253864349,0.19700005619322286,-0.4345159395690814,0.0
1759838831.5787416,1,-1.2050001621245956,-0.8299997448920943,-0.7177030444144975,0.0,-1.734999179840088,-0.34999901056289673,-0.7177046537399292,0.0,-1.9499999253864349,0.19700005619322286,-0.4345159395690814,0.0
1759838831.5897958,1,-1.2050001621245956,-0.8299997448920943,-0.7177030444144975,0.0,-1.734999179840088,-0.34999901056289673,-0.7177046537399292,0.0,-1.9499999253864349,0.19700005619322286,-0.4345159395690814,0.0
1759838831.601871,1,-1.2050001621245956,-0.8299997448920943,-0.7177030444144975,0.0,-1.734999179840088,-0.34999901056289673,-0.7177046537399292,0.0,-1.9499999253864349,0.19700005619322286,-0.4345159395690814,0.0
1759838831.6159654,1,-1.2050001621245956,-0.8299997448920943,-0.7177030444144975,0.0,-1.734999179840088,-0.34999901056289673,-0.7177046537399292,0.0,-1.9499999253864349,0.19700005619322286,-0.4345159395690814,0.0
1759838831.628612,1,-1.2050001621245956,-0.8299997448920943,-0.7177030444144975,0.0,-1.734999179840088,-0.34999901056289673,-0.7177046537399292,0.0,-1.9499999253864349,0.19700005619322286,-0.4345159395690814,0.0
1759838831.639434,1,-1.2050001621245956,-0.8299997448920943,-0.7177030444144975,0.0,-1.734999179840088,-0.34999901056289673,-0.7177046537399292,0.0,-1.9499999253864349,0.19700005619322286,-0.4345159395690814,0.0
1759838831.6523259,1,-1.2050001621245956,-0.8299997448920943,-0.7177030444144975,0.0,-1.734999179840088,-0.34999901056289673,-0.7177046537399292,0.0,-1.9499999253864349,0.19700005619322286,-0.4345159395690814,0.0
1759838831.6664371,1,-1.2050001621245956,-0.8299997448920943,-0.7177030444144975,0.0,-1.734999179840088,-0.34999901056289673,-0.7177046537399292,0.0,-1.9499999253864349,0.19700005619322286,-0.4345159395690814,0.0
1759838831.677376,1,-1.2050001621245956,-0.8299997448920943,-0.7177030444144975,0.0,-1.734999179840088,-0.34999901056289673,-0.7177046537399292,0.0,-1.9499999253864349,0.19700005619322286,-0.4345159395690814,0.0
1759838831.6880233,1,-1.2050001621245956,-0.8299997448920943,-0.7177030444144975,0.0,-1.734999179840088,-0.34999901056289673,-0.7177046537399292,0.0,-1.9499999253864349,0.19700005619322286,-0.4345159395690814,0.0
1759838831.6984901,1,-1.2050001621245956,-0.8299997448920943,-0.7177030444144975,0.0,-1.734999179840088,-0.34999901056289673,-0.7177046537399292,0.0,-1.9499999253864349,0.19700005619322286,-0.4345159395690814,0.0
1759838831.7177436,1,-1.2050001621245956,-0.8299997448920943,-0.7177030444144975,0.0,-1.734999179840088,-0.34999901056289673,-0.7177046537399292,0.0,-1.9499999253864349,0.19700005619322286,-0.4345159395690814,0.0
1759838831.7293391,1,-1.2050001621245956,-0.8299997448920943,-0.7177030444144975,0.0,-1.734999179840088,-0.34999901056289673,-0.7177046537399292,0.0,-1.9499999253864349,0.19700005619322286,-0.4345159395690814,0.0
1759838831.745317,1,-1.2050001621245956,-0.8299997448920943,-0.7177030444144975,0.0,-1.734999179840088,-0.34999901056289673,-0.7177046537399292,0.0,-1.9499999253864349,0.19700005619322286,-0.4345159395690814,0.0
1759838831.75982,1,-1.2050001621245956,-0.8299997448920943,-0.7177030444144975,0.0,-1.734999179840088,-0.34999901056289673,-0.7177046537399292,0.0,-1.9499999253864349,0.19700005619322286,-0.4345159395690814,0.0
1759838831.7706752,1,-1.2050001621245956,-0.8299997448920943,-0.7177030444144975,0.0,-1.734999179840088,-0.34999901056289673,-0.7177046537399292,0.0,-1.9499999253864349,0.19700005619322286,-0.4345159395690814,0.0
1759838831.7809799,1,-1.2050001621245956,-0.8299997448920943,-0.7177030444144975,0.0,-1.734999179840088,-0.34999901056289673,-0.7177046537399292,0.0,-1.9499999253864349,0.19700005619322286,-0.4345159395690814,0.0
1759838831.7962003,1,-1.2050001621245956,-0.8299997448920943,-0.7177030444144975,0.0,-1.734999179840088,-0.34999901056289673,-0.7177046537399292,0.0,-1.9499999253864349,0.19700005619322286,-0.4345159395690814,0.0
1759838831.807345,1,-1.2050001621245956,-0.8299997448920943,-0.7177030444144975,0.0,-1.734999179840088,-0.34999901056289673,-0.7177046537399292,0.0,-1.9499999253864349,0.19700005619322286,-0.4345159395690814,0.0
1759838831.818178,1,-1.2050001621245956,-0.8299997448920943,-0.7177030444144975,0.0,-1.734999179840088,-0.34999901056289673,-0.7177046537399292,0.0,-1.9499999253864349,0.19700005619322286,-0.4345159395690814,0.0
1759838831.829609,1,-1.2050001621245956,-0.8299997448920943,-0.7177030444144975,0.0,-1.734999179840088,-0.34999901056289673,-0.7177046537399292,0.0,-1.9499999253864349,0.19700005619322286,-0.4345159395690814,0.0
1759838831.8401678,1,-1.2050001621245956,-0.8299997448920943,-0.7177030444144975,0.0,-1.734999179840088,-0.34999901056289673,-0.7177046537399292,0.0,-1.9499999253864349,0.19700005619322286,-0.4345159395690814,0.0
1759838831.8559678,1,-1.2050001621245956,-0.8299997448920943,-0.7177030444144975,0.0,-1.734999179840088,-0.34999901056289673,-0.7177046537399292,0.0,-1.9499999253864349,0.19700005619322286,-0.4345159395690814,0.0
1759838831.8669596,1,-1.2050001621245956,-0.8299997448920943,-0.7177030444144975,0.0,-1.734999179840088,-0.34999901056289673,-0.7177046537399292,0.0,-1.9499999253864349,0.19700005619322286,-0.4345159395690814,0.0
1759838831.8776689,1,-1.2050001621245956,-0.8299997448920943,-0.7177030444144975,0.0,-1.734999179840088,-0.34999901056289673,-0.7177046537399292,0.0,-1.9499999253864349,0.19700005619322286,-0.4345159395690814,0.0
1759838831.890849,1,-1.2050001621245956,-0.8299997448920943,-0.7177030444144975,0.0,-1.734999179840088,-0.34999901056289673,-0.7177046537399292,0.0,-1.9499999253864349,0.19700005619322286,-0.4345159395690814,0.0
1759838831.9053755,1,-1.2050001621245956,-0.8299997448920943,-0.7177030444144975,0.0,-1.734999179840088,-0.34999901056289673,-0.7177046537399292,0.0,-1.9499999253864349,0.19700005619322286,-0.4345159395690814,0.0
1759838831.9181328,1,-1.2050001621245956,-0.8299997448920943,-0.7177030444144975,0.0,-1.734999179840088,-0.34999901056289673,-0.7177046537399292,0.0,-1.9499999253864349,0.19700005619322286,-0.4345159395690814,0.0
1759838831.931107,1,-1.2050001621245956,-0.8299997448920943,-0.7177030444144975,0.0,-1.734999179840088,-0.34999901056289673,-0.7177046537399292,0.0,-1.9499999253864349,0.19700005619322286,-0.4345159395690814,0.0
1759838831.9473739,1,-1.2050001621245956,-0.8299997448920943,-0.7177030444144975,0.0,-1.734999179840088,-0.34999901056289673,-0.7177046537399292,0.0,-1.9499999253864349,0.19700005619322286,-0.4345159395690814,0.0
1759838831.9575093,1,-1.2050001621245956,-0.8299997448920943,-0.7177030444144975,0.0,-1.734999179840088,-0.34999901056289673,-0.7177046537399292,0.0,-1.9499999253864349,0.19700005619322286,-0.4345159395690814,0.0
1759838831.9675117,1,-1.2050001621245956,-0.8299997448920943,-0.7177030444144975,0.0,-1.734999179840088,-0.34999901056289673,-0.7177046537399292,0.0,-1.9499999253864349,0.19700005619322286,-0.4345159395690814,0.0
1759838831.9839842,1,-1.2050001621245956,-0.8299997448920943,-0.7177030444144975,0.0,-1.734999179840088,-0.34999901056289673,-0.7177046537399292,0.0,-1.9499999253864349,0.19700005619322286,-0.4345159395690814,0.0
1759838831.994164,1,-1.2050001621245956,-0.8299997448920943,-0.7177030444144975,0.0,-1.734999179840088,-0.34999901056289673,-0.7177046537399292,0.0,-1.9499999253864349,0.19700005619322286,-0.4345159395690814,0.0
1759838832.0101082,1,-1.2050001621245956,-0.8299997448920943,-0.7177030444144975,0.0,-1.734999179840088,-0.34999901056289673,-0.7177046537399292,0.0,-1.9499999253864349,0.19700005619322286,-0.4345159395690814,0.0
1759838832.0201643,1,-1.2050001621245956,-0.8299997448920943,-0.7177030444144975,0.0,-1.734999179840088,-0.34999901056289673,-0.7177046537399292,0.0,-1.9499999253864349,0.19700005619322286,-0.4345159395690814,0.0
1759838832.0346422,1,-1.2050001621245956,-0.8299997448920943,-0.7177030444144975,0.0,-1.734999179840088,-0.34999901056289673,-0.7177046537399292,0.0,-1.9499999253864349,0.19700005619322286,-0.4345159395690814,0.0
1759838832.045242,1,-1.2050001621245956,-0.8299997448920943,-0.7177030444144975,0.0,-1.734999179840088,-0.34999901056289673,-0.7177046537399292,0.0,-1.9499999253864349,0.19700005619322286,-0.4345159395690814,0.0
1759838832.062607,1,-1.2050001621245956,-0.8299997448920943,-0.7177030444144975,0.0,-1.734999179840088,-0.34999901056289673,-0.7177046537399292,0.0,-1.9499999253864349,0.19700005619322286,-0.4345159395690814,0.0
1759838832.0793023,1,-1.2050001621245956,-0.8299997448920943,-0.7177030444144975,0.0,-1.734999179840088,-0.34999901056289673,-0.7177046537399292,0.0,-1.9499999253864349,0.19700005619322286,-0.4345159395690814,0.0
1759838832.0908375,1,-1.2050001621245956,-0.8299997448920943,-0.7177030444144975,0.0,-1.734999179840088,-0.34999901056289673,-0.7177046537399292,0.0,-1.9499999253864349,0.19700005619322286,-0.4345159395690814,0.0
1759838832.1042938,1,-1.2050001621245956,-0.8299997448920943,-0.7177030444144975,0.0,-1.734999179840088,-0.34999901056289673,-0.7177046537399292,0.0,-1.9499999253864349,0.19700005619322286,-0.4345159395690814,0.0
1759838832.1151881,1,-1.2050001621245956,-0.8299997448920943,-0.7177030444144975,0.0,-1.734999179840088,-0.34999901056289673,-0.7177046537399292,0.0,-1.9499999253864349,0.19700005619322286,-0.4345159395690814,0.0
1759838832.1255736,1,-1.2050001621245956,-0.8299997448920943,-0.7177030444144975,0.0,-1.734999179840088,-0.34999901056289673,-0.7177046537399292,0.0,-1.9499999253864349,0.19700005619322286,-0.4345159395690814,0.0
1759838832.146549,1,-1.2050001621245956,-0.8299997448920943,-0.7177030444144975,0.0,-1.734999179840088,-0.34999901056289673,-0.7177046537399292,0.0,-1.9499999253864349,0.19700005619322286,-0.4345159395690814,0.0
1759838832.1563854,1,-1.2050001621245956,-0.8299997448920943,-0.7177030444144975,0.0,-1.734999179840088,-0.34999901056289673,-0.7177046537399292,0.0,-1.9499999253864349,0.19700005619322286,-0.4345159395690814,0.0
1759838832.1668353,1,-1.2050001621245956,-0.8299997448920943,-0.7177030444144975,0.0,-1.734999179840088,-0.34999901056289673,-0.7177046537399292,0.0,-1.9499999253864349,0.19700005619322286,-0.4345159395690814,0.0
1759838832.1804683,1,-1.2050001621245956,-0.8299997448920943,-0.7177030444144975,0.0,-1.734999179840088,-0.34999901056289673,-0.7177046537399292,0.0,-1.9499999253864349,0.19700005619322286,-0.4345159395690814,0.0
1759838832.190883,1,-1.2050001621245956,-0.8299997448920943,-0.7177030444144975,0.0,-1.734999179840088,-0.34999901056289673,-0.7177046537399292,0.0,-1.9499999253864349,0.19700005619322286,-0.4345159395690814,0.0
1759838832.204041,1,-1.2050001621245956,-0.8299997448920943,-0.7177030444144975,0.0,-1.734999179840088,-0.34999901056289673,-0.7177046537399292,0.0,-1.9499999253864349,0.19700005619322286,-0.4345159395690814,0.0
1759838832.215606,1,-1.2050001621245956,-0.8299997448920943,-0.7177030444144975,0.0,-1.734999179840088,-0.34999901056289673,-0.7177046537399292,0.0,-1.9499999253864349,0.19700005619322286,-0.4345159395690814,0.0
1759838832.225963,1,-1.2050001621245956,-0.8299997448920943,-0.7177030444144975,0.0,-1.734999179840088,-0.34999901056289673,-0.7177046537399292,0.0,-1.9499999253864349,0.19700005619322286,-0.4345159395690814,0.0
1759838832.2369132,1,-1.2050001621245956,-0.8299997448920943,-0.7177030444144975,0.0,-1.734999179840088,-0.34999901056289673,-0.7177046537399292,0.0,-1.9499999253864349,0.19700005619322286,-0.4345159395690814,0.0
1759838832.2483935,1,-1.2050001621245956,-0.8299997448920943,-0.7177030444144975,0.0,-1.734999179840088,-0.34999901056289673,-0.7177046537399292,0.0,-1.9499999253864349,0.19700005619322286,-0.4345159395690814,0.0
1759838832.2596347,1,-1.2050001621245956,-0.8299997448920943,-0.7177030444144975,0.0,-1.734999179840088,-0.34999901056289673,-0.7177046537399292,0.0,-1.9499999253864349,0.19700005619322286,-0.4345159395690814,0.0
1759838832.2709258,1,-1.2050001621245956,-0.8299997448920943,-0.7177030444144975,0.0,-1.734999179840088,-0.34999901056289673,-0.7177046537399292,0.0,-1.9499999253864349,0.19700005619322286,-0.4345159395690814,0.0
1759838832.2836351,1,-1.2050001621245956,-0.8299997448920943,-0.7177030444144975,0.0,-1.734999179840088,-0.34999901056289673,-0.7177046537399292,0.0,-1.9499999253864349,0.19700005619322286,-0.4345159395690814,0.0
1759838832.295026,1,-1.2050001621245956,-0.8299997448920943,-0.7177030444144975,0.0,-1.734999179840088,-0.34999901056289673,-0.7177046537399292,0.0,-1.9499999253864349,0.19700005619322286,-0.4345159395690814,0.0
1759838832.3059134,1,-1.2050001621245956,-0.8299997448920943,-0.7177030444144975,0.0,-1.734999179840088,-0.34999901056289673,-0.7177046537399292,0.0,-1.9499999253864349,0.19700005619322286,-0.4345159395690814,0.0
1759838832.319685,1,-1.2050001621245956,-0.8299997448920943,-0.7177030444144975,0.0,-1.734999179840088,-0.34999901056289673,-0.7177046537399292,0.0,-1.9499999253864349,0.19700005619322286,-0.4345159395690814,0.0
1759838832.3341837,1,-1.2050001621245956,-0.8299997448920943,-0.7177030444144975,0.0,-1.734999179840088,-0.34999901056289673,-0.7177046537399292,0.0,-1.9499999253864349,0.19700005619322286,-0.4345159395690814,0.0
1759838832.3493767,1,-1.2050001621245956,-0.8299997448920943,-0.7177030444144975,0.0,-1.734999179840088,-0.34999901056289673,-0.7177046537399292,0.0,-1.9499999253864349,0.19700005619322286,-0.4345159395690814,0.0
1759838832.360537,1,-1.2050001621245956,-0.8299997448920943,-0.7177030444144975,0.0,-1.734999179840088,-0.34999901056289673,-0.7177046537399292,0.0,-1.9499999253864349,0.19700005619322286,-0.4345159395690814,0.0
1759838832.3719401,1,-1.2050001621245956,-0.8299997448920943,-0.7177030444144975,0.0,-1.734999179840088,-0.34999901056289673,-0.7177046537399292,0.0,-1.9499999253864349,0.19700005619322286,-0.4345159395690814,0.0
1759838832.3840141,1,-1.2050001621245956,-0.8299997448920943,-0.7177030444144975,0.0,-1.734999179840088,-0.34999901056289673,-0.7177046537399292,0.0,-1.9499999253864349,0.19700005619322286,-0.4345159395690814,0.0
1759838832.3948667,1,-1.2050001621245956,-0.8299997448920943,-0.7177030444144975,0.0,-1.734999179840088,-0.34999901056289673,-0.7177046537399292,0.0,-1.9499999253864349,0.19700005619322286,-0.4345159395690814,0.0
1759838832.4063447,1,-1.2050001621245956,-0.8299997448920943,-0.7177030444144975,0.0,-1.734999179840088,-0.34999901056289673,-0.7177046537399292,0.0,-1.9499999253864349,0.19700005619322286,-0.4345159395690814,0.0
1759838832.4183283,1,-1.2050001621245956,-0.8299997448920943,-0.7177030444144975,0.0,-1.734999179840088,-0.34999901056289673,-0.7177046537399292,0.0,-1.9499999253864349,0.19700005619322286,-0.4345159395690814,0.0
1759838832.4292736,1,-1.2050001621245956,-0.8299997448920943,-0.7177030444144975,0.0,-1.734999179840088,-0.34999901056289673,-0.7177046537399292,0.0,-1.9499999253864349,0.19700005619322286,-0.4345159395690814,0.0
1759838832.440489,1,-1.2050001621245956,-0.8299997448920943,-0.7177030444144975,0.0,-1.734999179840088,-0.34999901056289673,-0.7177046537399292,0.0,-1.9499999253864349,0.19700005619322286,-0.4345159395690814,0.0
1759838832.4511654,1,-1.2050001621245956,-0.8299997448920943,-0.7177030444144975,0.0,-1.734999179840088,-0.34999901056289673,-0.7177046537399292,0.0,-1.9499999253864349,0.19700005619322286,-0.4345159395690814,0.0
1759838832.4613955,1,-1.2050001621245956,-0.8299997448920943,-0.7177030444144975,0.0,-1.734999179840088,-0.34999901056289673,-0.7177046537399292,0.0,-1.9499999253864349,0.19700005619322286,-0.4345159395690814,0.0
1759838832.471614,1,-1.2050001621245956,-0.8299997448920943,-0.7177030444144975,0.0,-1.734999179840088,-0.34999901056289673,-0.7177046537399292,0.0,-1.9499999253864349,0.19700005619322286,-0.4345159395690814,0.0
1759838832.4817982,1,-1.2050001621245956,-0.8299997448920943,-0.7177030444144975,0.0,-1.734999179840088,-0.34999901056289673,-0.7177046537399292,0.0,-1.9499999253864349,0.19700005619322286,-0.4345159395690814,0.0
1759838832.4946835,1,-1.2050001621245956,-0.8299997448920943,-0.7177030444144975,0.0,-1.734999179840088,-0.34999901056289673,-0.7177046537399292,0.0,-1.9499999253864349,0.19700005619322286,-0.4345159395690814,0.0
1759838832.5056891,1,-1.2050001621245956,-0.8299997448920943,-0.7177030444144975,0.0,-1.734999179840088,-0.34999901056289673,-0.7177046537399292,0.0,-1.9499999253864349,0.19700005619322286,-0.4345159395690814,0.0
1759838832.516168,1,-1.2050001621245956,-0.8299997448920943,-0.7177030444144975,0.0,-1.734999179840088,-0.34999901056289673,-0.7177046537399292,0.0,-1.9499999253864349,0.19700005619322286,-0.4345159395690814,0.0
1759838832.5275073,1,-1.2050001621245956,-0.8299997448920943,-0.7177030444144975,0.0,-1.734999179840088,-0.34999901056289673,-0.7177046537399292,0.0,-1.9499999253864349,0.19700005619322286,-0.4345159395690814,0.0
1759838832.539139,1,-1.2050001621245956,-0.8299997448920943,-0.7177030444144975,0.0,-1.734999179840088,-0.34999901056289673,-0.7177046537399292,0.0,-1.9499999253864349,0.19700005619322286,-0.4345159395690814,0.0
1759838832.5537956,1,-1.2050001621245956,-0.8299997448920943,-0.7177030444144975,0.0,-1.734999179840088,-0.34999901056289673,-0.7177046537399292,0.0,-1.9499999253864349,0.19700005619322286,-0.4345159395690814,0.0
1759838832.564637,1,-1.2050001621245956,-0.8299997448920943,-0.7177030444144975,0.0,-1.734999179840088,-0.34999901056289673,-0.7177046537399292,0.0,-1.9499999253864349,0.19700005619322286,-0.4345159395690814,0.0
1759838832.5760174,1,-1.2050001621245956,-0.8299997448920943,-0.7177030444144975,0.0,-1.734999179840088,-0.34999901056289673,-0.7177046537399292,0.0,-1.9499999253864349,0.19700005619322286,-0.4345159395690814,0.0
1759838832.5868819,1,-1.2050001621245956,-0.8299997448920943,-0.7177030444144975,0.0,-1.734999179840088,-0.34999901056289673,-0.7177046537399292,0.0,-1.9499999253864349,0.19700005619322286,-0.4345159395690814,0.0
1759838832.5971928,1,-1.2050001621245956,-0.8299997448920943,-0.7177030444144975,0.0,-1.734999179840088,-0.34999901056289673,-0.7177046537399292,0.0,-1.9499999253864349,0.19700005619322286,-0.4345159395690814,0.0
1759838832.6089716,1,-1.2050001621245956,-0.8299997448920943,-0.7177030444144975,0.0,-1.734999179840088,-0.34999901056289673,-0.7177046537399292,0.0,-1.9499999253864349,0.19700005619322286,-0.4345159395690814,0.0
1759838832.6196609,1,-1.2050001621245956,-0.8299997448920943,-0.7177030444144975,0.0,-1.734999179840088,-0.34999901056289673,-0.7177046537399292,0.0,-1.9499999253864349,0.19700005619322286,-0.4345159395690814,0.0
1759838832.6309898,1,-1.2050001621245956,-0.8299997448920943,-0.7177030444144975,0.0,-1.734999179840088,-0.34999901056289673,-0.7177046537399292,0.0,-1.9499999253864349,0.19700005619322286,-0.4345159395690814,0.0
1759838832.642695,1,-1.2050001621245956,-0.8299997448920943,-0.7177030444144975,0.0,-1.734999179840088,-0.34999901056289673,-0.7177046537399292,0.0,-1.9499999253864349,0.19700005619322286,-0.4345159395690814,0.0
1759838832.6538508,1,-1.2050001621245956,-0.8299997448920943,-0.7177030444144975,0.0,-1.734999179840088,-0.34999901056289673,-0.7177046537399292,0.0,-1.9499999253864349,0.19700005619322286,-0.4345159395690814,0.0
1759838832.6638937,1,-1.2050001621245956,-0.8299997448920943,-0.7177030444144975,0.0,-1.734999179840088,-0.34999901056289673,-0.7177046537399292,0.0,-1.9499999253864349,0.19700005619322286,-0.4345159395690814,0.0
1759838832.6748273,1,-1.2050001621245956,-0.8299997448920943,-0.7177030444144975,0.0,-1.734999179840088,-0.34999901056289673,-0.7177046537399292,0.0,-1.9499999253864349,0.19700005619322286,-0.4345159395690814,0.0
1759838832.6852283,1,-1.2050001621245956,-0.8299997448920943,-0.7177030444144975,0.0,-1.734999179840088,-0.34999901056289673,-0.7177046537399292,0.0,-1.9499999253864349,0.19700005619322286,-0.4345159395690814,0.0
1759838832.6965172,1,-1.2050001621245956,-0.8299997448920943,-0.7177030444144975,0.0,-1.734999179840088,-0.34999901056289673,-0.7177046537399292,0.0,-1.9499999253864349,0.19700005619322286,-0.4345159395690814,0.0
1759838832.706891,1,-1.2050001621245956,-0.8299997448920943,-0.7177030444144975,0.0,-1.734999179840088,-0.34999901056289673,-0.7177046537399292,0.0,-1.9499999253864349,0.19700005619322286,-0.4345159395690814,0.0
1759838832.7175565,1,-1.2050001621245956,-0.8299997448920943,-0.7177030444144975,0.0,-1.734999179840088,-0.34999901056289673,-0.7177046537399292,0.0,-1.9499999253864349,0.19700005619322286,-0.4345159395690814,0.0
1759838832.7290254,1,-1.2050001621245956,-0.8299997448920943,-0.7177030444144975,0.0,-1.734999179840088,-0.34999901056289673,-0.7177046537399292,0.0,-1.9499999253864349,0.19700005619322286,-0.4345159395690814,0.0
1759838832.7399144,1,-1.2050001621245956,-0.8299997448920943,-0.7177030444144975,0.0,-1.734999179840088,-0.34999901056289673,-0.7177046537399292,0.0,-1.9499999253864349,0.19700005619322286,-0.4345159395690814,0.0
1759838832.7568047,1,-1.2050001621245956,-0.8299997448920943,-0.7177030444144975,0.0,-1.734999179840088,-0.34999901056289673,-0.7177046537399292,0.0,-1.9499999253864349,0.19700005619322286,-0.4345159395690814,0.0
1759838832.76548,1,-1.2050001621245956,-0.8299997448920943,-0.7177030444144975,0.0,-1.734999179840088,-0.34999901056289673,-0.7177046537399292,0.0,-1.9499999253864349,0.19700005619322286,-0.4345159395690814,0.0
1759838832.7768095,1,-1.2050001621245956,-0.8299997448920943,-0.7177030444144975,0.0,-1.734999179840088,-0.34999901056289673,-0.7177046537399292,0.0,-1.9499999253864349,0.19700005619322286,-0.4345159395690814,0.0
1759838832.7880268,1,-1.2050001621245956,-0.8299997448920943,-0.7177030444144975,0.0,-1.734999179840088,-0.34999901056289673,-0.7177046537399292,0.0,-1.9499999253864349,0.19700005619322286,-0.4345159395690814,0.0
1759838832.799294,1,-1.2050001621245956,-0.8299997448920943,-0.7177030444144975,0.0,-1.734999179840088,-0.34999901056289673,-0.7177046537399292,0.0,-1.9499999253864349,0.19700005619322286,-0.4345159395690814,0.0
1759838832.8109925,1,-1.2050001621245956,-0.8299997448920943,-0.7177030444144975,0.0,-1.734999179840088,-0.34999901056289673,-0.7177046537399292,0.0,-1.9499999253864349,0.19700005619322286,-0.4345159395690814,0.0
1759838832.8222013,1,-1.2050001621245956,-0.8299997448920943,-0.7177030444144975,0.0,-1.734999179840088,-0.34999901056289673,-0.7177046537399292,0.0,-1.9499999253864349,0.19700005619322286,-0.4345159395690814,0.0
1759838832.8328776,1,-1.2050001621245956,-0.8299997448920943,-0.7177030444144975,0.0,-1.734999179840088,-0.34999901056289673,-0.7177046537399292,0.0,-1.9499999253864349,0.19700005619322286,-0.4345159395690814,0.0
1759838832.8439548,1,-1.2050001621245956,-0.8299997448920943,-0.7177030444144975,0.0,-1.734999179840088,-0.34999901056289673,-0.7177046537399292,0.0,-1.9499999253864349,0.19700005619322286,-0.4345159395690814,0.0
1759838832.8550284,1,-1.2050001621245956,-0.8299997448920943,-0.7177030444144975,0.0,-1.734999179840088,-0.34999901056289673,-0.7177046537399292,0.0,-1.9499999253864349,0.19700005619322286,-0.4345159395690814,0.0
1759838832.865868,1,-1.2050001621245956,-0.8299997448920943,-0.7177030444144975,0.0,-1.734999179840088,-0.34999901056289673,-0.7177046537399292,0.0,-1.9499999253864349,0.19700005619322286,-0.4345159395690814,0.0
1759838832.877018,1,-1.2050001621245956,-0.8299997448920943,-0.7177030444144975,0.0,-1.734999179840088,-0.34999901056289673,-0.7177046537399292,0.0,-1.9499999253864349,0.19700005619322286,-0.4345159395690814,0.0
1759838832.8884075,1,-1.2050001621245956,-0.8299997448920943,-0.7177030444144975,0.0,-1.734999179840088,-0.34999901056289673,-0.7177046537399292,0.0,-1.9499999253864349,0.19700005619322286,-0.4345159395690814,0.0
1759838832.8994455,1,-1.2050001621245956,-0.8299997448920943,-0.7177030444144975,0.0,-1.734999179840088,-0.34999901056289673,-0.7177046537399292,0.0,-1.9499999253864349,0.19700005619322286,-0.4345159395690814,0.0
1759838832.9105523,1,-1.2050001621245956,-0.8299997448920943,-0.7177030444144975,0.0,-1.734999179840088,-0.34999901056289673,-0.7177046537399292,0.0,-1.9499999253864349,0.19700005619322286,-0.4345159395690814,0.0
1759838832.922786,1,-1.2050001621245956,-0.8299997448920943,-0.7177030444144975,0.0,-1.734999179840088,-0.34999901056289673,-0.7177046537399292,0.0,-1.9499999253864349,0.19700005619322286,-0.4345159395690814,0.0
1759838832.9330785,1,-1.2050001621245956,-0.8299997448920943,-0.7177030444144975,0.0,-1.734999179840088,-0.34999901056289673,-0.7177046537399292,0.0,-1.9499999253864349,0.19700005619322286,-0.4345159395690814,0.0
1759838832.9444587,1,-1.2050001621245956,-0.8299997448920943,-0.7177030444144975,0.0,-1.734999179840088,-0.34999901056289673,-0.7177046537399292,0.0,-1.9499999253864349,0.19700005619322286,-0.4345159395690814,0.0
1759838832.9593863,1,-1.2050001621245956,-0.8299997448920943,-0.7177030444144975,0.0,-1.734999179840088,-0.34999901056289673,-0.7177046537399292,0.0,-1.9499999253864349,0.19700005619322286,-0.4345159395690814,0.0
1759838832.969848,1,-1.2050001621245956,-0.8299997448920943,-0.7177030444144975,0.0,-1.734999179840088,-0.34999901056289673,-0.7177046537399292,0.0,-1.9499999253864349,0.19700005619322286,-0.4345159395690814,0.0
1759838832.981184,1,-1.2050001621245956,-0.8299997448920943,-0.7177030444144975,0.0,-1.734999179840088,-0.34999901056289673,-0.7177046537399292,0.0,-1.9499999253864349,0.19700005619322286,-0.4345159395690814,0.0
1759838832.9916704,1,-1.2050001621245956,-0.8299997448920943,-0.7177030444144975,0.0,-1.734999179840088,-0.34999901056289673,-0.7177046537399292,0.0,-1.9499999253864349,0.19700005619322286,-0.4345159395690814,0.0
1759838833.002018,1,-1.2050001621245956,-0.8299997448920943,-0.7177030444144975,0.0,-1.734999179840088,-0.34999901056289673,-0.7177046537399292,0.0,-1.9499999253864349,0.19700005619322286,-0.4345159395690814,0.0
1759838833.0123808,1,-1.2050001621245956,-0.8299997448920943,-0.7177030444144975,0.0,-1.734999179840088,-0.34999901056289673,-0.7177046537399292,0.0,-1.9499999253864349,0.19700005619322286,-0.4345159395690814,0.0
1759838833.0225255,1,-1.2050001621245956,-0.8299997448920943,-0.7177030444144975,0.0,-1.734999179840088,-0.34999901056289673,-0.7177046537399292,0.0,-1.9499999253864349,0.19700005619322286,-0.4345159395690814,0.0
1759838833.0331142,1,-1.2050001621245956,-0.8299997448920943,-0.7177030444144975,0.0,-1.734999179840088,-0.34999901056289673,-0.7177046537399292,0.0,-1.9499999253864349,0.19700005619322286,-0.4345159395690814,0.0
1759838833.043126,1,-1.2050001621245956,-0.8299997448920943,-0.7177030444144975,0.0,-1.734999179840088,-0.34999901056289673,-0.7177046537399292,0.0,-1.9499999253864349,0.19700005619322286,-0.4345159395690814,0.0
1759838833.0539253,1,-1.2050001621245956,-0.8299997448920943,-0.7177030444144975,0.0,-1.734999179840088,-0.34999901056289673,-0.7177046537399292,0.0,-1.9499999253864349,0.19700005619322286,-0.4345159395690814,0.0
1759838833.0642965,1,-1.2050001621245956,-0.8299997448920943,-0.7177030444144975,0.0,-1.734999179840088,-0.34999901056289673,-0.7177046537399292,0.0,-1.9499999253864349,0.19700005619322286,-0.4345159395690814,0.0
1759838833.0750115,1,-1.2050001621245956,-0.8299997448920943,-0.7177030444144975,0.0,-1.734999179840088,-0.34999901056289673,-0.7177046537399292,0.0,-1.9499999253864349,0.19700005619322286,-0.4345159395690814,0.0
1759838833.0858378,1,-1.2050001621245956,-0.8299997448920943,-0.7177030444144975,0.0,-1.734999179840088,-0.34999901056289673,-0.7177046537399292,0.0,-1.9499999253864349,0.19700005619322286,-0.4345159395690814,0.0
1759838833.096563,1,-1.2050001621245956,-0.8299997448920943,-0.7177030444144975,0.0,-1.734999179840088,-0.34999901056289673,-0.7177046537399292,0.0,-1.9499999253864349,0.19700005619322286,-0.4345159395690814,0.0
1759838833.10682,1,-1.2050001621245956,-0.8299997448920943,-0.7177030444144975,0.0,-1.734999179840088,-0.34999901056289673,-0.7177046537399292,0.0,-1.9499999253864349,0.19700005619322286,-0.4345159395690814,0.0
1759838833.1171963,1,-1.2050001621245956,-0.8299997448920943,-0.7177030444144975,0.0,-1.734999179840088,-0.34999901056289673,-0.7177046537399292,0.0,-1.9499999253864349,0.19700005619322286,-0.4345159395690814,0.0
1759838833.127387,1,-1.2050001621245956,-0.8299997448920943,-0.7177030444144975,0.0,-1.734999179840088,-0.34999901056289673,-0.7177046537399292,0.0,-1.9499999253864349,0.19700005619322286,-0.4345159395690814,0.0
1759838833.1385448,1,-1.2050001621245956,-0.8299997448920943,-0.7177030444144975,0.0,-1.734999179840088,-0.34999901056289673,-0.7177046537399292,0.0,-1.9499999253864349,0.19700005619322286,-0.4345159395690814,0.0
1759838833.1492927,1,-1.2050001621245956,-0.8299997448920943,-0.7177030444144975,0.0,-1.734999179840088,-0.34999901056289673,-0.7177046537399292,0.0,-1.9499999253864349,0.19700005619322286,-0.4345159395690814,0.0
1759838833.1627858,1,-1.2050001621245956,-0.8299997448920943,-0.7177030444144975,0.0,-1.734999179840088,-0.34999901056289673,-0.7177046537399292,0.0,-1.9499999253864349,0.19700005619322286,-0.4345159395690814,0.0
1759838833.1730797,1,-1.2050001621245956,-0.8299997448920943,-0.7177030444144975,0.0,-1.734999179840088,-0.34999901056289673,-0.7177046537399292,0.0,-1.9499999253864349,0.19700005619322286,-0.4345159395690814,0.0
1759838833.1840017,1,-1.2050001621245956,-0.8299997448920943,-0.7177030444144975,0.0,-1.734999179840088,-0.34999901056289673,-0.7177046537399292,0.0,-1.9499999253864349,0.19700005619322286,-0.4345159395690814,0.0
1759838833.1953542,1,-1.2050001621245956,-0.8299997448920943,-0.7177030444144975,0.0,-1.734999179840088,-0.34999901056289673,-0.7177046537399292,0.0,-1.9499999253864349,0.19700005619322286,-0.4345159395690814,0.0
1759838833.2058682,1,-1.2050001621245956,-0.8299997448920943,-0.7177030444144975,0.0,-1.734999179840088,-0.34999901056289673,-0.7177046537399292,0.0,-1.9499999253864349,0.19700005619322286,-0.4345159395690814,0.0
1759838833.2171025,1,-1.2050001621245956,-0.8299997448920943,-0.7177030444144975,0.0,-1.734999179840088,-0.34999901056289673,-0.7177046537399292,0.0,-1.9499999253864349,0.19700005619322286,-0.4345159395690814,0.0
1759838833.2288756,1,-1.2050001621245956,-0.8299997448920943,-0.7177030444144975,0.0,-1.734999179840088,-0.34999901056289673,-0.7177046537399292,0.0,-1.9499999253864349,0.19700005619322286,-0.4345159395690814,0.0
1759838833.2396736,1,-1.2050001621245956,-0.8299997448920943,-0.7177030444144975,0.0,-1.734999179840088,-0.34999901056289673,-0.7177046537399292,0.0,-1.9499999253864349,0.19700005619322286,-0.4345159395690814,0.0
1759838833.2509148,1,-1.2050001621245956,-0.8299997448920943,-0.7177030444144975,0.0,-1.734999179840088,-0.34999901056289673,-0.7177046537399292,0.0,-1.9499999253864349,0.19700005619322286,-0.4345159395690814,0.0
1759838833.2610288,1,-1.2050001621245956,-0.8299997448920943,-0.7177030444144975,0.0,-1.734999179840088,-0.34999901056289673,-0.7177046537399292,0.0,-1.9499999253864349,0.19700005619322286,-0.4345159395690814,0.0
1759838833.2715476,1,-1.2050001621245956,-0.8299997448920943,-0.7177030444144975,0.0,-1.734999179840088,-0.34999901056289673,-0.7177046537399292,0.0,-1.9499999253864349,0.19700005619322286,-0.4345159395690814,0.0
1759838833.2868004,1,-1.2050001621245956,-0.8299997448920943,-0.7177030444144975,0.0,-1.734999179840088,-0.34999901056289673,-0.7177046537399292,0.0,-1.9499999253864349,0.19700005619322286,-0.4345159395690814,0.0
1759838833.297728,1,-1.2050001621245956,-0.8299997448920943,-0.7177030444144975,0.0,-1.734999179840088,-0.34999901056289673,-0.7177046537399292,0.0,-1.9499999253864349,0.19700005619322286,-0.4345159395690814,0.0
1759838833.307738,1,-1.2050001621245956,-0.8299997448920943,-0.7177030444144975,0.0,-1.734999179840088,-0.34999901056289673,-0.7177046537399292,0.0,-1.9499999253864349,0.19700005619322286,-0.4345159395690814,0.0
1759838833.3196313,1,-1.2050001621245956,-0.8299997448920943,-0.7177030444144975,0.0,-1.734999179840088,-0.34999901056289673,-0.7177046537399292,0.0,-1.9499999253864349,0.19700005619322286,-0.4345159395690814,0.0
1759838833.3302763,1,-1.2050001621245956,-0.8299997448920943,-0.7177030444144975,0.0,-1.734999179840088,-0.34999901056289673,-0.7177046537399292,0.0,-1.9499999253864349,0.19700005619322286,-0.4345159395690814,0.0
1759838833.34136,1,-1.2050001621245956,-0.8299997448920943,-0.7177030444144975,0.0,-1.734999179840088,-0.34999901056289673,-0.7177046537399292,0.0,-1.9499999253864349,0.19700005619322286,-0.4345159395690814,0.0
1759838833.354122,1,-1.2050001621245956,-0.8299997448920943,-0.7177030444144975,0.0,-1.734999179840088,-0.34999901056289673,-0.7177046537399292,0.0,-1.9499999253864349,0.19700005619322286,-0.4345159395690814,0.0
1759838833.367359,1,-1.2050001621245956,-0.8299997448920943,-0.7177030444144975,0.0,-1.734999179840088,-0.34999901056289673,-0.7177046537399292,0.0,-1.9499999253864349,0.19700005619322286,-0.4345159395690814,0.0
1759838833.3766465,1,-1.2050001621245956,-0.8299997448920943,-0.7177030444144975,0.0,-1.734999179840088,-0.34999901056289673,-0.7177046537399292,0.0,-1.9499999253864349,0.19700005619322286,-0.4345159395690814,0.0
1759838833.387683,1,-1.2050001621245956,-0.8299997448920943,-0.7177030444144975,0.0,-1.734999179840088,-0.34999901056289673,-0.7177046537399292,0.0,-1.9499999253864349,0.19700005619322286,-0.4345159395690814,0.0
1759838833.3986993,1,-1.2050001621245956,-0.8299997448920943,-0.7177030444144975,0.0,-1.734999179840088,-0.34999901056289673,-0.7177046537399292,0.0,-1.9499999253864349,0.19700005619322286,-0.4345159395690814,0.0
1759838833.4088733,1,-1.2050001621245956,-0.8299997448920943,-0.7177030444144975,0.0,-1.734999179840088,-0.34999901056289673,-0.7177046537399292,0.0,-1.9499999253864349,0.19700005619322286,-0.4345159395690814,0.0
1759838833.420381,1,-1.2050001621245956,-0.8299997448920943,-0.7177030444144975,0.0,-1.734999179840088,-0.34999901056289673,-0.7177046537399292,0.0,-1.9499999253864349,0.19700005619322286,-0.4345159395690814,0.0
1759838833.432614,1,-1.2050001621245956,-0.8299997448920943,-0.7177030444144975,0.0,-1.734999179840088,-0.34999901056289673,-0.7177046537399292,0.0,-1.9499999253864349,0.19700005619322286,-0.4345159395690814,0.0
1759838833.4426293,1,-1.2050001621245956,-0.8299997448920943,-0.7177030444144975,0.0,-1.734999179840088,-0.34999901056289673,-0.7177046537399292,0.0,-1.9499999253864349,0.19700005619322286,-0.4345159395690814,0.0
1759838833.4537458,1,-1.2050001621245956,-0.8299997448920943,-0.7177030444144975,0.0,-1.734999179840088,-0.34999901056289673,-0.7177046537399292,0.0,-1.9499999253864349,0.19700005619322286,-0.4345159395690814,0.0
1759838833.4650993,1,-1.2050001621245956,-0.8299997448920943,-0.7177030444144975,0.0,-1.734999179840088,-0.34999901056289673,-0.7177046537399292,0.0,-1.9499999253864349,0.19700005619322286,-0.4345159395690814,0.0
1759838833.4760036,1,-1.2050001621245956,-0.8299997448920943,-0.7177030444144975,0.0,-1.734999179840088,-0.34999901056289673,-0.7177046537399292,0.0,-1.9499999253864349,0.19700005619322286,-0.4345159395690814,0.0
1759838833.4862025,1,-1.2050001621245956,-0.8299997448920943,-0.7177030444144975,0.0,-1.734999179840088,-0.34999901056289673,-0.7177046537399292,0.0,-1.9499999253864349,0.19700005619322286,-0.4345159395690814,0.0
1759838833.4974618,1,-1.2050001621245956,-0.8299997448920943,-0.7177030444144975,0.0,-1.734999179840088,-0.34999901056289673,-0.7177046537399292,0.0,-1.9499999253864349,0.19700005619322286,-0.4345159395690814,0.0
1759838833.5088515,1,-1.2050001621245956,-0.8299997448920943,-0.7177030444144975,0.0,-1.734999179840088,-0.34999901056289673,-0.7177046537399292,0.0,-1.9499999253864349,0.19700005619322286,-0.4345159395690814,0.0
1759838833.5202234,1,-1.2050001621245956,-0.8299997448920943,-0.7177030444144975,0.0,-1.734999179840088,-0.34999901056289673,-0.7177046537399292,0.0,-1.9499999253864349,0.19700005619322286,-0.4345159395690814,0.0
1759838833.5305796,1,-1.2050001621245956,-0.8299997448920943,-0.7177030444144975,0.0,-1.734999179840088,-0.34999901056289673,-0.7177046537399292,0.0,-1.9499999253864349,0.19700005619322286,-0.4345159395690814,0.0
1759838833.541459,1,-1.2050001621245956,-0.8299997448920943,-0.7177030444144975,0.0,-1.734999179840088,-0.34999901056289673,-0.7177046537399292,0.0,-1.9499999253864349,0.19700005619322286,-0.4345159395690814,0.0
1759838833.5527053,1,-1.2050001621245956,-0.8299997448920943,-0.7177030444144975,0.0,-1.734999179840088,-0.34999901056289673,-0.7177046537399292,0.0,-1.9499999253864349,0.19700005619322286,-0.4345159395690814,0.0
1759838833.571549,1,-1.2050001621245956,-0.8299997448920943,-0.7177030444144975,0.0,-1.734999179840088,-0.34999901056289673,-0.7177046537399292,0.0,-1.9499999253864349,0.19700005619322286,-0.4345159395690814,0.0
1759838833.5799036,1,-1.2050001621245956,-0.8299997448920943,-0.7177030444144975,0.0,-1.734999179840088,-0.34999901056289673,-0.7177046537399292,0.0,-1.9499999253864349,0.19700005619322286,-0.4345159395690814,0.0
1759838833.591152,1,-1.2050001621245956,-0.8299997448920943,-0.7177030444144975,0.0,-1.734999179840088,-0.34999901056289673,-0.7177046537399292,0.0,-1.9499999253864349,0.19700005619322286,-0.4345159395690814,0.0
1759838833.602584,1,-1.2050001621245956,-0.8299997448920943,-0.7177030444144975,0.0,-1.734999179840088,-0.34999901056289673,-0.7177046537399292,0.0,-1.9499999253864349,0.19700005619322286,-0.4345159395690814,0.0
1759838833.6154735,1,-1.2050001621245956,-0.8299997448920943,-0.7177030444144975,0.0,-1.734999179840088,-0.34999901056289673,-0.7177046537399292,0.0,-1.9499999253864349,0.19700005619322286,-0.4345159395690814,0.0
1759838833.6257627,1,-1.2050001621245956,-0.8299997448920943,-0.7177030444144975,0.0,-1.734999179840088,-0.34999901056289673,-0.7177046537399292,0.0,-1.9499999253864349,0.19700005619322286,-0.4345159395690814,0.0
1759838833.6366868,1,-1.2050001621245956,-0.8299997448920943,-0.7177030444144975,0.0,-1.734999179840088,-0.34999901056289673,-0.7177046537399292,0.0,-1.9499999253864349,0.19700005619322286,-0.4345159395690814,0.0
1759838833.6532266,1,-1.2050001621245956,-0.8299997448920943,-0.7177030444144975,0.0,-1.734999179840088,-0.34999901056289673,-0.7177046537399292,0.0,-1.9499999253864349,0.19700005619322286,-0.4345159395690814,0.0
1759838833.6703408,1,-1.2050001621245956,-0.8299997448920943,-0.7177030444144975,0.0,-1.734999179840088,-0.34999901056289673,-0.7177046537399292,0.0,-1.9499999253864349,0.19700005619322286,-0.4345159395690814,0.0
1759838833.6810117,1,-1.2050001621245956,-0.8299997448920943,-0.7177030444144975,0.0,-1.734999179840088,-0.34999901056289673,-0.7177046537399292,0.0,-1.9499999253864349,0.19700005619322286,-0.4345159395690814,0.0
1759838833.695107,1,-1.2050001621245956,-0.8299997448920943,-0.7177030444144975,0.0,-1.734999179840088,-0.34999901056289673,-0.7177046537399292,0.0,-1.9499999253864349,0.19700005619322286,-0.4345159395690814,0.0
1759838833.712245,1,-1.2050001621245956,-0.8299997448920943,-0.7177030444144975,0.0,-1.734999179840088,-0.34999901056289673,-0.7177046537399292,0.0,-1.9499999253864349,0.19700005619322286,-0.4345159395690814,0.0
1759838833.7237525,1,-1.2050001621245956,-0.8299997448920943,-0.7177030444144975,0.0,-1.734999179840088,-0.34999901056289673,-0.7177046537399292,0.0,-1.9499999253864349,0.19700005619322286,-0.4345159395690814,0.0
1759838833.7419808,1,-1.2050001621245956,-0.8299997448920943,-0.7177030444144975,0.0,-1.734999179840088,-0.34999901056289673,-0.7177046537399292,0.0,-1.9499999253864349,0.19700005619322286,-0.4345159395690814,0.0
1759838833.7525158,1,-1.2050001621245956,-0.8299997448920943,-0.7177030444144975,0.0,-1.734999179840088,-0.34999901056289673,-0.7177046537399292,0.0,-1.9499999253864349,0.19700005619322286,-0.4345159395690814,0.0
1759838833.764063,1,-1.2050001621245956,-0.8299997448920943,-0.7177030444144975,0.0,-1.734999179840088,-0.34999901056289673,-0.7177046537399292,0.0,-1.9499999253864349,0.19700005619322286,-0.4345159395690814,0.0
1759838833.7842448,1,-1.2050001621245956,-0.8299997448920943,-0.7177030444144975,0.0,-1.734999179840088,-0.34999901056289673,-0.7177046537399292,0.0,-1.9499999253864349,0.19700005619322286,-0.4345159395690814,0.0
1759838833.794899,1,-1.2050001621245956,-0.8299997448920943,-0.7177030444144975,0.0,-1.734999179840088,-0.34999901056289673,-0.7177046537399292,0.0,-1.9499999253864349,0.19700005619322286,-0.4345159395690814,0.0
1759838833.806273,1,-1.2050001621245956,-0.8299997448920943,-0.7177030444144975,0.0,-1.734999179840088,-0.34999901056289673,-0.7177046537399292,0.0,-1.9499999253864349,0.19700005619322286,-0.4345159395690814,0.0
1759838833.8220782,1,-1.2050001621245956,-0.8299997448920943,-0.7177030444144975,0.0,-1.734999179840088,-0.34999901056289673,-0.7177046537399292,0.0,-1.9499999253864349,0.19700005619322286,-0.4345159395690814,0.0
1759838833.8390107,1,-1.2050001621245956,-0.8299997448920943,-0.7177030444144975,0.0,-1.734999179840088,-0.34999901056289673,-0.7177046537399292,0.0,-1.9499999253864349,0.19700005619322286,-0.4345159395690814,0.0
1759838833.8547337,1,-1.2050001621245956,-0.8299997448920943,-0.7177030444144975,0.0,-1.734999179840088,-0.34999901056289673,-0.7177046537399292,0.0,-1.9499999253864349,0.19700005619322286,-0.4345159395690814,0.0
1759838833.8661945,1,-1.2050001621245956,-0.8299997448920943,-0.7177030444144975,0.0,-1.734999179840088,-0.34999901056289673,-0.7177046537399292,0.0,-1.9499999253864349,0.19700005619322286,-0.4345159395690814,0.0
1759838833.876259,1,-1.2050001621245956,-0.8299997448920943,-0.7177030444144975,0.0,-1.734999179840088,-0.34999901056289673,-0.7177046537399292,0.0,-1.9499999253864349,0.19700005619322286,-0.4345159395690814,0.0
1759838833.888747,1,-1.2050001621245956,-0.8299997448920943,-0.7177030444144975,0.0,-1.734999179840088,-0.34999901056289673,-0.7177046537399292,0.0,-1.9499999253864349,0.19700005619322286,-0.4345159395690814,0.0
1759838833.899363,1,-1.2050001621245956,-0.8299997448920943,-0.7177030444144975,0.0,-1.734999179840088,-0.34999901056289673,-0.7177046537399292,0.0,-1.9499999253864349,0.19700005619322286,-0.4345159395690814,0.0
1759838833.9118717,1,-1.2050001621245956,-0.8299997448920943,-0.7177030444144975,0.0,-1.734999179840088,-0.34999901056289673,-0.7177046537399292,0.0,-1.9499999253864349,0.19700005619322286,-0.4345159395690814,0.0
1759838833.9227936,1,-1.2050001621245956,-0.8299997448920943,-0.7177030444144975,0.0,-1.734999179840088,-0.34999901056289673,-0.7177046537399292,0.0,-1.9499999253864349,0.19700005619322286,-0.4345159395690814,0.0
1759838833.936624,1,-1.2050001621245956,-0.8299997448920943,-0.7177030444144975,0.0,-1.734999179840088,-0.34999901056289673,-0.7177046537399292,0.0,-1.9499999253864349,0.19700005619322286,-0.4345159395690814,0.0
1759838833.9480786,1,-1.2050001621245956,-0.8299997448920943,-0.7177030444144975,0.0,-1.734999179840088,-0.34999901056289673,-0.7177046537399292,0.0,-1.9499999253864349,0.19700005619322286,-0.4345159395690814,0.0
1759838833.9605393,1,-1.2050001621245956,-0.8299997448920943,-0.7177030444144975,0.0,-1.734999179840088,-0.34999901056289673,-0.7177046537399292,0.0,-1.9499999253864349,0.19700005619322286,-0.4345159395690814,0.0
1759838833.9710164,1,-1.2050001621245956,-0.8299997448920943,-0.7177030444144975,0.0,-1.734999179840088,-0.34999901056289673,-0.7177046537399292,0.0,-1.9499999253864349,0.19700005619322286,-0.4345159395690814,0.0
1759838833.9895234,1,-1.2050001621245956,-0.8299997448920943,-0.7177030444144975,0.0,-1.734999179840088,-0.34999901056289673,-0.7177046537399292,0.0,-1.9499999253864349,0.19700005619322286,-0.4345159395690814,0.0
1759838834.0010738,1,-1.2050001621245956,-0.8299997448920943,-0.7177030444144975,0.0,-1.734999179840088,-0.34999901056289673,-0.7177046537399292,0.0,-1.9499999253864349,0.19700005619322286,-0.4345159395690814,0.0
1759838834.0111387,1,-1.2050001621245956,-0.8299997448920943,-0.7177030444144975,0.0,-1.734999179840088,-0.34999901056289673,-0.7177046537399292,0.0,-1.9499999253864349,0.19700005619322286,-0.4345159395690814,0.0
1759838834.0257258,1,-1.2050001621245956,-0.8299997448920943,-0.7177030444144975,0.0,-1.734999179840088,-0.34999901056289673,-0.7177046537399292,0.0,-1.9499999253864349,0.19700005619322286,-0.4345159395690814,0.0
1759838834.0413651,1,-1.2050001621245956,-0.8299997448920943,-0.7177030444144975,0.0,-1.734999179840088,-0.34999901056289673,-0.7177046537399292,0.0,-1.9499999253864349,0.19700005619322286,-0.4345159395690814,0.0
1759838834.0571456,1,-1.2050001621245956,-0.8299997448920943,-0.7177030444144975,0.0,-1.734999179840088,-0.34999901056289673,-0.7177046537399292,0.0,-1.9499999253864349,0.19700005619322286,-0.4345159395690814,0.0
1759838834.0678523,1,-1.2050001621245956,-0.8299997448920943,-0.7177030444144975,0.0,-1.734999179840088,-0.34999901056289673,-0.7177046537399292,0.0,-1.9499999253864349,0.19700005619322286,-0.4345159395690814,0.0
1759838834.0808399,1,-1.2050001621245956,-0.8299997448920943,-0.7177030444144975,0.0,-1.734999179840088,-0.34999901056289673,-0.7177046537399292,0.0,-1.9499999253864349,0.19700005619322286,-0.4345159395690814,0.0
1759838834.0912979,1,-1.2050001621245956,-0.8299997448920943,-0.7177030444144975,0.0,-1.734999179840088,-0.34999901056289673,-0.7177046537399292,0.0,-1.9499999253864349,0.19700005619322286,-0.4345159395690814,0.0
1759838834.103703,1,-1.2050001621245956,-0.8299997448920943,-0.7177030444144975,0.0,-1.734999179840088,-0.34999901056289673,-0.7177046537399292,0.0,-1.9499999253864349,0.19700005619322286,-0.4345159395690814,0.0
1759838834.1146204,1,-1.2050001621245956,-0.8299997448920943,-0.7177030444144975,0.0,-1.734999179840088,-0.34999901056289673,-0.7177046537399292,0.0,-1.9499999253864349,0.19700005619322286,-0.4345159395690814,0.0
1759838834.127061,1,-1.2050001621245956,-0.8299997448920943,-0.7177030444144975,0.0,-1.734999179840088,-0.34999901056289673,-0.7177046537399292,0.0,-1.9499999253864349,0.19700005619322286,-0.4345159395690814,0.0
1759838834.1436515,1,-1.2050001621245956,-0.8299997448920943,-0.7177030444144975,0.0,-1.734999179840088,-0.34999901056289673,-0.7177046537399292,0.0,-1.9499999253864349,0.19700005619322286,-0.4345159395690814,0.0
1759838834.1541085,1,-1.2050001621245956,-0.8299997448920943,-0.7177030444144975,0.0,-1.734999179840088,-0.34999901056289673,-0.7177046537399292,0.0,-1.9499999253864349,0.19700005619322286,-0.4345159395690814,0.0
1759838834.1651294,1,-1.2050001621245956,-0.8299997448920943,-0.7177030444144975,0.0,-1.734999179840088,-0.34999901056289673,-0.7177046537399292,0.0,-1.9499999253864349,0.19700005619322286,-0.4345159395690814,0.0
1759838834.1775277,1,-1.2050001621245956,-0.8299997448920943,-0.7177030444144975,0.0,-1.734999179840088,-0.34999901056289673,-0.7177046537399292,0.0,-1.9499999253864349,0.19700005619322286,-0.4345159395690814,0.0
1759838834.194649,1,-1.2050001621245956,-0.8299997448920943,-0.7177030444144975,0.0,-1.734999179840088,-0.34999901056289673,-0.7177046537399292,0.0,-1.9499999253864349,0.19700005619322286,-0.4345159395690814,0.0
1759838834.2051182,1,-1.2050001621245956,-0.8299997448920943,-0.7177030444144975,0.0,-1.734999179840088,-0.34999901056289673,-0.7177046537399292,0.0,-1.9499999253864349,0.19700005619322286,-0.4345159395690814,0.0
1759838834.2163904,1,-1.2050001621245956,-0.8299997448920943,-0.7177030444144975,0.0,-1.734999179840088,-0.34999901056289673,-0.7177046537399292,0.0,-1.9499999253864349,0.19700005619322286,-0.4345159395690814,0.0
1759838834.2268944,1,-1.2050001621245956,-0.8299997448920943,-0.7177030444144975,0.0,-1.734999179840088,-0.34999901056289673,-0.7177046537399292,0.0,-1.9499999253864349,0.19700005619322286,-0.4345159395690814,0.0
1759838834.2417576,1,-1.2050001621245956,-0.8299997448920943,-0.7177030444144975,0.0,-1.734999179840088,-0.34999901056289673,-0.7177046537399292,0.0,-1.9499999253864349,0.19700005619322286,-0.4345159395690814,0.0
1759838834.253104,1,-1.2050001621245956,-0.8299997448920943,-0.7177030444144975,0.0,-1.734999179840088,-0.34999901056289673,-0.7177046537399292,0.0,-1.9499999253864349,0.19700005619322286,-0.4345159395690814,0.0
1759838834.2662926,1,-1.2050001621245956,-0.8299997448920943,-0.7177030444144975,0.0,-1.734999179840088,-0.34999901056289673,-0.7177046537399292,0.0,-1.9499999253864349,0.19700005619322286,-0.4345159395690814,0.0
1759838834.2764552,1,-1.2050001621245956,-0.8299997448920943,-0.7177030444144975,0.0,-1.734999179840088,-0.34999901056289673,-0.7177046537399292,0.0,-1.9499999253864349,0.19700005619322286,-0.4345159395690814,0.0
1759838834.289854,1,-1.2050001621245956,-0.8299997448920943,-0.7177030444144975,0.0,-1.734999179840088,-0.34999901056289673,-0.7177046537399292,0.0,-1.9499999253864349,0.19700005619322286,-0.4345159395690814,0.0
1759838834.3000062,1,-1.2050001621245956,-0.8299997448920943,-0.7177030444144975,0.0,-1.734999179840088,-0.34999901056289673,-0.7177046537399292,0.0,-1.9499999253864349,0.19700005619322286,-0.4345159395690814,0.0
1759838834.3134058,1,-1.2050001621245956,-0.8299997448920943,-0.7177030444144975,0.0,-1.734999179840088,-0.34999901056289673,-0.7177046537399292,0.0,-1.9499999253864349,0.19700005619322286,-0.4345159395690814,0.0
1759838834.3248804,1,-1.2050001621245956,-0.8299997448920943,-0.7177030444144975,0.0,-1.734999179840088,-0.34999901056289673,-0.7177046537399292,0.0,-1.9499999253864349,0.19700005619322286,-0.4345159395690814,0.0
1759838834.338066,1,-1.2050001621245956,-0.8299997448920943,-0.7177030444144975,0.0,-1.734999179840088,-0.34999901056289673,-0.7177046537399292,0.0,-1.9499999253864349,0.19700005619322286,-0.4345159395690814,0.0
1759838834.348142,1,-1.2050001621245956,-0.8299997448920943,-0.7177030444144975,0.0,-1.734999179840088,-0.34999901056289673,-0.7177046537399292,0.0,-1.9499999253864349,0.19700005619322286,-0.4345159395690814,0.0
1759838834.3612733,1,-1.2050001621245956,-0.8299997448920943,-0.7177030444144975,0.0,-1.734999179840088,-0.34999901056289673,-0.7177046537399292,0.0,-1.9499999253864349,0.19700005619322286,-0.4345159395690814,0.0
1759838834.3762088,1,-1.2050001621245956,-0.8299997448920943,-0.7177030444144975,0.0,-1.734999179840088,-0.34999901056289673,-0.7177046537399292,0.0,-1.9499999253864349,0.19700005619322286,-0.4345159395690814,0.0
1759838834.390335,1,-1.2050001621245956,-0.8299997448920943,-0.7177030444144975,0.0,-1.734999179840088,-0.34999901056289673,-0.7177046537399292,0.0,-1.9499999253864349,0.19700005619322286,-0.4345159395690814,0.0
1759838834.401119,1,-1.2050001621245956,-0.8299997448920943,-0.7177030444144975,0.0,-1.734999179840088,-0.34999901056289673,-0.7177046537399292,0.0,-1.9499999253864349,0.19700005619322286,-0.4345159395690814,0.0
1759838834.4135015,1,-1.2050001621245956,-0.8299997448920943,-0.7177030444144975,0.0,-1.734999179840088,-0.34999901056289673,-0.7177046537399292,0.0,-1.9499999253864349,0.19700005619322286,-0.4345159395690814,0.0
1759838834.423991,1,-1.2050001621245956,-0.8299997448920943,-0.7177030444144975,0.0,-1.734999179840088,-0.34999901056289673,-0.7177046537399292,0.0,-1.9499999253864349,0.19700005619322286,-0.4345159395690814,0.0
1759838834.435075,1,-1.2050001621245956,-0.8299997448920943,-0.7177030444144975,0.0,-1.734999179840088,-0.34999901056289673,-0.7177046537399292,0.0,-1.9499999253864349,0.19700005619322286,-0.4345159395690814,0.0
1759838834.4451156,1,-1.2050001621245956,-0.8299997448920943,-0.7177030444144975,0.0,-1.734999179840088,-0.34999901056289673,-0.7177046537399292,0.0,-1.9499999253864349,0.19700005619322286,-0.4345159395690814,0.0
1759838834.4586513,1,-1.2050001621245956,-0.8299997448920943,-0.7177030444144975,0.0,-1.734999179840088,-0.34999901056289673,-0.7177046537399292,0.0,-1.9499999253864349,0.19700005619322286,-0.4345159395690814,0.0
1759838834.470679,1,-1.2050001621245956,-0.8299997448920943,-0.7177030444144975,0.0,-1.734999179840088,-0.34999901056289673,-0.7177046537399292,0.0,-1.9499999253864349,0.19700005619322286,-0.4345159395690814,0.0
1759838834.4812424,1,-1.2050001621245956,-0.8299997448920943,-0.7177030444144975,0.0,-1.734999179840088,-0.34999901056289673,-0.7177046537399292,0.0,-1.9499999253864349,0.19700005619322286,-0.4345159395690814,0.0
1759838834.493227,1,-1.2050001621245956,-0.8299997448920943,-0.7177030444144975,0.0,-1.734999179840088,-0.34999901056289673,-0.7177046537399292,0.0,-1.9499999253864349,0.19700005619322286,-0.4345159395690814,0.0
1759838834.5041602,1,-1.2050001621245956,-0.8299997448920943,-0.7177030444144975,0.0,-1.734999179840088,-0.34999901056289673,-0.7177046537399292,0.0,-1.9499999253864349,0.19700005619322286,-0.4345159395690814,0.0
1759838834.5156999,1,-1.2050001621245956,-0.8299997448920943,-0.7177030444144975,0.0,-1.734999179840088,-0.34999901056289673,-0.7177046537399292,0.0,-1.9499999253864349,0.19700005619322286,-0.4345159395690814,0.0
1759838834.5312583,1,-1.2050001621245956,-0.8299997448920943,-0.7177030444144975,0.0,-1.734999179840088,-0.34999901056289673,-0.7177046537399292,0.0,-1.9499999253864349,0.19700005619322286,-0.4345159395690814,0.0
1759838834.5424745,1,-1.2050001621245956,-0.8299997448920943,-0.7177030444144975,0.0,-1.734999179840088,-0.34999901056289673,-0.7177046537399292,0.0,-1.9499999253864349,0.19700005619322286,-0.4345159395690814,0.0
1759838834.5532725,1,-1.2050001621245956,-0.8299997448920943,-0.7177030444144975,0.0,-1.734999179840088,-0.34999901056289673,-0.7177046537399292,0.0,-1.9499999253864349,0.19700005619322286,-0.4345159395690814,0.0
1759838834.564213,1,-1.2050001621245956,-0.8299997448920943,-0.7177030444144975,0.0,-1.734999179840088,-0.34999901056289673,-0.7177046537399292,0.0,-1.9499999253864349,0.19700005619322286,-0.4345159395690814,0.0
1759838834.57424,1,-1.2050001621245956,-0.8299997448920943,-0.7177030444144975,0.0,-1.734999179840088,-0.34999901056289673,-0.7177046537399292,0.0,-1.9499999253864349,0.19700005619322286,-0.4345159395690814,0.0
1759838834.5843313,1,-1.2050001621245956,-0.8299997448920943,-0.7177030444144975,0.0,-1.734999179840088,-0.34999901056289673,-0.7177046537399292,0.0,-1.9499999253864349,0.19700005619322286,-0.4345159395690814,0.0
1759838834.6017437,1,-1.2050001621245956,-0.8299997448920943,-0.7177030444144975,0.0,-1.734999179840088,-0.34999901056289673,-0.7177046537399292,0.0,-1.9499999253864349,0.19700005619322286,-0.4345159395690814,0.0
1759838834.609614,1,-1.2050001621245956,-0.8299997448920943,-0.7177030444144975,0.0,-1.734999179840088,-0.34999901056289673,-0.7177046537399292,0.0,-1.9499999253864349,0.19700005619322286,-0.4345159395690814,0.0
1759838834.6198375,1,-1.2050001621245956,-0.8299997448920943,-0.7177030444144975,0.0,-1.734999179840088,-0.34999901056289673,-0.7177046537399292,0.0,-1.9499999253864349,0.19700005619322286,-0.4345159395690814,0.0
1759838834.6311388,1,-1.2050001621245956,-0.8299997448920943,-0.7177030444144975,0.0,-1.734999179840088,-0.34999901056289673,-0.7177046537399292,0.0,-1.9499999253864349,0.19700005619322286,-0.4345159395690814,0.0
1759838834.642377,1,-1.2050001621245956,-0.8299997448920943,-0.7177030444144975,0.0,-1.734999179840088,-0.34999901056289673,-0.7177046537399292,0.0,-1.9499999253864349,0.19700005619322286,-0.4345159395690814,0.0
1759838834.6533601,1,-1.2050001621245956,-0.8299997448920943,-0.7177030444144975,0.0,-1.734999179840088,-0.34999901056289673,-0.7177046537399292,0.0,-1.9499999253864349,0.19700005619322286,-0.4345159395690814,0.0
1759838834.6648803,1,-1.2050001621245956,-0.8299997448920943,-0.7177030444144975,0.0,-1.734999179840088,-0.34999901056289673,-0.7177046537399292,0.0,-1.9499999253864349,0.19700005619322286,-0.4345159395690814,0.0
1759838834.6758842,1,-1.2050001621245956,-0.8299997448920943,-0.7177030444144975,0.0,-1.734999179840088,-0.34999901056289673,-0.7177046537399292,0.0,-1.9499999253864349,0.19700005619322286,-0.4345159395690814,0.0
1759838834.6884875,1,-1.2050001621245956,-0.8299997448920943,-0.7177030444144975,0.0,-1.734999179840088,-0.34999901056289673,-0.7177046537399292,0.0,-1.9499999253864349,0.19700005619322286,-0.4345159395690814,0.0
1759838834.6997771,1,-1.2050001621245956,-0.8299997448920943,-0.7177030444144975,0.0,-1.734999179840088,-0.34999901056289673,-0.7177046537399292,0.0,-1.9499999253864349,0.19700005619322286,-0.4345159395690814,0.0
1759838834.710639,1,-1.2050001621245956,-0.8299997448920943,-0.7177030444144975,0.0,-1.734999179840088,-0.34999901056289673,-0.7177046537399292,0.0,-1.9499999253864349,0.19700005619322286,-0.4345159395690814,0.0
1759838834.7220247,1,-1.2050001621245956,-0.8299997448920943,-0.7177030444144975,0.0,-1.734999179840088,-0.34999901056289673,-0.7177046537399292,0.0,-1.9499999253864349,0.19700005619322286,-0.4345159395690814,0.0
1759838834.7338665,1,-1.2050001621245956,-0.8299997448920943,-0.7177030444144975,0.0,-1.734999179840088,-0.34999901056289673,-0.7177046537399292,0.0,-1.9499999253864349,0.19700005619322286,-0.4345159395690814,0.0
1759838834.7442012,1,-1.2050001621245956,-0.8299997448920943,-0.7177030444144975,0.0,-1.734999179840088,-0.34999901056289673,-0.7177046537399292,0.0,-1.9499999253864349,0.19700005619322286,-0.4345159395690814,0.0
1759838834.7584352,1,-1.2050001621245956,-0.8299997448920943,-0.7177030444144975,0.0,-1.734999179840088,-0.34999901056289673,-0.7177046537399292,0.0,-1.9499999253864349,0.19700005619322286,-0.4345159395690814,0.0
1759838834.7691858,1,-1.2050001621245956,-0.8299997448920943,-0.7177030444144975,0.0,-1.734999179840088,-0.34999901056289673,-0.7177046537399292,0.0,-1.9499999253864349,0.19700005619322286,-0.4345159395690814,0.0
1759838834.779691,1,-1.2050001621245956,-0.8299997448920943,-0.7177030444144975,0.0,-1.734999179840088,-0.34999901056289673,-0.7177046537399292,0.0,-1.9499999253864349,0.19700005619322286,-0.4345159395690814,0.0
1759838834.7908669,1,-1.2050001621245956,-0.8299997448920943,-0.7177030444144975,0.0,-1.734999179840088,-0.34999901056289673,-0.7177046537399292,0.0,-1.9499999253864349,0.19700005619322286,-0.4345159395690814,0.0
1759838834.8063042,1,-1.2050001621245956,-0.8299997448920943,-0.7177030444144975,0.0,-1.734999179840088,-0.34999901056289673,-0.7177046537399292,0.0,-1.9499999253864349,0.19700005619322286,-0.4345159395690814,0.0
1759838834.8145485,1,-1.2050001621245956,-0.8299997448920943,-0.7177030444144975,0.0,-1.734999179840088,-0.34999901056289673,-0.7177046537399292,0.0,-1.9499999253864349,0.19700005619322286,-0.4345159395690814,0.0
1759838834.8255577,1,-1.2050001621245956,-0.8299997448920943,-0.7177030444144975,0.0,-1.734999179840088,-0.34999901056289673,-0.7177046537399292,0.0,-1.9499999253864349,0.19700005619322286,-0.4345159395690814,0.0
1759838834.8493314,1,-1.2050001621245956,-0.8299997448920943,-0.7177030444144975,0.0,-1.734999179840088,-0.34999901056289673,-0.7177046537399292,0.0,-1.9499999253864349,0.19700005619322286,-0.4345159395690814,0.0
1759838834.8606904,1,-1.2050001621245956,-0.8299997448920943,-0.7177030444144975,0.0,-1.734999179840088,-0.34999901056289673,-0.7177046537399292,0.0,-1.9499999253864349,0.19700005619322286,-0.4345159395690814,0.0
1759838834.8714542,1,-1.2050001621245956,-0.8299997448920943,-0.7177030444144975,0.0,-1.734999179840088,-0.34999901056289673,-0.7177046537399292,0.0,-1.9499999253864349,0.19700005619322286,-0.4345159395690814,0.0
1759838834.882765,1,-1.2050001621245956,-0.8299997448920943,-0.7177030444144975,0.0,-1.734999179840088,-0.34999901056289673,-0.7177046537399292,0.0,-1.9499999253864349,0.19700005619322286,-0.4345159395690814,0.0
1759838834.8939502,1,-1.2050001621245956,-0.8299997448920943,-0.7177030444144975,0.0,-1.734999179840088,-0.34999901056289673,-0.7177046537399292,0.0,-1.9499999253864349,0.19700005619322286,-0.4345159395690814,0.0
1759838834.9054794,1,-1.2050001621245956,-0.8299997448920943,-0.7177030444144975,0.0,-1.734999179840088,-0.34999901056289673,-0.7177046537399292,0.0,-1.9499999253864349,0.19700005619322286,-0.4345159395690814,0.0
1759838834.9160144,1,-1.2050001621245956,-0.8299997448920943,-0.7177030444144975,0.0,-1.734999179840088,-0.34999901056289673,-0.7177046537399292,0.0,-1.9499999253864349,0.19700005619322286,-0.4345159395690814,0.0
1759838834.9277394,1,-1.2050001621245956,-0.8299997448920943,-0.7177030444144975,0.0,-1.734999179840088,-0.34999901056289673,-0.7177046537399292,0.0,-1.9499999253864349,0.19700005619322286,-0.4345159395690814,0.0
1759838834.938148,1,-1.2050001621245956,-0.8299997448920943,-0.7177030444144975,0.0,-1.734999179840088,-0.34999901056289673,-0.7177046537399292,0.0,-1.9499999253864349,0.19700005619322286,-0.4345159395690814,0.0
1759838834.9501889,1,-1.2050001621245956,-0.8299997448920943,-0.7177030444144975,0.0,-1.734999179840088,-0.34999901056289673,-0.7177046537399292,0.0,-1.9499999253864349,0.19700005619322286,-0.4345159395690814,0.0
1759838834.9602761,1,-1.2050001621245956,-0.8299997448920943,-0.7177030444144975,0.0,-1.734999179840088,-0.34999901056289673,-0.7177046537399292,0.0,-1.9499999253864349,0.19700005619322286,-0.4345159395690814,0.0
1759838834.9715252,1,-1.2050001621245956,-0.8299997448920943,-0.7177030444144975,0.0,-1.734999179840088,-0.34999901056289673,-0.7177046537399292,0.0,-1.9499999253864349,0.19700005619322286,-0.4345159395690814,0.0
1759838834.9830418,1,-1.2050001621245956,-0.8299997448920943,-0.7177030444144975,0.0,-1.734999179840088,-0.34999901056289673,-0.7177046537399292,0.0,-1.9499999253864349,0.19700005619322286,-0.4345159395690814,0.0
1759838834.9949582,1,-1.2050001621245956,-0.8299997448920943,-0.7177030444144975,0.0,-1.734999179840088,-0.34999901056289673,-0.7177046537399292,0.0,-1.9499999253864349,0.19700005619322286,-0.4345159395690814,0.0
1759838835.0157046,1,-1.2050001621245956,-0.8299997448920943,-0.7177030444144975,0.0,-1.734999179840088,-0.34999901056289673,-0.7177046537399292,0.0,-1.9499999253864349,0.19700005619322286,-0.4345159395690814,0.0
1759838835.0268123,1,-1.2050001621245956,-0.8299997448920943,-0.7177030444144975,0.0,-1.734999179840088,-0.34999901056289673,-0.7177046537399292,0.0,-1.9499999253864349,0.19700005619322286,-0.4345159395690814,0.0
1759838835.0390432,1,-1.2050001621245956,-0.8299997448920943,-0.7177030444144975,0.0,-1.734999179840088,-0.34999901056289673,-0.7177046537399292,0.0,-1.9499999253864349,0.19700005619322286,-0.4345159395690814,0.0
1759838835.0505176,1,-1.2050001621245956,-0.8299997448920943,-0.7177030444144975,0.0,-1.734999179840088,-0.34999901056289673,-0.7177046537399292,0.0,-1.9499999253864349,0.19700005619322286,-0.4345159395690814,0.0
1759838835.0608044,1,-1.2050001621245956,-0.8299997448920943,-0.7177030444144975,0.0,-1.734999179840088,-0.34999901056289673,-0.7177046537399292,0.0,-1.9499999253864349,0.19700005619322286,-0.4345159395690814,0.0
1759838835.0709462,1,-1.2050001621245956,-0.8299997448920943,-0.7177030444144975,0.0,-1.734999179840088,-0.34999901056289673,-0.7177046537399292,0.0,-1.9499999253864349,0.19700005619322286,-0.4345159395690814,0.0
1759838835.0892136,1,-1.2050001621245956,-0.8299997448920943,-0.7177030444144975,0.0,-1.734999179840088,-0.34999901056289673,-0.7177046537399292,0.0,-1.9499999253864349,0.19700005619322286,-0.4345159395690814,0.0
1759838835.1010168,1,-1.2050001621245956,-0.8299997448920943,-0.7177030444144975,0.0,-1.734999179840088,-0.34999901056289673,-0.7177046537399292,0.0,-1.9499999253864349,0.19700005619322286,-0.4345159395690814,0.0
1759838835.1125007,1,-1.2050001621245956,-0.8299997448920943,-0.7177030444144975,0.0,-1.734999179840088,-0.34999901056289673,-0.7177046537399292,0.0,-1.9499999253864349,0.19700005619322286,-0.4345159395690814,0.0
1759838835.133156,1,-1.2050001621245956,-0.8299997448920943,-0.7177030444144975,0.0,-1.734999179840088,-0.34999901056289673,-0.7177046537399292,0.0,-1.9499999253864349,0.19700005619322286,-0.4345159395690814,0.0
1759838835.1461754,1,-1.2050001621245956,-0.8299997448920943,-0.7177030444144975,0.0,-1.734999179840088,-0.34999901056289673,-0.7177046537399292,0.0,-1.9499999253864349,0.19700005619322286,-0.4345159395690814,0.0
1759838835.160952,1,-1.2050001621245956,-0.8299997448920943,-0.7177030444144975,0.0,-1.734999179840088,-0.34999901056289673,-0.7177046537399292,0.0,-1.9499999253864349,0.19700005619322286,-0.4345159395690814,0.0
1759838835.173232,1,-1.2050001621245956,-0.8299997448920943,-0.7177030444144975,0.0,-1.734999179840088,-0.34999901056289673,-0.7177046537399292,0.0,-1.9499999253864349,0.19700005619322286,-0.4345159395690814,0.0
1759838835.1846654,1,-1.2050001621245956,-0.8299997448920943,-0.7177030444144975,0.0,-1.734999179840088,-0.34999901056289673,-0.7177046537399292,0.0,-1.9499999253864349,0.19700005619322286,-0.4345159395690814,0.0
1759838835.2001646,1,-1.2050001621245956,-0.8299997448920943,-0.7177030444144975,0.0,-1.734999179840088,-0.34999901056289673,-0.7177046537399292,0.0,-1.9499999253864349,0.19700005619322286,-0.4345159395690814,0.0
1759838835.221169,1,-1.2050001621245956,-0.8299997448920943,-0.7177030444144975,0.0,-1.734999179840088,-0.34999901056289673,-0.7177046537399292,0.0,-1.9499999253864349,0.19700005619322286,-0.4345159395690814,0.0
1759838835.2339556,1,-1.2050001621245956,-0.8299997448920943,-0.7177030444144975,0.0,-1.734999179840088,-0.34999901056289673,-0.7177046537399292,0.0,-1.9499999253864349,0.19700005619322286,-0.4345159395690814,0.0
1759838835.249119,1,-1.2050001621245956,-0.8299997448920943,-0.7177030444144975,0.0,-1.734999179840088,-0.34999901056289673,-0.7177046537399292,0.0,-1.9499999253864349,0.19700005619322286,-0.4345159395690814,0.0
1759838835.2598472,1,-1.2050001621245956,-0.8299997448920943,-0.7177030444144975,0.0,-1.734999179840088,-0.34999901056289673,-0.7177046537399292,0.0,-1.9499999253864349,0.19700005619322286,-0.4345159395690814,0.0
1759838835.2707884,1,-1.2050001621245956,-0.8299997448920943,-0.7177030444144975,0.0,-1.734999179840088,-0.34999901056289673,-0.7177046537399292,0.0,-1.9499999253864349,0.19700005619322286,-0.4345159395690814,0.0
1759838835.2827601,1,-1.2050001621245956,-0.8299997448920943,-0.7177030444144975,0.0,-1.734999179840088,-0.34999901056289673,-0.7177046537399292,0.0,-1.9499999253864349,0.19700005619322286,-0.4345159395690814,0.0
1759838835.306425,1,-1.2050001621245956,-0.8299997448920943,-0.7177030444144975,0.0,-1.734999179840088,-0.34999901056289673,-0.7177046537399292,0.0,-1.9499999253864349,0.19700005619322286,-0.4345159395690814,0.0
1759838835.3171594,1,-1.2050001621245956,-0.8299997448920943,-0.7177030444144975,0.0,-1.734999179840088,-0.34999901056289673,-0.7177046537399292,0.0,-1.9499999253864349,0.19700005619322286,-0.4345159395690814,0.0
1759838835.3295155,1,-1.2050001621245956,-0.8299997448920943,-0.7177030444144975,0.0,-1.734999179840088,-0.34999901056289673,-0.7177046537399292,0.0,-1.9499999253864349,0.19700005619322286,-0.4345159395690814,0.0
1759838835.339942,1,-1.2050001621245956,-0.8299997448920943,-0.7177030444144975,0.0,-1.734999179840088,-0.34999901056289673,-0.7177046537399292,0.0,-1.9499999253864349,0.19700005619322286,-0.4345159395690814,0.0
1759838835.3510492,1,-1.2050001621245956,-0.8299997448920943,-0.7177030444144975,0.0,-1.734999179840088,-0.34999901056289673,-0.7177046537399292,0.0,-1.9499999253864349,0.19700005619322286,-0.4345159395690814,0.0
1759838835.3623369,1,-1.2050001621245956,-0.8299997448920943,-0.7177030444144975,0.0,-1.734999179840088,-0.34999901056289673,-0.7177046537399292,0.0,-1.9499999253864349,0.19700005619322286,-0.4345159395690814,0.0
1759838835.3741207,1,-1.2050001621245956,-0.8299997448920943,-0.7177030444144975,0.0,-1.734999179840088,-0.34999901056289673,-0.7177046537399292,0.0,-1.9499999253864349,0.19700005619322286,-0.4345159395690814,0.0
1759838835.3850205,1,-1.2050001621245956,-0.8299997448920943,-0.7177030444144975,0.0,-1.734999179840088,-0.34999901056289673,-0.7177046537399292,0.0,-1.9499999253864349,0.19700005619322286,-0.4345159395690814,0.0
1759838835.3951552,1,-1.2050001621245956,-0.8299997448920943,-0.7177030444144975,0.0,-1.734999179840088,-0.34999901056289673,-0.7177046537399292,0.0,-1.9499999253864349,0.19700005619322286,-0.4345159395690814,0.0
1759838835.4059246,1,-1.2050001621245956,-0.8299997448920943,-0.7177030444144975,0.0,-1.734999179840088,-0.34999901056289673,-0.7177046537399292,0.0,-1.9499999253864349,0.19700005619322286,-0.4345159395690814,0.0
1759838835.431052,1,-1.2050001621245956,-0.8299997448920943,-0.7177030444144975,0.0,-1.734999179840088,-0.34999901056289673,-0.7177046537399292,0.0,-1.9499999253864349,0.19700005619322286,-0.4345159395690814,0.0
1759838835.4434812,1,-1.2050001621245956,-0.8299997448920943,-0.7177030444144975,0.0,-1.734999179840088,-0.34999901056289673,-0.7177046537399292,0.0,-1.9499999253864349,0.19700005619322286,-0.4345159395690814,0.0
1759838835.454146,1,-1.2050001621245956,-0.8299997448920943,-0.7177030444144975,0.0,-1.734999179840088,-0.34999901056289673,-0.7177046537399292,0.0,-1.9499999253864349,0.19700005619322286,-0.4345159395690814,0.0
1759838835.46771,1,-1.2050001621245956,-0.8299997448920943,-0.7177030444144975,0.0,-1.734999179840088,-0.34999901056289673,-0.7177046537399292,0.0,-1.9499999253864349,0.19700005619322286,-0.4345159395690814,0.0
1759838835.4838414,1,-1.2050001621245956,-0.8299997448920943,-0.7177030444144975,0.0,-1.734999179840088,-0.34999901056289673,-0.7177046537399292,0.0,-1.9499999253864349,0.19700005619322286,-0.4345159395690814,0.0
1759838835.5013044,1,-1.2050001621245956,-0.8299997448920943,-0.7177030444144975,0.0,-1.734999179840088,-0.34999901056289673,-0.7177046537399292,0.0,-1.9499999253864349,0.19700005619322286,-0.4345159395690814,0.0
1759838835.5115054,1,-1.2050001621245956,-0.8299997448920943,-0.7177030444144975,0.0,-1.734999179840088,-0.34999901056289673,-0.7177046537399292,0.0,-1.9499999253864349,0.19700005619322286,-0.4345159395690814,0.0
1759838835.5278444,1,-1.2050001621245956,-0.8299997448920943,-0.7177030444144975,0.0,-1.734999179840088,-0.34999901056289673,-0.7177046537399292,0.0,-1.9499999253864349,0.19700005619322286,-0.4345159395690814,0.0
1759838835.5442882,1,-1.2050001621245956,-0.8299997448920943,-0.7177030444144975,0.0,-1.734999179840088,-0.34999901056289673,-0.7177046537399292,0.0,-1.9499999253864349,0.19700005619322286,-0.4345159395690814,0.0
1759838835.5557437,1,-1.2050001621245956,-0.8299997448920943,-0.7177030444144975,0.0,-1.734999179840088,-0.34999901056289673,-0.7177046537399292,0.0,-1.9499999253864349,0.19700005619322286,-0.4345159395690814,0.0
1759838835.5705876,1,-1.2050001621245956,-0.8299997448920943,-0.7177030444144975,0.0,-1.734999179840088,-0.34999901056289673,-0.7177046537399292,0.0,-1.9499999253864349,0.19700005619322286,-0.4345159395690814,0.0
1759838835.5816283,1,-1.2050001621245956,-0.8299997448920943,-0.7177030444144975,0.0,-1.734999179840088,-0.34999901056289673,-0.7177046537399292,0.0,-1.9499999253864349,0.19700005619322286,-0.4345159395690814,0.0
1759838835.5943925,1,-1.2050001621245956,-0.8299997448920943,-0.7177030444144975,0.0,-1.734999179840088,-0.34999901056289673,-0.7177046537399292,0.0,-1.9499999253864349,0.19700005619322286,-0.4345159395690814,0.0
1759838835.604793,1,-1.2050001621245956,-0.8299997448920943,-0.7177030444144975,0.0,-1.734999179840088,-0.34999901056289673,-0.7177046537399292,0.0,-1.9499999253864349,0.19700005619322286,-0.4345159395690814,0.0
1759838835.6186223,1,-1.2050001621245956,-0.8299997448920943,-0.7177030444144975,0.0,-1.734999179840088,-0.34999901056289673,-0.7177046537399292,0.0,-1.9499999253864349,0.19700005619322286,-0.4345159395690814,0.0
1759838835.639487,1,-1.2050001621245956,-0.8299997448920943,-0.7177030444144975,0.0,-1.734999179840088,-0.34999901056289673,-0.7177046537399292,0.0,-1.9499999253864349,0.19700005619322286,-0.4345159395690814,0.0
1759838835.6484318,1,-1.2050001621245956,-0.8299997448920943,-0.7177030444144975,0.0,-1.734999179840088,-0.34999901056289673,-0.7177046537399292,0.0,-1.9499999253864349,0.19700005619322286,-0.4345159395690814,0.0
1759838835.6585014,1,-1.2050001621245956,-0.8299997448920943,-0.7177030444144975,0.0,-1.734999179840088,-0.34999901056289673,-0.7177046537399292,0.0,-1.9499999253864349,0.19700005619322286,-0.4345159395690814,0.0
1759838835.6705344,1,-1.2050001621245956,-0.8299997448920943,-0.7177030444144975,0.0,-1.734999179840088,-0.34999901056289673,-0.7177046537399292,0.0,-1.9499999253864349,0.19700005619322286,-0.4345159395690814,0.0
1759838835.680623,1,-1.2050001621245956,-0.8299997448920943,-0.7177030444144975,0.0,-1.734999179840088,-0.34999901056289673,-0.7177046537399292,0.0,-1.9499999253864349,0.19700005619322286,-0.4345159395690814,0.0
1759838835.693689,1,-1.2050001621245956,-0.8299997448920943,-0.7177030444144975,0.0,-1.734999179840088,-0.34999901056289673,-0.7177046537399292,0.0,-1.9499999253864349,0.19700005619322286,-0.4345159395690814,0.0
1759838835.7043777,1,-1.2050001621245956,-0.8299997448920943,-0.7177030444144975,0.0,-1.734999179840088,-0.34999901056289673,-0.7177046537399292,0.0,-1.9499999253864349,0.19700005619322286,-0.4345159395690814,0.0
1759838835.7182407,1,-1.2050001621245956,-0.8299997448920943,-0.7177030444144975,0.0,-1.734999179840088,-0.34999901056289673,-0.7177046537399292,0.0,-1.9499999253864349,0.19700005619322286,-0.4345159395690814,0.0
1759838835.733357,1,-1.2050001621245956,-0.8299997448920943,-0.7177030444144975,0.0,-1.734999179840088,-0.34999901056289673,-0.7177046537399292,0.0,-1.9499999253864349,0.19700005619322286,-0.4345159395690814,0.0
1759838835.7436337,1,-1.2050001621245956,-0.8299997448920943,-0.7177030444144975,0.0,-1.734999179840088,-0.34999901056289673,-0.7177046537399292,0.0,-1.9499999253864349,0.19700005619322286,-0.4345159395690814,0.0
1759838835.7551165,1,-1.2050001621245956,-0.8299997448920943,-0.7177030444144975,0.0,-1.734999179840088,-0.34999901056289673,-0.7177046537399292,0.0,-1.9499999253864349,0.19700005619322286,-0.4345159395690814,0.0
1759838835.7673094,1,-1.2050001621245956,-0.8299997448920943,-0.7177030444144975,0.0,-1.734999179840088,-0.34999901056289673,-0.7177046537399292,0.0,-1.9499999253864349,0.19700005619322286,-0.4345159395690814,0.0
1759838835.7843919,1,-1.2050001621245956,-0.8299997448920943,-0.7177030444144975,0.0,-1.734999179840088,-0.34999901056289673,-0.7177046537399292,0.0,-1.9499999253864349,0.19700005619322286,-0.4345159395690814,0.0
1759838835.7952738,1,-1.2050001621245956,-0.8299997448920943,-0.7177030444144975,0.0,-1.734999179840088,-0.34999901056289673,-0.7177046537399292,0.0,-1.9499999253864349,0.19700005619322286,-0.4345159395690814,0.0
1759838835.8080182,1,-1.2050001621245956,-0.8299997448920943,-0.7177030444144975,0.0,-1.734999179840088,-0.34999901056289673,-0.7177046537399292,0.0,-1.9499999253864349,0.19700005619322286,-0.4345159395690814,0.0
1759838835.8192492,1,-1.2050001621245956,-0.8299997448920943,-0.7177030444144975,0.0,-1.734999179840088,-0.34999901056289673,-0.7177046537399292,0.0,-1.9499999253864349,0.19700005619322286,-0.4345159395690814,0.0
1759838835.8329504,1,-1.2050001621245956,-0.8299997448920943,-0.7177030444144975,0.0,-1.734999179840088,-0.34999901056289673,-0.7177046537399292,0.0,-1.9499999253864349,0.19700005619322286,-0.4345159395690814,0.0
1759838835.8502333,1,-1.2050001621245956,-0.8299997448920943,-0.7177030444144975,0.0,-1.734999179840088,-0.34999901056289673,-0.7177046537399292,0.0,-1.9499999253864349,0.19700005619322286,-0.4345159395690814,0.0
1759838835.86151,1,-1.2050001621245956,-0.8299997448920943,-0.7177030444144975,0.0,-1.734999179840088,-0.34999901056289673,-0.7177046537399292,0.0,-1.9499999253864349,0.19700005619322286,-0.4345159395690814,0.0
1759838835.8759809,1,-1.2050001621245956,-0.8299997448920943,-0.7177030444144975,0.0,-1.734999179840088,-0.34999901056289673,-0.7177046537399292,0.0,-1.9499999253864349,0.19700005619322286,-0.4345159395690814,0.0
1759838835.8873947,1,-1.2050001621245956,-0.8299997448920943,-0.7177030444144975,0.0,-1.734999179840088,-0.34999901056289673,-0.7177046537399292,0.0,-1.9499999253864349,0.19700005619322286,-0.4345159395690814,0.0
1759838835.8988233,1,-1.2050001621245956,-0.8299997448920943,-0.7177030444144975,0.0,-1.734999179840088,-0.34999901056289673,-0.7177046537399292,0.0,-1.9499999253864349,0.19700005619322286,-0.4345159395690814,0.0
1759838835.909747,1,-1.2050001621245956,-0.8299997448920943,-0.7177030444144975,0.0,-1.734999179840088,-0.34999901056289673,-0.7177046537399292,0.0,-1.9499999253864349,0.19700005619322286,-0.4345159395690814,0.0
1759838835.9219246,1,-1.2050001621245956,-0.8299997448920943,-0.7177030444144975,0.0,-1.734999179840088,-0.34999901056289673,-0.7177046537399292,0.0,-1.9499999253864349,0.19700005619322286,-0.4345159395690814,0.0
1759838835.9319835,1,-1.2050001621245956,-0.8299997448920943,-0.7177030444144975,0.0,-1.734999179840088,-0.34999901056289673,-0.7177046537399292,0.0,-1.9499999253864349,0.19700005619322286,-0.4345159395690814,0.0
1759838835.9437773,1,-1.2050001621245956,-0.8299997448920943,-0.7177030444144975,0.0,-1.734999179840088,-0.34999901056289673,-0.7177046537399292,0.0,-1.9499999253864349,0.19700005619322286,-0.4345159395690814,0.0
1759838835.9540322,1,-1.2050001621245956,-0.8299997448920943,-0.7177030444144975,0.0,-1.734999179840088,-0.34999901056289673,-0.7177046537399292,0.0,-1.9499999253864349,0.19700005619322286,-0.4345159395690814,0.0
1759838835.9663482,1,-1.2050001621245956,-0.8299997448920943,-0.7177030444144975,0.0,-1.734999179840088,-0.34999901056289673,-0.7177046537399292,0.0,-1.9499999253864349,0.19700005619322286,-0.4345159395690814,0.0
1759838835.982886,1,-1.2050001621245956,-0.8299997448920943,-0.7177030444144975,0.0,-1.734999179840088,-0.34999901056289673,-0.7177046537399292,0.0,-1.9499999253864349,0.19700005619322286,-0.4345159395690814,0.0
1759838835.9953423,1,-1.2050001621245956,-0.8299997448920943,-0.7177030444144975,0.0,-1.734999179840088,-0.34999901056289673,-0.7177046537399292,0.0,-1.9499999253864349,0.19700005619322286,-0.4345159395690814,0.0
1759838836.006034,1,-1.2050001621245956,-0.8299997448920943,-0.7177030444144975,0.0,-1.734999179840088,-0.34999901056289673,-0.7177046537399292,0.0,-1.9499999253864349,0.19700005619322286,-0.4345159395690814,0.0
1759838836.0175145,1,-1.2050001621245956,-0.8299997448920943,-0.7177030444144975,0.0,-1.734999179840088,-0.34999901056289673,-0.7177046537399292,0.0,-1.9499999253864349,0.19700005619322286,-0.4345159395690814,0.0
1759838836.0287387,1,-1.2050001621245956,-0.8299997448920943,-0.7177030444144975,0.0,-1.734999179840088,-0.34999901056289673,-0.7177046537399292,0.0,-1.9499999253864349,0.19700005619322286,-0.4345159395690814,0.0
1759838836.0401042,1,-1.2050001621245956,-0.8299997448920943,-0.7177030444144975,0.0,-1.734999179840088,-0.34999901056289673,-0.7177046537399292,0.0,-1.9499999253864349,0.19700005619322286,-0.4345159395690814,0.0
1759838836.0601766,1,-1.2050001621245956,-0.8299997448920943,-0.7177030444144975,0.0,-1.734999179840088,-0.34999901056289673,-0.7177046537399292,0.0,-1.9499999253864349,0.19700005619322286,-0.4345159395690814,0.0
1759838836.0740638,1,-1.2050001621245956,-0.8299997448920943,-0.7177030444144975,0.0,-1.734999179840088,-0.34999901056289673,-0.7177046537399292,0.0,-1.9499999253864349,0.19700005619322286,-0.4345159395690814,0.0
1759838836.0854952,1,-1.2050001621245956,-0.8299997448920943,-0.7177030444144975,0.0,-1.734999179840088,-0.34999901056289673,-0.7177046537399292,0.0,-1.9499999253864349,0.19700005619322286,-0.4345159395690814,0.0
1759838836.1029608,1,-1.2050001621245956,-0.8299997448920943,-0.7177030444144975,0.0,-1.734999179840088,-0.34999901056289673,-0.7177046537399292,0.0,-1.9499999253864349,0.19700005619322286,-0.4345159395690814,0.0
1759838836.1143079,1,-1.2050001621245956,-0.8299997448920943,-0.7177030444144975,0.0,-1.734999179840088,-0.34999901056289673,-0.7177046537399292,0.0,-1.9499999253864349,0.19700005619322286,-0.4345159395690814,0.0
1759838836.1301212,1,-1.2050001621245956,-0.8299997448920943,-0.7177030444144975,0.0,-1.734999179840088,-0.34999901056289673,-0.7177046537399292,0.0,-1.9499999253864349,0.19700005619322286,-0.4345159395690814,0.0
1759838836.1405115,1,-1.2050001621245956,-0.8299997448920943,-0.7177030444144975,0.0,-1.734999179840088,-0.34999901056289673,-0.7177046537399292,0.0,-1.9499999253864349,0.19700005619322286,-0.4345159395690814,0.0
1759838836.1510258,1,-1.2050001621245956,-0.8299997448920943,-0.7177030444144975,0.0,-1.734999179840088,-0.34999901056289673,-0.7177046537399292,0.0,-1.9499999253864349,0.19700005619322286,-0.4345159395690814,0.0
1759838836.1633608,1,-1.2050001621245956,-0.8299997448920943,-0.7177030444144975,0.0,-1.734999179840088,-0.34999901056289673,-0.7177046537399292,0.0,-1.9499999253864349,0.19700005619322286,-0.4345159395690814,0.0
1759838836.17428,1,-1.2050001621245956,-0.8299997448920943,-0.7177030444144975,0.0,-1.734999179840088,-0.34999901056289673,-0.7177046537399292,0.0,-1.9499999253864349,0.19700005619322286,-0.4345159395690814,0.0
1759838836.188449,1,-1.2050001621245956,-0.8299997448920943,-0.7177030444144975,0.0,-1.734999179840088,-0.34999901056289673,-0.7177046537399292,0.0,-1.9499999253864349,0.19700005619322286,-0.4345159395690814,0.0
1759838836.199135,1,-1.2050001621245956,-0.8299997448920943,-0.7177030444144975,0.0,-1.734999179840088,-0.34999901056289673,-0.7177046537399292,0.0,-1.9499999253864349,0.19700005619322286,-0.4345159395690814,0.0
1759838836.2126083,1,-1.2050001621245956,-0.8299997448920943,-0.7177030444144975,0.0,-1.734999179840088,-0.34999901056289673,-0.7177046537399292,0.0,-1.9499999253864349,0.19700005619322286,-0.4345159395690814,0.0
1759838836.2233639,1,-1.2050001621245956,-0.8299997448920943,-0.7177030444144975,0.0,-1.734999179840088,-0.34999901056289673,-0.7177046537399292,0.0,-1.9499999253864349,0.19700005619322286,-0.4345159395690814,0.0
1759838836.2363467,1,-1.2050001621245956,-0.8299997448920943,-0.7177030444144975,0.0,-1.734999179840088,-0.34999901056289673,-0.7177046537399292,0.0,-1.9499999253864349,0.19700005619322286,-0.4345159395690814,0.0
1759838836.2471402,1,-1.2050001621245956,-0.8299997448920943,-0.7177030444144975,0.0,-1.734999179840088,-0.34999901056289673,-0.7177046537399292,0.0,-1.9499999253864349,0.19700005619322286,-0.4345159395690814,0.0
1759838836.2712893,1,-1.2050001621245956,-0.8299997448920943,-0.7177030444144975,0.0,-1.734999179840088,-0.34999901056289673,-0.7177046537399292,0.0,-1.9499999253864349,0.19700005619322286,-0.4345159395690814,0.0
1759838836.283059,1,-1.2050001621245956,-0.8299997448920943,-0.7177030444144975,0.0,-1.734999179840088,-0.34999901056289673,-0.7177046537399292,0.0,-1.9499999253864349,0.19700005619322286,-0.4345159395690814,0.0
1759838836.2946532,1,-1.2050001621245956,-0.8299997448920943,-0.7177030444144975,0.0,-1.734999179840088,-0.34999901056289673,-0.7177046537399292,0.0,-1.9499999253864349,0.19700005619322286,-0.4345159395690814,0.0
1759838836.305631,1,-1.2050001621245956,-0.8299997448920943,-0.7177030444144975,0.0,-1.734999179840088,-0.34999901056289673,-0.7177046537399292,0.0,-1.9499999253864349,0.19700005619322286,-0.4345159395690814,0.0
1759838836.320041,1,-1.2050001621245956,-0.8299997448920943,-0.7177030444144975,0.0,-1.734999179840088,-0.34999901056289673,-0.7177046537399292,0.0,-1.9499999253864349,0.19700005619322286,-0.4345159395690814,0.0
1759838836.3314137,1,-1.2050001621245956,-0.8299997448920943,-0.7177030444144975,0.0,-1.734999179840088,-0.34999901056289673,-0.7177046537399292,0.0,-1.9499999253864349,0.19700005619322286,-0.4345159395690814,0.0
1759838836.3469641,1,-1.2050001621245956,-0.8299997448920943,-0.7177030444144975,0.0,-1.734999179840088,-0.34999901056289673,-0.7177046537399292,0.0,-1.9499999253864349,0.19700005619322286,-0.4345159395690814,0.0
1759838836.3584583,1,-1.2050001621245956,-0.8299997448920943,-0.7177030444144975,0.0,-1.734999179840088,-0.34999901056289673,-0.7177046537399292,0.0,-1.9499999253864349,0.19700005619322286,-0.4345159395690814,0.0
1759838836.372179,1,-1.2050001621245956,-0.8299997448920943,-0.7177030444144975,0.0,-1.734999179840088,-0.34999901056289673,-0.7177046537399292,0.0,-1.9499999253864349,0.19700005619322286,-0.4345159395690814,0.0
1759838836.3836043,1,-1.2050001621245956,-0.8299997448920943,-0.7177030444144975,0.0,-1.734999179840088,-0.34999901056289673,-0.7177046537399292,0.0,-1.9499999253864349,0.19700005619322286,-0.4345159395690814,0.0
1759838836.3975687,1,-1.2050001621245956,-0.8299997448920943,-0.7177030444144975,0.0,-1.734999179840088,-0.34999901056289673,-0.7177046537399292,0.0,-1.9499999253864349,0.19700005619322286,-0.4345159395690814,0.0
1759838836.4083085,1,-1.2050001621245956,-0.8299997448920943,-0.7177030444144975,0.0,-1.734999179840088,-0.34999901056289673,-0.7177046537399292,0.0,-1.9499999253864349,0.19700005619322286,-0.4345159395690814,0.0
1759838836.4197385,1,-1.2050001621245956,-0.8299997448920943,-0.7177030444144975,0.0,-1.734999179840088,-0.34999901056289673,-0.7177046537399292,0.0,-1.9499999253864349,0.19700005619322286,-0.4345159395690814,0.0
1759838836.4310682,1,-1.2050001621245956,-0.8299997448920943,-0.7177030444144975,0.0,-1.734999179840088,-0.34999901056289673,-0.7177046537399292,0.0,-1.9499999253864349,0.19700005619322286,-0.4345159395690814,0.0
1759838836.4418855,1,-1.2050001621245956,-0.8299997448920943,-0.7177030444144975,0.0,-1.734999179840088,-0.34999901056289673,-0.7177046537399292,0.0,-1.9499999253864349,0.19700005619322286,-0.4345159395690814,0.0
1759838836.4563308,1,-1.2050001621245956,-0.8299997448920943,-0.7177030444144975,0.0,-1.734999179840088,-0.34999901056289673,-0.7177046537399292,0.0,-1.9499999253864349,0.19700005619322286,-0.4345159395690814,0.0
1759838836.4720716,1,-1.2050001621245956,-0.8299997448920943,-0.7177030444144975,0.0,-1.734999179840088,-0.34999901056289673,-0.7177046537399292,0.0,-1.9499999253864349,0.19700005619322286,-0.4345159395690814,0.0
1759838836.4862185,1,-1.2050001621245956,-0.8299997448920943,-0.7177030444144975,0.0,-1.734999179840088,-0.34999901056289673,-0.7177046537399292,0.0,-1.9499999253864349,0.19700005619322286,-0.4345159395690814,0.0
1759838836.4993343,1,-1.2050001621245956,-0.8299997448920943,-0.7177030444144975,0.0,-1.734999179840088,-0.34999901056289673,-0.7177046537399292,0.0,-1.9499999253864349,0.19700005619322286,-0.4345159395690814,0.0
1759838836.509602,1,-1.2050001621245956,-0.8299997448920943,-0.7177030444144975,0.0,-1.734999179840088,-0.34999901056289673,-0.7177046537399292,0.0,-1.9499999253864349,0.19700005619322286,-0.4345159395690814,0.0
1759838836.5196805,1,-1.2050001621245956,-0.8299997448920943,-0.7177030444144975,0.0,-1.734999179840088,-0.34999901056289673,-0.7177046537399292,0.0,-1.9499999253864349,0.19700005619322286,-0.4345159395690814,0.0
1759838836.5311809,1,-1.2050001621245956,-0.8299997448920943,-0.7177030444144975,0.0,-1.734999179840088,-0.34999901056289673,-0.7177046537399292,0.0,-1.9499999253864349,0.19700005619322286,-0.4345159395690814,0.0
1759838836.547681,1,-1.2050001621245956,-0.8299997448920943,-0.7177030444144975,0.0,-1.734999179840088,-0.34999901056289673,-0.7177046537399292,0.0,-1.9499999253864349,0.19700005619322286,-0.4345159395690814,0.0
1759838836.563102,1,-1.2050001621245956,-0.8299997448920943,-0.7177030444144975,0.0,-1.734999179840088,-0.34999901056289673,-0.7177046537399292,0.0,-1.9499999253864349,0.19700005619322286,-0.4345159395690814,0.0
1759838836.573404,1,-1.2050001621245956,-0.8299997448920943,-0.7177030444144975,0.0,-1.734999179840088,-0.34999901056289673,-0.7177046537399292,0.0,-1.9499999253864349,0.19700005619322286,-0.4345159395690814,0.0
1759838836.5863721,1,-1.2050001621245956,-0.8299997448920943,-0.7177030444144975,0.0,-1.734999179840088,-0.34999901056289673,-0.7177046537399292,0.0,-1.9499999253864349,0.19700005619322286,-0.4345159395690814,0.0
1759838836.596952,1,-1.2050001621245956,-0.8299997448920943,-0.7177030444144975,0.0,-1.734999179840088,-0.34999901056289673,-0.7177046537399292,0.0,-1.9499999253864349,0.19700005619322286,-0.4345159395690814,0.0
1759838836.6090572,1,-1.2050001621245956,-0.8299997448920943,-0.7177030444144975,0.0,-1.734999179840088,-0.34999901056289673,-0.7177046537399292,0.0,-1.9499999253864349,0.19700005619322286,-0.4345159395690814,0.0
1759838836.6200714,1,-1.2050001621245956,-0.8299997448920943,-0.7177030444144975,0.0,-1.734999179840088,-0.34999901056289673,-0.7177046537399292,0.0,-1.9499999253864349,0.19700005619322286,-0.4345159395690814,0.0
1759838836.6309953,1,-1.2050001621245956,-0.8299997448920943,-0.7177030444144975,0.0,-1.734999179840088,-0.34999901056289673,-0.7177046537399292,0.0,-1.9499999253864349,0.19700005619322286,-0.4345159395690814,0.0
1759838836.64233,1,-1.2050001621245956,-0.8299997448920943,-0.7177030444144975,0.0,-1.734999179840088,-0.34999901056289673,-0.7177046537399292,0.0,-1.9499999253864349,0.19700005619322286,-0.4345159395690814,0.0
1759838836.6527164,1,-1.2050001621245956,-0.8299997448920943,-0.7177030444144975,0.0,-1.734999179840088,-0.34999901056289673,-0.7177046537399292,0.0,-1.9499999253864349,0.19700005619322286,-0.4345159395690814,0.0
1759838836.6707842,1,-1.2050001621245956,-0.8299997448920943,-0.7177030444144975,0.0,-1.734999179840088,-0.34999901056289673,-0.7177046537399292,0.0,-1.9499999253864349,0.19700005619322286,-0.4345159395690814,0.0
1759838836.680604,1,-1.2050001621245956,-0.8299997448920943,-0.7177030444144975,0.0,-1.734999179840088,-0.34999901056289673,-0.7177046537399292,0.0,-1.9499999253864349,0.19700005619322286,-0.4345159395690814,0.0
1759838836.692105,1,-1.2050001621245956,-0.8299997448920943,-0.7177030444144975,0.0,-1.734999179840088,-0.34999901056289673,-0.7177046537399292,0.0,-1.9499999253864349,0.19700005619322286,-0.4345159395690814,0.0
1759838836.7026737,1,-1.2050001621245956,-0.8299997448920943,-0.7177030444144975,0.0,-1.734999179840088,-0.34999901056289673,-0.7177046537399292,0.0,-1.9499999253864349,0.19700005619322286,-0.4345159395690814,0.0
1759838836.7130063,1,-1.2050001621245956,-0.8299997448920943,-0.7177030444144975,0.0,-1.734999179840088,-0.34999901056289673,-0.7177046537399292,0.0,-1.9499999253864349,0.19700005619322286,-0.4345159395690814,0.0
1759838836.7251387,1,-1.2050001621245956,-0.8299997448920943,-0.7177030444144975,0.0,-1.734999179840088,-0.34999901056289673,-0.7177046537399292,0.0,-1.9499999253864349,0.19700005619322286,-0.4345159395690814,0.0
1759838836.7356892,1,-1.2050001621245956,-0.8299997448920943,-0.7177030444144975,0.0,-1.734999179840088,-0.34999901056289673,-0.7177046537399292,0.0,-1.9499999253864349,0.19700005619322286,-0.4345159395690814,0.0
1759838836.7466116,1,-1.2050001621245956,-0.8299997448920943,-0.7177030444144975,0.0,-1.734999179840088,-0.34999901056289673,-0.7177046537399292,0.0,-1.9499999253864349,0.19700005619322286,-0.4345159395690814,0.0
1759838836.7579067,1,-1.2050001621245956,-0.8299997448920943,-0.7177030444144975,0.0,-1.734999179840088,-0.34999901056289673,-0.7177046537399292,0.0,-1.9499999253864349,0.19700005619322286,-0.4345159395690814,0.0
1759838836.7689068,1,-1.2050001621245956,-0.8299997448920943,-0.7177030444144975,0.0,-1.734999179840088,-0.34999901056289673,-0.7177046537399292,0.0,-1.9499999253864349,0.19700005619322286,-0.4345159395690814,0.0
1759838836.7799027,1,-1.2050001621245956,-0.8299997448920943,-0.7177030444144975,0.0,-1.734999179840088,-0.34999901056289673,-0.7177046537399292,0.0,-1.9499999253864349,0.19700005619322286,-0.4345159395690814,0.0
1759838836.7913601,1,-1.2050001621245956,-0.8299997448920943,-0.7177030444144975,0.0,-1.734999179840088,-0.34999901056289673,-0.7177046537399292,0.0,-1.9499999253864349,0.19700005619322286,-0.4345159395690814,0.0
1759838836.8017547,1,-1.2050001621245956,-0.8299997448920943,-0.7177030444144975,0.0,-1.734999179840088,-0.34999901056289673,-0.7177046537399292,0.0,-1.9499999253864349,0.19700005619322286,-0.4345159395690814,0.0
1759838836.8150442,1,-1.2050001621245956,-0.8299997448920943,-0.7177030444144975,0.0,-1.734999179840088,-0.34999901056289673,-0.7177046537399292,0.0,-1.9499999253864349,0.19700005619322286,-0.4345159395690814,0.0
1759838836.8263478,1,-1.2050001621245956,-0.8299997448920943,-0.7177030444144975,0.0,-1.734999179840088,-0.34999901056289673,-0.7177046537399292,0.0,-1.9499999253864349,0.19700005619322286,-0.4345159395690814,0.0
1759838836.8375564,1,-1.2050001621245956,-0.8299997448920943,-0.7177030444144975,0.0,-1.734999179840088,-0.34999901056289673,-0.7177046537399292,0.0,-1.9499999253864349,0.19700005619322286,-0.4345159395690814,0.0
1759838836.8479714,1,-1.2050001621245956,-0.8299997448920943,-0.7177030444144975,0.0,-1.734999179840088,-0.34999901056289673,-0.7177046537399292,0.0,-1.9499999253864349,0.19700005619322286,-0.4345159395690814,0.0
1759838836.8594785,1,-1.2050001621245956,-0.8299997448920943,-0.7177030444144975,0.0,-1.734999179840088,-0.34999901056289673,-0.7177046537399292,0.0,-1.9499999253864349,0.19700005619322286,-0.4345159395690814,0.0
1759838836.8735113,1,-1.2050001621245956,-0.8299997448920943,-0.7177030444144975,0.0,-1.734999179840088,-0.34999901056289673,-0.7177046537399292,0.0,-1.9499999253864349,0.19700005619322286,-0.4345159395690814,0.0
1759838836.883877,1,-1.2050001621245956,-0.8299997448920943,-0.7177030444144975,0.0,-1.734999179840088,-0.34999901056289673,-0.7177046537399292,0.0,-1.9499999253864349,0.19700005619322286,-0.4345159395690814,0.0
1759838836.8945885,1,-1.2050001621245956,-0.8299997448920943,-0.7177030444144975,0.0,-1.734999179840088,-0.34999901056289673,-0.7177046537399292,0.0,-1.9499999253864349,0.19700005619322286,-0.4345159395690814,0.0
1759838836.904807,1,-1.2050001621245956,-0.8299997448920943,-0.7177030444144975,0.0,-1.734999179840088,-0.34999901056289673,-0.7177046537399292,0.0,-1.9499999253864349,0.19700005619322286,-0.4345159395690814,0.0
1759838836.9149952,1,-1.2050001621245956,-0.8299997448920943,-0.7177030444144975,0.0,-1.734999179840088,-0.34999901056289673,-0.7177046537399292,0.0,-1.9499999253864349,0.19700005619322286,-0.4345159395690814,0.0
1759838836.925156,1,-1.2050001621245956,-0.8299997448920943,-0.7177030444144975,0.0,-1.734999179840088,-0.34999901056289673,-0.7177046537399292,0.0,-1.9499999253864349,0.19700005619322286,-0.4345159395690814,0.0
1759838836.9358792,1,-1.2050001621245956,-0.8299997448920943,-0.7177030444144975,0.0,-1.734999179840088,-0.34999901056289673,-0.7177046537399292,0.0,-1.9499999253864349,0.19700005619322286,-0.4345159395690814,0.0
1759838836.946799,1,-1.2050001621245956,-0.8299997448920943,-0.7177030444144975,0.0,-1.734999179840088,-0.34999901056289673,-0.7177046537399292,0.0,-1.9499999253864349,0.19700005619322286,-0.4345159395690814,0.0
1759838836.957494,1,-1.2050001621245956,-0.8299997448920943,-0.7177030444144975,0.0,-1.734999179840088,-0.34999901056289673,-0.7177046537399292,0.0,-1.9499999253864349,0.19700005619322286,-0.4345159395690814,0.0
1759838836.9705718,1,-1.2050001621245956,-0.8299997448920943,-0.7177030444144975,0.0,-1.734999179840088,-0.34999901056289673,-0.7177046537399292,0.0,-1.9499999253864349,0.19700005619322286,-0.4345159395690814,0.0
1759838836.9805732,1,-1.2050001621245956,-0.8299997448920943,-0.7177030444144975,0.0,-1.734999179840088,-0.34999901056289673,-0.7177046537399292,0.0,-1.9499999253864349,0.19700005619322286,-0.4345159395690814,0.0
1759838836.9921677,1,-1.2050001621245956,-0.8299997448920943,-0.7177030444144975,0.0,-1.734999179840088,-0.34999901056289673,-0.7177046537399292,0.0,-1.9499999253864349,0.19700005619322286,-0.4345159395690814,0.0
1759838837.0025284,1,-1.2050001621245956,-0.8299997448920943,-0.7177030444144975,0.0,-1.734999179840088,-0.34999901056289673,-0.7177046537399292,0.0,-1.9499999253864349,0.19700005619322286,-0.4345159395690814,0.0
1759838837.0139284,1,-1.2050001621245956,-0.8299997448920943,-0.7177030444144975,0.0,-1.734999179840088,-0.34999901056289673,-0.7177046537399292,0.0,-1.9499999253864349,0.19700005619322286,-0.4345159395690814,0.0
1759838837.0280957,1,-1.2050001621245956,-0.8299997448920943,-0.7177030444144975,0.0,-1.734999179840088,-0.34999901056289673,-0.7177046537399292,0.0,-1.9499999253864349,0.19700005619322286,-0.4345159395690814,0.0
1759838837.0387125,1,-1.2050001621245956,-0.8299997448920943,-0.7177030444144975,0.0,-1.734999179840088,-0.34999901056289673,-0.7177046537399292,0.0,-1.9499999253864349,0.19700005619322286,-0.4345159395690814,0.0
1759838837.0495665,1,-1.2050001621245956,-0.8299997448920943,-0.7177030444144975,0.0,-1.734999179840088,-0.34999901056289673,-0.7177046537399292,0.0,-1.9499999253864349,0.19700005619322286,-0.4345159395690814,0.0
1759838837.0602956,1,-1.2050001621245956,-0.8299997448920943,-0.7177030444144975,0.0,-1.734999179840088,-0.34999901056289673,-0.7177046537399292,0.0,-1.9499999253864349,0.19700005619322286,-0.4345159395690814,0.0
1759838837.0757766,1,-1.2050001621245956,-0.8299997448920943,-0.7177030444144975,0.0,-1.734999179840088,-0.34999901056289673,-0.7177046537399292,0.0,-1.9499999253864349,0.19700005619322286,-0.4345159395690814,0.0
1759838837.0849445,1,-1.2050001621245956,-0.8299997448920943,-0.7177030444144975,0.0,-1.734999179840088,-0.34999901056289673,-0.7177046537399292,0.0,-1.9499999253864349,0.19700005619322286,-0.4345159395690814,0.0
1759838837.0953739,1,-1.2050001621245956,-0.8299997448920943,-0.7177030444144975,0.0,-1.734999179840088,-0.34999901056289673,-0.7177046537399292,0.0,-1.9499999253864349,0.19700005619322286,-0.4345159395690814,0.0
1759838837.1068444,1,-1.2050001621245956,-0.8299997448920943,-0.7177030444144975,0.0,-1.734999179840088,-0.34999901056289673,-0.7177046537399292,0.0,-1.9499999253864349,0.19700005619322286,-0.4345159395690814,0.0
1759838837.1183515,1,-1.2050001621245956,-0.8299997448920943,-0.7177030444144975,0.0,-1.734999179840088,-0.34999901056289673,-0.7177046537399292,0.0,-1.9499999253864349,0.19700005619322286,-0.4345159395690814,0.0
1759838837.1300454,1,-1.2050001621245956,-0.8299997448920943,-0.7177030444144975,0.0,-1.734999179840088,-0.34999901056289673,-0.7177046537399292,0.0,-1.9499999253864349,0.19700005619322286,-0.4345159395690814,0.0
1759838837.1400535,1,-1.2050001621245956,-0.8299997448920943,-0.7177030444144975,0.0,-1.734999179840088,-0.34999901056289673,-0.7177046537399292,0.0,-1.9499999253864349,0.19700005619322286,-0.4345159395690814,0.0
1759838837.1513298,1,-1.2050001621245956,-0.8299997448920943,-0.7177030444144975,0.0,-1.734999179840088,-0.34999901056289673,-0.7177046537399292,0.0,-1.9499999253864349,0.19700005619322286,-0.4345159395690814,0.0
1759838837.1651142,1,-1.2050001621245956,-0.8299997448920943,-0.7177030444144975,0.0,-1.734999179840088,-0.34999901056289673,-0.7177046537399292,0.0,-1.9499999253864349,0.19700005619322286,-0.4345159395690814,0.0
1759838837.1764698,1,-1.2050001621245956,-0.8299997448920943,-0.7177030444144975,0.0,-1.734999179840088,-0.34999901056289673,-0.7177046537399292,0.0,-1.9499999253864349,0.19700005619322286,-0.4345159395690814,0.0
1759838837.187705,1,-1.2050001621245956,-0.8299997448920943,-0.7177030444144975,0.0,-1.734999179840088,-0.34999901056289673,-0.7177046537399292,0.0,-1.9499999253864349,0.19700005619322286,-0.4345159395690814,0.0
1759838837.1978216,1,-1.2050001621245956,-0.8299997448920943,-0.7177030444144975,0.0,-1.734999179840088,-0.34999901056289673,-0.7177046537399292,0.0,-1.9499999253864349,0.19700005619322286,-0.4345159395690814,0.0
1759838837.2093673,1,-1.2050001621245956,-0.8299997448920943,-0.7177030444144975,0.0,-1.734999179840088,-0.34999901056289673,-0.7177046537399292,0.0,-1.9499999253864349,0.19700005619322286,-0.4345159395690814,0.0
1759838837.2207465,1,-1.2050001621245956,-0.8299997448920943,-0.7177030444144975,0.0,-1.734999179840088,-0.34999901056289673,-0.7177046537399292,0.0,-1.9499999253864349,0.19700005619322286,-0.4345159395690814,0.0
1759838837.2317746,1,-1.2050001621245956,-0.8299997448920943,-0.7177030444144975,0.0,-1.734999179840088,-0.34999901056289673,-0.7177046537399292,0.0,-1.9499999253864349,0.19700005619322286,-0.4345159395690814,0.0
1759838837.2419221,1,-1.2050001621245956,-0.8299997448920943,-0.7177030444144975,0.0,-1.734999179840088,-0.34999901056289673,-0.7177046537399292,0.0,-1.9499999253864349,0.19700005619322286,-0.4345159395690814,0.0
1759838837.253269,1,-1.2050001621245956,-0.8299997448920943,-0.7177030444144975,0.0,-1.734999179840088,-0.34999901056289673,-0.7177046537399292,0.0,-1.9499999253864349,0.19700005619322286,-0.4345159395690814,0.0
1759838837.2663517,1,-1.2050001621245956,-0.8299997448920943,-0.7177030444144975,0.0,-1.734999179840088,-0.34999901056289673,-0.7177046537399292,0.0,-1.9499999253864349,0.19700005619322286,-0.4345159395690814,0.0
1759838837.2799752,1,-1.2050001621245956,-0.8299997448920943,-0.7177030444144975,0.0,-1.734999179840088,-0.34999901056289673,-0.7177046537399292,0.0,-1.9499999253864349,0.19700005619322286,-0.4345159395690814,0.0
1759838837.2903774,1,-1.2050001621245956,-0.8299997448920943,-0.7177030444144975,0.0,-1.734999179840088,-0.34999901056289673,-0.7177046537399292,0.0,-1.9499999253864349,0.19700005619322286,-0.4345159395690814,0.0
1759838837.3012068,1,-1.2050001621245956,-0.8299997448920943,-0.7177030444144975,0.0,-1.734999179840088,-0.34999901056289673,-0.7177046537399292,0.0,-1.9499999253864349,0.19700005619322286,-0.4345159395690814,0.0
1759838837.3129115,1,-1.2050001621245956,-0.8299997448920943,-0.7177030444144975,0.0,-1.734999179840088,-0.34999901056289673,-0.7177046537399292,0.0,-1.9499999253864349,0.19700005619322286,-0.4345159395690814,0.0
1759838837.3241386,1,-1.2050001621245956,-0.8299997448920943,-0.7177030444144975,0.0,-1.734999179840088,-0.34999901056289673,-0.7177046537399292,0.0,-1.9499999253864349,0.19700005619322286,-0.4345159395690814,0.0
1759838837.3351758,1,-1.2050001621245956,-0.8299997448920943,-0.7177030444144975,0.0,-1.734999179840088,-0.34999901056289673,-0.7177046537399292,0.0,-1.9499999253864349,0.19700005619322286,-0.4345159395690814,0.0
1759838837.3469658,1,-1.2050001621245956,-0.8299997448920943,-0.7177030444144975,0.0,-1.734999179840088,-0.34999901056289673,-0.7177046537399292,0.0,-1.9499999253864349,0.19700005619322286,-0.4345159395690814,0.0
1759838837.3578856,1,-1.2050001621245956,-0.8299997448920943,-0.7177030444144975,0.0,-1.734999179840088,-0.34999901056289673,-0.7177046537399292,0.0,-1.9499999253864349,0.19700005619322286,-0.4345159395690814,0.0
1759838837.368776,1,-1.2050001621245956,-0.8299997448920943,-0.7177030444144975,0.0,-1.734999179840088,-0.34999901056289673,-0.7177046537399292,0.0,-1.9499999253864349,0.19700005619322286,-0.4345159395690814,0.0
1759838837.3790455,1,-1.2050001621245956,-0.8299997448920943,-0.7177030444144975,0.0,-1.734999179840088,-0.34999901056289673,-0.7177046537399292,0.0,-1.9499999253864349,0.19700005619322286,-0.4345159395690814,0.0
1759838837.390104,1,-1.2050001621245956,-0.8299997448920943,-0.7177030444144975,0.0,-1.734999179840088,-0.34999901056289673,-0.7177046537399292,0.0,-1.9499999253864349,0.19700005619322286,-0.4345159395690814,0.0
1759838837.400271,1,-1.2050001621245956,-0.8299997448920943,-0.7177030444144975,0.0,-1.734999179840088,-0.34999901056289673,-0.7177046537399292,0.0,-1.9499999253864349,0.19700005619322286,-0.4345159395690814,0.0
1759838837.410847,1,-1.2050001621245956,-0.8299997448920943,-0.7177030444144975,0.0,-1.734999179840088,-0.34999901056289673,-0.7177046537399292,0.0,-1.9499999253864349,0.19700005619322286,-0.4345159395690814,0.0
1759838837.4211738,1,-1.2050001621245956,-0.8299997448920943,-0.7177030444144975,0.0,-1.734999179840088,-0.34999901056289673,-0.7177046537399292,0.0,-1.9499999253864349,0.19700005619322286,-0.4345159395690814,0.0
1759838837.4326427,1,-1.2050001621245956,-0.8299997448920943,-0.7177030444144975,0.0,-1.734999179840088,-0.34999901056289673,-0.7177046537399292,0.0,-1.9499999253864349,0.19700005619322286,-0.4345159395690814,0.0
1759838837.4440255,1,-1.2050001621245956,-0.8299997448920943,-0.7177030444144975,0.0,-1.734999179840088,-0.34999901056289673,-0.7177046537399292,0.0,-1.9499999253864349,0.19700005619322286,-0.4345159395690814,0.0
1759838837.4554548,1,-1.2050001621245956,-0.8299997448920943,-0.7177030444144975,0.0,-1.734999179840088,-0.34999901056289673,-0.7177046537399292,0.0,-1.9499999253864349,0.19700005619322286,-0.4345159395690814,0.0
1759838837.465833,1,-1.2050001621245956,-0.8299997448920943,-0.7177030444144975,0.0,-1.734999179840088,-0.34999901056289673,-0.7177046537399292,0.0,-1.9499999253864349,0.19700005619322286,-0.4345159395690814,0.0
1759838837.481163,1,-1.2050001621245956,-0.8299997448920943,-0.7177030444144975,0.0,-1.734999179840088,-0.34999901056289673,-0.7177046537399292,0.0,-1.9499999253864349,0.19700005619322286,-0.4345159395690814,0.0
1759838837.4945412,1,-1.2050001621245956,-0.8299997448920943,-0.7177030444144975,0.0,-1.734999179840088,-0.34999901056289673,-0.7177046537399292,0.0,-1.9499999253864349,0.19700005619322286,-0.4345159395690814,0.0
1759838837.5051355,1,-1.2050001621245956,-0.8299997448920943,-0.7177030444144975,0.0,-1.734999179840088,-0.34999901056289673,-0.7177046537399292,0.0,-1.9499999253864349,0.19700005619322286,-0.4345159395690814,0.0
1759838837.516375,1,-1.2050001621245956,-0.8299997448920943,-0.7177030444144975,0.0,-1.734999179840088,-0.34999901056289673,-0.7177046537399292,0.0,-1.9499999253864349,0.19700005619322286,-0.4345159395690814,0.0
1759838837.5274954,1,-1.2050001621245956,-0.8299997448920943,-0.7177030444144975,0.0,-1.734999179840088,-0.34999901056289673,-0.7177046537399292,0.0,-1.9499999253864349,0.19700005619322286,-0.4345159395690814,0.0
1759838837.5387502,1,-1.2050001621245956,-0.8299997448920943,-0.7177030444144975,0.0,-1.734999179840088,-0.34999901056289673,-0.7177046537399292,0.0,-1.9499999253864349,0.19700005619322286,-0.4345159395690814,0.0
1759838837.5491211,1,-1.2050001621245956,-0.8299997448920943,-0.7177030444144975,0.0,-1.734999179840088,-0.34999901056289673,-0.7177046537399292,0.0,-1.9499999253864349,0.19700005619322286,-0.4345159395690814,0.0
1759838837.5596876,1,-1.2050001621245956,-0.8299997448920943,-0.7177030444144975,0.0,-1.734999179840088,-0.34999901056289673,-0.7177046537399292,0.0,-1.9499999253864349,0.19700005619322286,-0.4345159395690814,0.0
1759838837.5709689,1,-1.2050001621245956,-0.8299997448920943,-0.7177030444144975,0.0,-1.734999179840088,-0.34999901056289673,-0.7177046537399292,0.0,-1.9499999253864349,0.19700005619322286,-0.4345159395690814,0.0
1759838837.5819144,1,-1.2050001621245956,-0.8299997448920943,-0.7177030444144975,0.0,-1.734999179840088,-0.34999901056289673,-0.7177046537399292,0.0,-1.9499999253864349,0.19700005619322286,-0.4345159395690814,0.0
1759838837.5926492,1,-1.2050001621245956,-0.8299997448920943,-0.7177030444144975,0.0,-1.734999179840088,-0.34999901056289673,-0.7177046537399292,0.0,-1.9499999253864349,0.19700005619322286,-0.4345159395690814,0.0
1759838837.603419,1,-1.2050001621245956,-0.8299997448920943,-0.7177030444144975,0.0,-1.734999179840088,-0.34999901056289673,-0.7177046537399292,0.0,-1.9499999253864349,0.19700005619322286,-0.4345159395690814,0.0
1759838837.614401,1,-1.2050001621245956,-0.8299997448920943,-0.7177030444144975,0.0,-1.734999179840088,-0.34999901056289673,-0.7177046537399292,0.0,-1.9499999253864349,0.19700005619322286,-0.4345159395690814,0.0
1759838837.6256683,1,-1.2050001621245956,-0.8299997448920943,-0.7177030444144975,0.0,-1.734999179840088,-0.34999901056289673,-0.7177046537399292,0.0,-1.9499999253864349,0.19700005619322286,-0.4345159395690814,0.0
1759838837.636425,1,-1.2050001621245956,-0.8299997448920943,-0.7177030444144975,0.0,-1.734999179840088,-0.34999901056289673,-0.7177046537399292,0.0,-1.9499999253864349,0.19700005619322286,-0.4345159395690814,0.0
1759838837.6469364,1,-1.2050001621245956,-0.8299997448920943,-0.7177030444144975,0.0,-1.734999179840088,-0.34999901056289673,-0.7177046537399292,0.0,-1.9499999253864349,0.19700005619322286,-0.4345159395690814,0.0
1759838837.6582162,1,-1.2050001621245956,-0.8299997448920943,-0.7177030444144975,0.0,-1.734999179840088,-0.34999901056289673,-0.7177046537399292,0.0,-1.9499999253864349,0.19700005619322286,-0.4345159395690814,0.0
1759838837.669597,1,-1.2050001621245956,-0.8299997448920943,-0.7177030444144975,0.0,-1.734999179840088,-0.34999901056289673,-0.7177046537399292,0.0,-1.9499999253864349,0.19700005619322286,-0.4345159395690814,0.0
1759838837.6860218,1,-1.2050001621245956,-0.8299997448920943,-0.7177030444144975,0.0,-1.734999179840088,-0.34999901056289673,-0.7177046537399292,0.0,-1.9499999253864349,0.19700005619322286,-0.4345159395690814,0.0
1759838837.6964676,1,-1.2050001621245956,-0.8299997448920943,-0.7177030444144975,0.0,-1.734999179840088,-0.34999901056289673,-0.7177046537399292,0.0,-1.9499999253864349,0.19700005619322286,-0.4345159395690814,0.0
1759838837.707393,1,-1.2050001621245956,-0.8299997448920943,-0.7177030444144975,0.0,-1.734999179840088,-0.34999901056289673,-0.7177046537399292,0.0,-1.9499999253864349,0.19700005619322286,-0.4345159395690814,0.0
1759838837.7176113,1,-1.2050001621245956,-0.8299997448920943,-0.7177030444144975,0.0,-1.734999179840088,-0.34999901056289673,-0.7177046537399292,0.0,-1.9499999253864349,0.19700005619322286,-0.4345159395690814,0.0
1759838837.7283773,1,-1.2050001621245956,-0.8299997448920943,-0.7177030444144975,0.0,-1.734999179840088,-0.34999901056289673,-0.7177046537399292,0.0,-1.9499999253864349,0.19700005619322286,-0.4345159395690814,0.0
1759838837.7391257,1,-1.2050001621245956,-0.8299997448920943,-0.7177030444144975,0.0,-1.734999179840088,-0.34999901056289673,-0.7177046537399292,0.0,-1.9499999253864349,0.19700005619322286,-0.4345159395690814,0.0
1759838837.7496843,1,-1.2050001621245956,-0.8299997448920943,-0.7177030444144975,0.0,-1.734999179840088,-0.34999901056289673,-0.7177046537399292,0.0,-1.9499999253864349,0.19700005619322286,-0.4345159395690814,0.0
1759838837.760683,1,-1.2050001621245956,-0.8299997448920943,-0.7177030444144975,0.0,-1.734999179840088,-0.34999901056289673,-0.7177046537399292,0.0,-1.9499999253864349,0.19700005619322286,-0.4345159395690814,0.0
1759838837.771613,1,-1.2050001621245956,-0.8299997448920943,-0.7177030444144975,0.0,-1.734999179840088,-0.34999901056289673,-0.7177046537399292,0.0,-1.9499999253864349,0.19700005619322286,-0.4345159395690814,0.0
1759838837.781787,1,-1.2050001621245956,-0.8299997448920943,-0.7177030444144975,0.0,-1.734999179840088,-0.34999901056289673,-0.7177046537399292,0.0,-1.9499999253864349,0.19700005619322286,-0.4345159395690814,0.0
1759838837.7931013,1,-1.2050001621245956,-0.8299997448920943,-0.7177030444144975,0.0,-1.734999179840088,-0.34999901056289673,-0.7177046537399292,0.0,-1.9499999253864349,0.19700005619322286,-0.4345159395690814,0.0
1759838837.8035555,1,-1.2050001621245956,-0.8299997448920943,-0.7177030444144975,0.0,-1.734999179840088,-0.34999901056289673,-0.7177046537399292,0.0,-1.9499999253864349,0.19700005619322286,-0.4345159395690814,0.0
1759838837.8147228,1,-1.2050001621245956,-0.8299997448920943,-0.7177030444144975,0.0,-1.734999179840088,-0.34999901056289673,-0.7177046537399292,0.0,-1.9499999253864349,0.19700005619322286,-0.4345159395690814,0.0
1759838837.8258605,1,-1.2050001621245956,-0.8299997448920943,-0.7177030444144975,0.0,-1.734999179840088,-0.34999901056289673,-0.7177046537399292,0.0,-1.9499999253864349,0.19700005619322286,-0.4345159395690814,0.0
1759838837.8366756,1,-1.2050001621245956,-0.8299997448920943,-0.7177030444144975,0.0,-1.734999179840088,-0.34999901056289673,-0.7177046537399292,0.0,-1.9499999253864349,0.19700005619322286,-0.4345159395690814,0.0
1759838837.8491359,1,-1.2050001621245956,-0.8299997448920943,-0.7177030444144975,0.0,-1.734999179840088,-0.34999901056289673,-0.7177046537399292,0.0,-1.9499999253864349,0.19700005619322286,-0.4345159395690814,0.0
1759838837.8602636,1,-1.2050001621245956,-0.8299997448920943,-0.7177030444144975,0.0,-1.734999179840088,-0.34999901056289673,-0.7177046537399292,0.0,-1.9499999253864349,0.19700005619322286,-0.4345159395690814,0.0
1759838837.8713431,1,-1.2050001621245956,-0.8299997448920943,-0.7177030444144975,0.0,-1.734999179840088,-0.34999901056289673,-0.7177046537399292,0.0,-1.9499999253864349,0.19700005619322286,-0.4345159395690814,0.0
1759838837.8879514,1,-1.2050001621245956,-0.8299997448920943,-0.7177030444144975,0.0,-1.734999179840088,-0.34999901056289673,-0.7177046537399292,0.0,-1.9499999253864349,0.19700005619322286,-0.4345159395690814,0.0
1759838837.8962657,1,-1.2050001621245956,-0.8299997448920943,-0.7177030444144975,0.0,-1.734999179840088,-0.34999901056289673,-0.7177046537399292,0.0,-1.9499999253864349,0.19700005619322286,-0.4345159395690814,0.0
1759838837.9065988,1,-1.2050001621245956,-0.8299997448920943,-0.7177030444144975,0.0,-1.734999179840088,-0.34999901056289673,-0.7177046537399292,0.0,-1.9499999253864349,0.19700005619322286,-0.4345159395690814,0.0
1759838837.917191,1,-1.2050001621245956,-0.8299997448920943,-0.7177030444144975,0.0,-1.734999179840088,-0.34999901056289673,-0.7177046537399292,0.0,-1.9499999253864349,0.19700005619322286,-0.4345159395690814,0.0
1759838837.9302878,1,-1.2050001621245956,-0.8299997448920943,-0.7177030444144975,0.0,-1.734999179840088,-0.34999901056289673,-0.7177046537399292,0.0,-1.9499999253864349,0.19700005619322286,-0.4345159395690814,0.0
1759838837.9417455,1,-1.2050001621245956,-0.8299997448920943,-0.7177030444144975,0.0,-1.734999179840088,-0.34999901056289673,-0.7177046537399292,0.0,-1.9499999253864349,0.19700005619322286,-0.4345159395690814,0.0
1759838837.9524457,1,-1.2050001621245956,-0.8299997448920943,-0.7177030444144975,0.0,-1.734999179840088,-0.34999901056289673,-0.7177046537399292,0.0,-1.9499999253864349,0.19700005619322286,-0.4345159395690814,0.0
1759838837.9658396,1,-1.2050001621245956,-0.8299997448920943,-0.7177030444144975,0.0,-1.734999179840088,-0.34999901056289673,-0.7177046537399292,0.0,-1.9499999253864349,0.19700005619322286,-0.4345159395690814,0.0
1759838837.9762554,1,-1.2050001621245956,-0.8299997448920943,-0.7177030444144975,0.0,-1.734999179840088,-0.34999901056289673,-0.7177046537399292,0.0,-1.9499999253864349,0.19700005619322286,-0.4345159395690814,0.0
1759838837.9874134,1,-1.2050001621245956,-0.8299997448920943,-0.7177030444144975,0.0,-1.734999179840088,-0.34999901056289673,-0.7177046537399292,0.0,-1.9499999253864349,0.19700005619322286,-0.4345159395690814,0.0
1759838837.99804,1,-1.2050001621245956,-0.8299997448920943,-0.7177030444144975,0.0,-1.734999179840088,-0.34999901056289673,-0.7177046537399292,0.0,-1.9499999253864349,0.19700005619322286,-0.4345159395690814,0.0
1759838838.009578,1,-1.2050001621245956,-0.8299997448920943,-0.7177030444144975,0.0,-1.734999179840088,-0.34999901056289673,-0.7177046537399292,0.0,-1.9499999253864349,0.19700005619322286,-0.4345159395690814,0.0
1759838838.0205998,1,-1.2050001621245956,-0.8299997448920943,-0.7177030444144975,0.0,-1.734999179840088,-0.34999901056289673,-0.7177046537399292,0.0,-1.9499999253864349,0.19700005619322286,-0.4345159395690814,0.0
1759838838.0311427,1,-1.2050001621245956,-0.8299997448920943,-0.7177030444144975,0.0,-1.734999179840088,-0.34999901056289673,-0.7177046537399292,0.0,-1.9499999253864349,0.19700005619322286,-0.4345159395690814,0.0
1759838838.0423486,1,-1.2050001621245956,-0.8299997448920943,-0.7177030444144975,0.0,-1.734999179840088,-0.34999901056289673,-0.7177046537399292,0.0,-1.9499999253864349,0.19700005619322286,-0.4345159395690814,0.0
1759838838.0556881,1,-1.2050001621245956,-0.8299997448920943,-0.7177030444144975,0.0,-1.734999179840088,-0.34999901056289673,-0.7177046537399292,0.0,-1.9499999253864349,0.19700005619322286,-0.4345159395690814,0.0
1759838838.0670288,1,-1.2050001621245956,-0.8299997448920943,-0.7177030444144975,0.0,-1.734999179840088,-0.34999901056289673,-0.7177046537399292,0.0,-1.9499999253864349,0.19700005619322286,-0.4345159395690814,0.0
1759838838.080788,1,-1.2050001621245956,-0.8299997448920943,-0.7177030444144975,0.0,-1.734999179840088,-0.34999901056289673,-0.7177046537399292,0.0,-1.9499999253864349,0.19700005619322286,-0.4345159395690814,0.0
1759838838.095936,1,-1.2050001621245956,-0.8299997448920943,-0.7177030444144975,0.0,-1.734999179840088,-0.34999901056289673,-0.7177046537399292,0.0,-1.9499999253864349,0.19700005619322286,-0.4345159395690814,0.0
1759838838.1068654,1,-1.2050001621245956,-0.8299997448920943,-0.7177030444144975,0.0,-1.734999179840088,-0.34999901056289673,-0.7177046537399292,0.0,-1.9499999253864349,0.19700005619322286,-0.4345159395690814,0.0
1759838838.117645,1,-1.2050001621245956,-0.8299997448920943,-0.7177030444144975,0.0,-1.734999179840088,-0.34999901056289673,-0.7177046537399292,0.0,-1.9499999253864349,0.19700005619322286,-0.4345159395690814,0.0
1759838838.1278422,1,-1.2050001621245956,-0.8299997448920943,-0.7177030444144975,0.0,-1.734999179840088,-0.34999901056289673,-0.7177046537399292,0.0,-1.9499999253864349,0.19700005619322286,-0.4345159395690814,0.0
1759838838.1388323,1,-1.2050001621245956,-0.8299997448920943,-0.7177030444144975,0.0,-1.734999179840088,-0.34999901056289673,-0.7177046537399292,0.0,-1.9499999253864349,0.19700005619322286,-0.4345159395690814,0.0
1759838838.1526055,1,-1.2050001621245956,-0.8299997448920943,-0.7177030444144975,0.0,-1.734999179840088,-0.34999901056289673,-0.7177046537399292,0.0,-1.9499999253864349,0.19700005619322286,-0.4345159395690814,0.0
1759838838.1639032,1,-1.2050001621245956,-0.8299997448920943,-0.7177030444144975,0.0,-1.734999179840088,-0.34999901056289673,-0.7177046537399292,0.0,-1.9499999253864349,0.19700005619322286,-0.4345159395690814,0.0
1759838838.1781185,1,-1.2050001621245956,-0.8299997448920943,-0.7177030444144975,0.0,-1.734999179840088,-0.34999901056289673,-0.7177046537399292,0.0,-1.9499999253864349,0.19700005619322286,-0.4345159395690814,0.0
1759838838.1882293,1,-1.2050001621245956,-0.8299997448920943,-0.7177030444144975,0.0,-1.734999179840088,-0.34999901056289673,-0.7177046537399292,0.0,-1.9499999253864349,0.19700005619322286,-0.4345159395690814,0.0
1759838838.199811,1,-1.2050001621245956,-0.8299997448920943,-0.7177030444144975,0.0,-1.734999179840088,-0.34999901056289673,-0.7177046537399292,0.0,-1.9499999253864349,0.19700005619322286,-0.4345159395690814,0.0
1759838838.2141507,1,-1.2050001621245956,-0.8299997448920943,-0.7177030444144975,0.0,-1.734999179840088,-0.34999901056289673,-0.7177046537399292,0.0,-1.9499999253864349,0.19700005619322286,-0.4345159395690814,0.0
1759838838.2251027,1,-1.2050001621245956,-0.8299997448920943,-0.7177030444144975,0.0,-1.734999179840088,-0.34999901056289673,-0.7177046537399292,0.0,-1.9499999253864349,0.19700005619322286,-0.4345159395690814,0.0
1759838838.2366908,1,-1.2050001621245956,-0.8299997448920943,-0.7177030444144975,0.0,-1.734999179840088,-0.34999901056289673,-0.7177046537399292,0.0,-1.9499999253864349,0.19700005619322286,-0.4345159395690814,0.0
1759838838.247371,1,-1.2050001621245956,-0.8299997448920943,-0.7177030444144975,0.0,-1.734999179840088,-0.34999901056289673,-0.7177046537399292,0.0,-1.9499999253864349,0.19700005619322286,-0.4345159395690814,0.0
1759838838.2602646,1,-1.2050001621245956,-0.8299997448920943,-0.7177030444144975,0.0,-1.734999179840088,-0.34999901056289673,-0.7177046537399292,0.0,-1.9499999253864349,0.19700005619322286,-0.4345159395690814,0.0
1759838838.2710226,1,-1.2050001621245956,-0.8299997448920943,-0.7177030444144975,0.0,-1.734999179840088,-0.34999901056289673,-0.7177046537399292,0.0,-1.9499999253864349,0.19700005619322286,-0.4345159395690814,0.0
1759838838.2827942,1,-1.2050001621245956,-0.8299997448920943,-0.7177030444144975,0.0,-1.734999179840088,-0.34999901056289673,-0.7177046537399292,0.0,-1.9499999253864349,0.19700005619322286,-0.4345159395690814,0.0
1759838838.3016942,1,-1.2050001621245956,-0.8299997448920943,-0.7177030444144975,0.0,-1.734999179840088,-0.34999901056289673,-0.7177046537399292,0.0,-1.9499999253864349,0.19700005619322286,-0.4345159395690814,0.0
1759838838.31158,1,-1.2050001621245956,-0.8299997448920943,-0.7177030444144975,0.0,-1.734999179840088,-0.34999901056289673,-0.7177046537399292,0.0,-1.9499999253864349,0.19700005619322286,-0.4345159395690814,0.0
1759838838.3218093,1,-1.2050001621245956,-0.8299997448920943,-0.7177030444144975,0.0,-1.734999179840088,-0.34999901056289673,-0.7177046537399292,0.0,-1.9499999253864349,0.19700005619322286,-0.4345159395690814,0.0
1759838838.334478,1,-1.2050001621245956,-0.8299997448920943,-0.7177030444144975,0.0,-1.734999179840088,-0.34999901056289673,-0.7177046537399292,0.0,-1.9499999253864349,0.19700005619322286,-0.4345159395690814,0.0
1759838838.3446145,1,-1.2050001621245956,-0.8299997448920943,-0.7177030444144975,0.0,-1.734999179840088,-0.34999901056289673,-0.7177046537399292,0.0,-1.9499999253864349,0.19700005619322286,-0.4345159395690814,0.0
1759838838.357432,1,-1.2050001621245956,-0.8299997448920943,-0.7177030444144975,0.0,-1.734999179840088,-0.34999901056289673,-0.7177046537399292,0.0,-1.9499999253864349,0.19700005619322286,-0.4345159395690814,0.0
1759838838.368345,1,-1.2050001621245956,-0.8299997448920943,-0.7177030444144975,0.0,-1.734999179840088,-0.34999901056289673,-0.7177046537399292,0.0,-1.9499999253864349,0.19700005619322286,-0.4345159395690814,0.0
1759838838.380655,1,-1.2050001621245956,-0.8299997448920943,-0.7177030444144975,0.0,-1.734999179840088,-0.34999901056289673,-0.7177046537399292,0.0,-1.9499999253864349,0.19700005619322286,-0.4345159395690814,0.0
1759838838.3912416,1,-1.2050001621245956,-0.8299997448920943,-0.7177030444144975,0.0,-1.734999179840088,-0.34999901056289673,-0.7177046537399292,0.0,-1.9499999253864349,0.19700005619322286,-0.4345159395690814,0.0
1759838838.4039333,1,-1.2050001621245956,-0.8299997448920943,-0.7177030444144975,0.0,-1.734999179840088,-0.34999901056289673,-0.7177046537399292,0.0,-1.9499999253864349,0.19700005619322286,-0.4345159395690814,0.0
1759838838.4139364,1,-1.2050001621245956,-0.8299997448920943,-0.7177030444144975,0.0,-1.734999179840088,-0.34999901056289673,-0.7177046537399292,0.0,-1.9499999253864349,0.19700005619322286,-0.4345159395690814,0.0
1759838838.4273734,1,-1.2050001621245956,-0.8299997448920943,-0.7177030444144975,0.0,-1.734999179840088,-0.34999901056289673,-0.7177046537399292,0.0,-1.9499999253864349,0.19700005619322286,-0.4345159395690814,0.0
1759838838.4381177,1,-1.2050001621245956,-0.8299997448920943,-0.7177030444144975,0.0,-1.734999179840088,-0.34999901056289673,-0.7177046537399292,0.0,-1.9499999253864349,0.19700005619322286,-0.4345159395690814,0.0
1759838838.4484086,1,-1.2050001621245956,-0.8299997448920943,-0.7177030444144975,0.0,-1.734999179840088,-0.34999901056289673,-0.7177046537399292,0.0,-1.9499999253864349,0.19700005619322286,-0.4345159395690814,0.0
1759838838.46198,1,-1.2050001621245956,-0.8299997448920943,-0.7177030444144975,0.0,-1.734999179840088,-0.34999901056289673,-0.7177046537399292,0.0,-1.9499999253864349,0.19700005619322286,-0.4345159395690814,0.0
1759838838.4730165,1,-1.2050001621245956,-0.8299997448920943,-0.7177030444144975,0.0,-1.734999179840088,-0.34999901056289673,-0.7177046537399292,0.0,-1.9499999253864349,0.19700005619322286,-0.4345159395690814,0.0
1759838838.4858236,1,-1.2050001621245956,-0.8299997448920943,-0.7177030444144975,0.0,-1.734999179840088,-0.34999901056289673,-0.7177046537399292,0.0,-1.9499999253864349,0.19700005619322286,-0.4345159395690814,0.0
1759838838.501539,1,-1.2050001621245956,-0.8299997448920943,-0.7177030444144975,0.0,-1.734999179840088,-0.34999901056289673,-0.7177046537399292,0.0,-1.9499999253864349,0.19700005619322286,-0.4345159395690814,0.0
1759838838.512031,1,-1.2050001621245956,-0.8299997448920943,-0.7177030444144975,0.0,-1.734999179840088,-0.34999901056289673,-0.7177046537399292,0.0,-1.9499999253864349,0.19700005619322286,-0.4345159395690814,0.0
1759838838.5232134,1,-1.2050001621245956,-0.8299997448920943,-0.7177030444144975,0.0,-1.734999179840088,-0.34999901056289673,-0.7177046537399292,0.0,-1.9499999253864349,0.19700005619322286,-0.4345159395690814,0.0
1759838838.5347722,1,-1.2050001621245956,-0.8299997448920943,-0.7177030444144975,0.0,-1.734999179840088,-0.34999901056289673,-0.7177046537399292,0.0,-1.9499999253864349,0.19700005619322286,-0.4345159395690814,0.0
1759838838.5465722,1,-1.2050001621245956,-0.8299997448920943,-0.7177030444144975,0.0,-1.734999179840088,-0.34999901056289673,-0.7177046537399292,0.0,-1.9499999253864349,0.19700005619322286,-0.4345159395690814,0.0
1759838838.5634518,1,-1.2050001621245956,-0.8299997448920943,-0.7177030444144975,0.0,-1.734999179840088,-0.34999901056289673,-0.7177046537399292,0.0,-1.9499999253864349,0.19700005619322286,-0.4345159395690814,0.0
1759838838.5747561,1,-1.2050001621245956,-0.8299997448920943,-0.7177030444144975,0.0,-1.734999179840088,-0.34999901056289673,-0.7177046537399292,0.0,-1.9499999253864349,0.19700005619322286,-0.4345159395690814,0.0
1759838838.588534,1,-1.2050001621245956,-0.8299997448920943,-0.7177030444144975,0.0,-1.734999179840088,-0.34999901056289673,-0.7177046537399292,0.0,-1.9499999253864349,0.19700005619322286,-0.4345159395690814,0.0
1759838838.5992646,1,-1.2050001621245956,-0.8299997448920943,-0.7177030444144975,0.0,-1.734999179840088,-0.34999901056289673,-0.7177046537399292,0.0,-1.9499999253864349,0.19700005619322286,-0.4345159395690814,0.0
1759838838.6100125,1,-1.2050001621245956,-0.8299997448920943,-0.7177030444144975,0.0,-1.734999179840088,-0.34999901056289673,-0.7177046537399292,0.0,-1.9499999253864349,0.19700005619322286,-0.4345159395690814,0.0
1759838838.6211765,1,-1.2050001621245956,-0.8299997448920943,-0.7177030444144975,0.0,-1.734999179840088,-0.34999901056289673,-0.7177046537399292,0.0,-1.9499999253864349,0.19700005619322286,-0.4345159395690814,0.0
1759838838.6314013,1,-1.2050001621245956,-0.8299997448920943,-0.7177030444144975,0.0,-1.734999179840088,-0.34999901056289673,-0.7177046537399292,0.0,-1.9499999253864349,0.19700005619322286,-0.4345159395690814,0.0
1759838838.6426468,1,-1.2050001621245956,-0.8299997448920943,-0.7177030444144975,0.0,-1.734999179840088,-0.34999901056289673,-0.7177046537399292,0.0,-1.9499999253864349,0.19700005619322286,-0.4345159395690814,0.0
1759838838.6530075,1,-1.2050001621245956,-0.8299997448920943,-0.7177030444144975,0.0,-1.734999179840088,-0.34999901056289673,-0.7177046537399292,0.0,-1.9499999253864349,0.19700005619322286,-0.4345159395690814,0.0
1759838838.6643171,1,-1.2050001621245956,-0.8299997448920943,-0.7177030444144975,0.0,-1.734999179840088,-0.34999901056289673,-0.7177046537399292,0.0,-1.9499999253864349,0.19700005619322286,-0.4345159395690814,0.0
1759838838.6750572,1,-1.2050001621245956,-0.8299997448920943,-0.7177030444144975,0.0,-1.734999179840088,-0.34999901056289673,-0.7177046537399292,0.0,-1.9499999253864349,0.19700005619322286,-0.4345159395690814,0.0
1759838838.6903224,1,-1.2050001621245956,-0.8299997448920943,-0.7177030444144975,0.0,-1.734999179840088,-0.34999901056289673,-0.7177046537399292,0.0,-1.9499999253864349,0.19700005619322286,-0.4345159395690814,0.0
1759838838.7064157,1,-1.2050001621245956,-0.8299997448920943,-0.7177030444144975,0.0,-1.734999179840088,-0.34999901056289673,-0.7177046537399292,0.0,-1.9499999253864349,0.19700005619322286,-0.4345159395690814,0.0
1759838838.7179422,1,-1.2050001621245956,-0.8299997448920943,-0.7177030444144975,0.0,-1.734999179840088,-0.34999901056289673,-0.7177046537399292,0.0,-1.9499999253864349,0.19700005619322286,-0.4345159395690814,0.0
1759838838.73226,1,-1.2050001621245956,-0.8299997448920943,-0.7177030444144975,0.0,-1.734999179840088,-0.34999901056289673,-0.7177046537399292,0.0,-1.9499999253864349,0.19700005619322286,-0.4345159395690814,0.0
1759838838.7423818,1,-1.2050001621245956,-0.8299997448920943,-0.7177030444144975,0.0,-1.734999179840088,-0.34999901056289673,-0.7177046537399292,0.0,-1.9499999253864349,0.19700005619322286,-0.4345159395690814,0.0
1759838838.7535546,1,-1.2050001621245956,-0.8299997448920943,-0.7177030444144975,0.0,-1.734999179840088,-0.34999901056289673,-0.7177046537399292,0.0,-1.9499999253864349,0.19700005619322286,-0.4345159395690814,0.0
1759838838.7647839,1,-1.2050001621245956,-0.8299997448920943,-0.7177030444144975,0.0,-1.734999179840088,-0.34999901056289673,-0.7177046537399292,0.0,-1.9499999253864349,0.19700005619322286,-0.4345159395690814,0.0
1759838838.7777672,1,-1.2050001621245956,-0.8299997448920943,-0.7177030444144975,0.0,-1.734999179840088,-0.34999901056289673,-0.7177046537399292,0.0,-1.9499999253864349,0.19700005619322286,-0.4345159395690814,0.0
1759838838.7879012,1,-1.2050001621245956,-0.8299997448920943,-0.7177030444144975,0.0,-1.734999179840088,-0.34999901056289673,-0.7177046537399292,0.0,-1.9499999253864349,0.19700005619322286,-0.4345159395690814,0.0
1759838838.798784,1,-1.2050001621245956,-0.8299997448920943,-0.7177030444144975,0.0,-1.734999179840088,-0.34999901056289673,-0.7177046537399292,0.0,-1.9499999253864349,0.19700005619322286,-0.4345159395690814,0.0
1759838838.8091023,1,-1.2050001621245956,-0.8299997448920943,-0.7177030444144975,0.0,-1.734999179840088,-0.34999901056289673,-0.7177046537399292,0.0,-1.9499999253864349,0.19700005619322286,-0.4345159395690814,0.0
1759838838.8192823,1,-1.2050001621245956,-0.8299997448920943,-0.7177030444144975,0.0,-1.734999179840088,-0.34999901056289673,-0.7177046537399292,0.0,-1.9499999253864349,0.19700005619322286,-0.4345159395690814,0.0
1759838838.830013,1,-1.2050001621245956,-0.8299997448920943,-0.7177030444144975,0.0,-1.734999179840088,-0.34999901056289673,-0.7177046537399292,0.0,-1.9499999253864349,0.19700005619322286,-0.4345159395690814,0.0
1759838838.8407755,1,-1.2050001621245956,-0.8299997448920943,-0.7177030444144975,0.0,-1.734999179840088,-0.34999901056289673,-0.7177046537399292,0.0,-1.9499999253864349,0.19700005619322286,-0.4345159395690814,0.0
1759838838.8514817,1,-1.2050001621245956,-0.8299997448920943,-0.7177030444144975,0.0,-1.734999179840088,-0.34999901056289673,-0.7177046537399292,0.0,-1.9499999253864349,0.19700005619322286,-0.4345159395690814,0.0
1759838838.8646226,1,-1.2050001621245956,-0.8299997448920943,-0.7177030444144975,0.0,-1.734999179840088,-0.34999901056289673,-0.7177046537399292,0.0,-1.9499999253864349,0.19700005619322286,-0.4345159395690814,0.0
1759838838.8808599,1,-1.2050001621245956,-0.8299997448920943,-0.7177030444144975,0.0,-1.734999179840088,-0.34999901056289673,-0.7177046537399292,0.0,-1.9499999253864349,0.19700005619322286,-0.4345159395690814,0.0
1759838838.89213,1,-1.2050001621245956,-0.8299997448920943,-0.7177030444144975,0.0,-1.734999179840088,-0.34999901056289673,-0.7177046537399292,0.0,-1.9499999253864349,0.19700005619322286,-0.4345159395690814,0.0
1759838838.9127822,1,-1.2050001621245956,-0.8299997448920943,-0.7177030444144975,0.0,-1.734999179840088,-0.34999901056289673,-0.7177046537399292,0.0,-1.9499999253864349,0.19700005619322286,-0.4345159395690814,0.0
1759838838.9224505,1,-1.2050001621245956,-0.8299997448920943,-0.7177030444144975,0.0,-1.734999179840088,-0.34999901056289673,-0.7177046537399292,0.0,-1.9499999253864349,0.19700005619322286,-0.4345159395690814,0.0
1759838838.9332023,1,-1.2050001621245956,-0.8299997448920943,-0.7177030444144975,0.0,-1.734999179840088,-0.34999901056289673,-0.7177046537399292,0.0,-1.9499999253864349,0.19700005619322286,-0.4345159395690814,0.0
1759838838.9469993,1,-1.2050001621245956,-0.8299997448920943,-0.7177030444144975,0.0,-1.734999179840088,-0.34999901056289673,-0.7177046537399292,0.0,-1.9499999253864349,0.19700005619322286,-0.4345159395690814,0.0
1759838838.9575124,1,-1.2050001621245956,-0.8299997448920943,-0.7177030444144975,0.0,-1.734999179840088,-0.34999901056289673,-0.7177046537399292,0.0,-1.9499999253864349,0.19700005619322286,-0.4345159395690814,0.0
1759838838.9681516,1,-1.2050001621245956,-0.8299997448920943,-0.7177030444144975,0.0,-1.734999179840088,-0.34999901056289673,-0.7177046537399292,0.0,-1.9499999253864349,0.19700005619322286,-0.4345159395690814,0.0
1759838838.9795277,1,-1.2050001621245956,-0.8299997448920943,-0.7177030444144975,0.0,-1.734999179840088,-0.34999901056289673,-0.7177046537399292,0.0,-1.9499999253864349,0.19700005619322286,-0.4345159395690814,0.0
1759838838.9980533,1,-1.2050001621245956,-0.8299997448920943,-0.7177030444144975,0.0,-1.734999179840088,-0.34999901056289673,-0.7177046537399292,0.0,-1.9499999253864349,0.19700005619322286,-0.4345159395690814,0.0
1759838839.0094767,1,-1.2050001621245956,-0.8299997448920943,-0.7177030444144975,0.0,-1.734999179840088,-0.34999901056289673,-0.7177046537399292,0.0,-1.9499999253864349,0.19700005619322286,-0.4345159395690814,0.0
1759838839.0228999,1,-1.2050001621245956,-0.8299997448920943,-0.7177030444144975,0.0,-1.734999179840088,-0.34999901056289673,-0.7177046537399292,0.0,-1.9499999253864349,0.19700005619322286,-0.4345159395690814,0.0
1759838839.0335698,1,-1.2050001621245956,-0.8299997448920943,-0.7177030444144975,0.0,-1.734999179840088,-0.34999901056289673,-0.7177046537399292,0.0,-1.9499999253864349,0.19700005619322286,-0.4345159395690814,0.0
1759838839.0461583,1,-1.2050001621245956,-0.8299997448920943,-0.7177030444144975,0.0,-1.734999179840088,-0.34999901056289673,-0.7177046537399292,0.0,-1.9499999253864349,0.19700005619322286,-0.4345159395690814,0.0
1759838839.0562072,1,-1.2050001621245956,-0.8299997448920943,-0.7177030444144975,0.0,-1.734999179840088,-0.34999901056289673,-0.7177046537399292,0.0,-1.9499999253864349,0.19700005619322286,-0.4345159395690814,0.0
1759838839.0719166,1,-1.2050001621245956,-0.8299997448920943,-0.7177030444144975,0.0,-1.734999179840088,-0.34999901056289673,-0.7177046537399292,0.0,-1.9499999253864349,0.19700005619322286,-0.4345159395690814,0.0
1759838839.082324,1,-1.2050001621245956,-0.8299997448920943,-0.7177030444144975,0.0,-1.734999179840088,-0.34999901056289673,-0.7177046537399292,0.0,-1.9499999253864349,0.19700005619322286,-0.4345159395690814,0.0
1759838839.0973494,1,-1.2050001621245956,-0.8299997448920943,-0.7177030444144975,0.0,-1.734999179840088,-0.34999901056289673,-0.7177046537399292,0.0,-1.9499999253864349,0.19700005619322286,-0.4345159395690814,0.0
1759838839.1129818,1,-1.2050001621245956,-0.8299997448920943,-0.7177030444144975,0.0,-1.734999179840088,-0.34999901056289673,-0.7177046537399292,0.0,-1.9499999253864349,0.19700005619322286,-0.4345159395690814,0.0
1759838839.1233158,1,-1.2050001621245956,-0.8299997448920943,-0.7177030444144975,0.0,-1.734999179840088,-0.34999901056289673,-0.7177046537399292,0.0,-1.9499999253864349,0.19700005619322286,-0.4345159395690814,0.0
1759838839.1392994,1,-1.2050001621245956,-0.8299997448920943,-0.7177030444144975,0.0,-1.734999179840088,-0.34999901056289673,-0.7177046537399292,0.0,-1.9499999253864349,0.19700005619322286,-0.4345159395690814,0.0
1759838839.1501734,1,-1.2050001621245956,-0.8299997448920943,-0.7177030444144975,0.0,-1.734999179840088,-0.34999901056289673,-0.7177046537399292,0.0,-1.9499999253864349,0.19700005619322286,-0.4345159395690814,0.0
1759838839.164528,1,-1.2050001621245956,-0.8299997448920943,-0.7177030444144975,0.0,-1.734999179840088,-0.34999901056289673,-0.7177046537399292,0.0,-1.9499999253864349,0.19700005619322286,-0.4345159395690814,0.0
1759838839.175886,1,-1.2050001621245956,-0.8299997448920943,-0.7177030444144975,0.0,-1.734999179840088,-0.34999901056289673,-0.7177046537399292,0.0,-1.9499999253864349,0.19700005619322286,-0.4345159395690814,0.0
1759838839.191787,1,-1.2050001621245956,-0.8299997448920943,-0.7177030444144975,0.0,-1.734999179840088,-0.34999901056289673,-0.7177046537399292,0.0,-1.9499999253864349,0.19700005619322286,-0.4345159395690814,0.0
1759838839.2030563,1,-1.2050001621245956,-0.8299997448920943,-0.7177030444144975,0.0,-1.734999179840088,-0.34999901056289673,-0.7177046537399292,0.0,-1.9499999253864349,0.19700005619322286,-0.4345159395690814,0.0
1759838839.2159235,1,-1.2050001621245956,-0.8299997448920943,-0.7177030444144975,0.0,-1.734999179840088,-0.34999901056289673,-0.7177046537399292,0.0,-1.9499999253864349,0.19700005619322286,-0.4345159395690814,0.0
1759838839.22613,1,-1.2050001621245956,-0.8299997448920943,-0.7177030444144975,0.0,-1.734999179840088,-0.34999901056289673,-0.7177046537399292,0.0,-1.9499999253864349,0.19700005619322286,-0.4345159395690814,0.0
1759838839.2371957,1,-1.2050001621245956,-0.8299997448920943,-0.7177030444144975,0.0,-1.734999179840088,-0.34999901056289673,-0.7177046537399292,0.0,-1.9499999253864349,0.19700005619322286,-0.4345159395690814,0.0
1759838839.2498047,1,-1.2050001621245956,-0.8299997448920943,-0.7177030444144975,0.0,-1.734999179840088,-0.34999901056289673,-0.7177046537399292,0.0,-1.9499999253864349,0.19700005619322286,-0.4345159395690814,0.0
1759838839.2611234,1,-1.2050001621245956,-0.8299997448920943,-0.7177030444144975,0.0,-1.734999179840088,-0.34999901056289673,-0.7177046537399292,0.0,-1.9499999253864349,0.19700005619322286,-0.4345159395690814,0.0
1759838839.2722926,1,-1.2050001621245956,-0.8299997448920943,-0.7177030444144975,0.0,-1.734999179840088,-0.34999901056289673,-0.7177046537399292,0.0,-1.9499999253864349,0.19700005619322286,-0.4345159395690814,0.0
1759838839.28251,1,-1.2050001621245956,-0.8299997448920943,-0.7177030444144975,0.0,-1.734999179840088,-0.34999901056289673,-0.7177046537399292,0.0,-1.9499999253864349,0.19700005619322286,-0.4345159395690814,0.0
1759838839.2949512,1,-1.2050001621245956,-0.8299997448920943,-0.7177030444144975,0.0,-1.734999179840088,-0.34999901056289673,-0.7177046537399292,0.0,-1.9499999253864349,0.19700005619322286,-0.4345159395690814,0.0
1759838839.3050697,1,-1.2050001621245956,-0.8299997448920943,-0.7177030444144975,0.0,-1.734999179840088,-0.34999901056289673,-0.7177046537399292,0.0,-1.9499999253864349,0.19700005619322286,-0.4345159395690814,0.0
1759838839.3231812,1,-1.2050001621245956,-0.8299997448920943,-0.7177030444144975,0.0,-1.734999179840088,-0.34999901056289673,-0.7177046537399292,0.0,-1.9499999253864349,0.19700005619322286,-0.4345159395690814,0.0
1759838839.3334475,1,-1.2050001621245956,-0.8299997448920943,-0.7177030444144975,0.0,-1.734999179840088,-0.34999901056289673,-0.7177046537399292,0.0,-1.9499999253864349,0.19700005619322286,-0.4345159395690814,0.0
1759838839.3448403,1,-1.2050001621245956,-0.8299997448920943,-0.7177030444144975,0.0,-1.734999179840088,-0.34999901056289673,-0.7177046537399292,0.0,-1.9499999253864349,0.19700005619322286,-0.4345159395690814,0.0
1759838839.3558168,1,-1.2050001621245956,-0.8299997448920943,-0.7177030444144975,0.0,-1.734999179840088,-0.34999901056289673,-0.7177046537399292,0.0,-1.9499999253864349,0.19700005619322286,-0.4345159395690814,0.0
1759838839.3665688,1,-1.2050001621245956,-0.8299997448920943,-0.7177030444144975,0.0,-1.734999179840088,-0.34999901056289673,-0.7177046537399292,0.0,-1.9499999253864349,0.19700005619322286,-0.4345159395690814,0.0
1759838839.3768575,1,-1.2050001621245956,-0.8299997448920943,-0.7177030444144975,0.0,-1.734999179840088,-0.34999901056289673,-0.7177046537399292,0.0,-1.9499999253864349,0.19700005619322286,-0.4345159395690814,0.0
1759838839.3891397,1,-1.2050001621245956,-0.8299997448920943,-0.7177030444144975,0.0,-1.734999179840088,-0.34999901056289673,-0.7177046537399292,0.0,-1.9499999253864349,0.19700005619322286,-0.4345159395690814,0.0
1759838839.3998766,1,-1.2050001621245956,-0.8299997448920943,-0.7177030444144975,0.0,-1.734999179840088,-0.34999901056289673,-0.7177046537399292,0.0,-1.9499999253864349,0.19700005619322286,-0.4345159395690814,0.0
1759838839.4106843,1,-1.2050001621245956,-0.8299997448920943,-0.7177030444144975,0.0,-1.734999179840088,-0.34999901056289673,-0.7177046537399292,0.0,-1.9499999253864349,0.19700005619322286,-0.4345159395690814,0.0
1759838839.4210746,1,-1.2050001621245956,-0.8299997448920943,-0.7177030444144975,0.0,-1.734999179840088,-0.34999901056289673,-0.7177046537399292,0.0,-1.9499999253864349,0.19700005619322286,-0.4345159395690814,0.0
1759838839.431873,1,-1.2050001621245956,-0.8299997448920943,-0.7177030444144975,0.0,-1.734999179840088,-0.34999901056289673,-0.7177046537399292,0.0,-1.9499999253864349,0.19700005619322286,-0.4345159395690814,0.0
1759838839.4431474,1,-1.2050001621245956,-0.8299997448920943,-0.7177030444144975,0.0,-1.734999179840088,-0.34999901056289673,-0.7177046537399292,0.0,-1.9499999253864349,0.19700005619322286,-0.4345159395690814,0.0
1759838839.4531503,1,-1.2050001621245956,-0.8299997448920943,-0.7177030444144975,0.0,-1.734999179840088,-0.34999901056289673,-0.7177046537399292,0.0,-1.9499999253864349,0.19700005619322286,-0.4345159395690814,0.0
1759838839.4635315,1,-1.2050001621245956,-0.8299997448920943,-0.7177030444144975,0.0,-1.734999179840088,-0.34999901056289673,-0.7177046537399292,0.0,-1.9499999253864349,0.19700005619322286,-0.4345159395690814,0.0
1759838839.4745336,1,-1.2050001621245956,-0.8299997448920943,-0.7177030444144975,0.0,-1.734999179840088,-0.34999901056289673,-0.7177046537399292,0.0,-1.9499999253864349,0.19700005619322286,-0.4345159395690814,0.0
1759838839.4858744,1,-1.2050001621245956,-0.8299997448920943,-0.7177030444144975,0.0,-1.734999179840088,-0.34999901056289673,-0.7177046537399292,0.0,-1.9499999253864349,0.19700005619322286,-0.4345159395690814,0.0
1759838839.4985862,1,-1.2050001621245956,-0.8299997448920943,-0.7177030444144975,0.0,-1.734999179840088,-0.34999901056289673,-0.7177046537399292,0.0,-1.9499999253864349,0.19700005619322286,-0.4345159395690814,0.0
1759838839.509781,1,-1.2050001621245956,-0.8299997448920943,-0.7177030444144975,0.0,-1.734999179840088,-0.34999901056289673,-0.7177046537399292,0.0,-1.9499999253864349,0.19700005619322286,-0.4345159395690814,0.0
1759838839.5255575,1,-1.2050001621245956,-0.8299997448920943,-0.7177030444144975,0.0,-1.734999179840088,-0.34999901056289673,-0.7177046537399292,0.0,-1.9499999253864349,0.19700005619322286,-0.4345159395690814,0.0
1759838839.5357332,1,-1.2050001621245956,-0.8299997448920943,-0.7177030444144975,0.0,-1.734999179840088,-0.34999901056289673,-0.7177046537399292,0.0,-1.9499999253864349,0.19700005619322286,-0.4345159395690814,0.0
1759838839.5463548,1,-1.2050001621245956,-0.8299997448920943,-0.7177030444144975,0.0,-1.734999179840088,-0.34999901056289673,-0.7177046537399292,0.0,-1.9499999253864349,0.19700005619322286,-0.4345159395690814,0.0
1759838839.5567224,1,-1.2050001621245956,-0.8299997448920943,-0.7177030444144975,0.0,-1.734999179840088,-0.34999901056289673,-0.7177046537399292,0.0,-1.9499999253864349,0.19700005619322286,-0.4345159395690814,0.0
1759838839.5671906,1,-1.2050001621245956,-0.8299997448920943,-0.7177030444144975,0.0,-1.734999179840088,-0.34999901056289673,-0.7177046537399292,0.0,-1.9499999253864349,0.19700005619322286,-0.4345159395690814,0.0
1759838839.5786564,1,-1.2050001621245956,-0.8299997448920943,-0.7177030444144975,0.0,-1.734999179840088,-0.34999901056289673,-0.7177046537399292,0.0,-1.9499999253864349,0.19700005619322286,-0.4345159395690814,0.0
1759838839.5889075,1,-1.2050001621245956,-0.8299997448920943,-0.7177030444144975,0.0,-1.734999179840088,-0.34999901056289673,-0.7177046537399292,0.0,-1.9499999253864349,0.19700005619322286,-0.4345159395690814,0.0
1759838839.600215,1,-1.2050001621245956,-0.8299997448920943,-0.7177030444144975,0.0,-1.734999179840088,-0.34999901056289673,-0.7177046537399292,0.0,-1.9499999253864349,0.19700005619322286,-0.4345159395690814,0.0
1759838839.6103394,1,-1.2050001621245956,-0.8299997448920943,-0.7177030444144975,0.0,-1.734999179840088,-0.34999901056289673,-0.7177046537399292,0.0,-1.9499999253864349,0.19700005619322286,-0.4345159395690814,0.0
1759838839.6215942,1,-1.2050001621245956,-0.8299997448920943,-0.7177030444144975,0.0,-1.734999179840088,-0.34999901056289673,-0.7177046537399292,0.0,-1.9499999253864349,0.19700005619322286,-0.4345159395690814,0.0
1759838839.6330419,1,-1.2050001621245956,-0.8299997448920943,-0.7177030444144975,0.0,-1.734999179840088,-0.34999901056289673,-0.7177046537399292,0.0,-1.9499999253864349,0.19700005619322286,-0.4345159395690814,0.0
1759838839.644425,1,-1.2050001621245956,-0.8299997448920943,-0.7177030444144975,0.0,-1.734999179840088,-0.34999901056289673,-0.7177046537399292,0.0,-1.9499999253864349,0.19700005619322286,-0.4345159395690814,0.0
1759838839.654524,1,-1.2050001621245956,-0.8299997448920943,-0.7177030444144975,0.0,-1.734999179840088,-0.34999901056289673,-0.7177046537399292,0.0,-1.9499999253864349,0.19700005619322286,-0.4345159395690814,0.0
1759838839.6657495,1,-1.2050001621245956,-0.8299997448920943,-0.7177030444144975,0.0,-1.734999179840088,-0.34999901056289673,-0.7177046537399292,0.0,-1.9499999253864349,0.19700005619322286,-0.4345159395690814,0.0
1759838839.6770992,1,-1.2050001621245956,-0.8299997448920943,-0.7177030444144975,0.0,-1.734999179840088,-0.34999901056289673,-0.7177046537399292,0.0,-1.9499999253864349,0.19700005619322286,-0.4345159395690814,0.0
1759838839.6882386,1,-1.2050001621245956,-0.8299997448920943,-0.7177030444144975,0.0,-1.734999179840088,-0.34999901056289673,-0.7177046537399292,0.0,-1.9499999253864349,0.19700005619322286,-0.4345159395690814,0.0
1759838839.699298,1,-1.2050001621245956,-0.8299997448920943,-0.7177030444144975,0.0,-1.734999179840088,-0.34999901056289673,-0.7177046537399292,0.0,-1.9499999253864349,0.19700005619322286,-0.4345159395690814,0.0
1759838839.7099066,1,-1.2050001621245956,-0.8299997448920943,-0.7177030444144975,0.0,-1.734999179840088,-0.34999901056289673,-0.7177046537399292,0.0,-1.9499999253864349,0.19700005619322286,-0.4345159395690814,0.0
1759838839.7255363,1,-1.2050001621245956,-0.8299997448920943,-0.7177030444144975,0.0,-1.734999179840088,-0.34999901056289673,-0.7177046537399292,0.0,-1.9499999253864349,0.19700005619322286,-0.4345159395690814,0.0
1759838839.7357204,1,-1.2050001621245956,-0.8299997448920943,-0.7177030444144975,0.0,-1.734999179840088,-0.34999901056289673,-0.7177046537399292,0.0,-1.9499999253864349,0.19700005619322286,-0.4345159395690814,0.0
1759838839.7471762,1,-1.2050001621245956,-0.8299997448920943,-0.7177030444144975,0.0,-1.734999179840088,-0.34999901056289673,-0.7177046537399292,0.0,-1.9499999253864349,0.19700005619322286,-0.4345159395690814,0.0
1759838839.7578204,1,-1.2050001621245956,-0.8299997448920943,-0.7177030444144975,0.0,-1.734999179840088,-0.34999901056289673,-0.7177046537399292,0.0,-1.9499999253864349,0.19700005619322286,-0.4345159395690814,0.0
1759838839.7699275,1,-1.2050001621245956,-0.8299997448920943,-0.7177030444144975,0.0,-1.734999179840088,-0.34999901056289673,-0.7177046537399292,0.0,-1.9499999253864349,0.19700005619322286,-0.4345159395690814,0.0
1759838839.7810938,1,-1.2050001621245956,-0.8299997448920943,-0.7177030444144975,0.0,-1.734999179840088,-0.34999901056289673,-0.7177046537399292,0.0,-1.9499999253864349,0.19700005619322286,-0.4345159395690814,0.0
1759838839.792344,1,-1.2050001621245956,-0.8299997448920943,-0.7177030444144975,0.0,-1.734999179840088,-0.34999901056289673,-0.7177046537399292,0.0,-1.9499999253864349,0.19700005619322286,-0.4345159395690814,0.0
1759838839.8046117,1,-1.2050001621245956,-0.8299997448920943,-0.7177030444144975,0.0,-1.734999179840088,-0.34999901056289673,-0.7177046537399292,0.0,-1.9499999253864349,0.19700005619322286,-0.4345159395690814,0.0
1759838839.8154786,1,-1.2050001621245956,-0.8299997448920943,-0.7177030444144975,0.0,-1.734999179840088,-0.34999901056289673,-0.7177046537399292,0.0,-1.9499999253864349,0.19700005619322286,-0.4345159395690814,0.0
1759838839.8279538,1,-1.2050001621245956,-0.8299997448920943,-0.7177030444144975,0.0,-1.734999179840088,-0.34999901056289673,-0.7177046537399292,0.0,-1.9499999253864349,0.19700005619322286,-0.4345159395690814,0.0
1759838839.8393855,1,-1.2050001621245956,-0.8299997448920943,-0.7177030444144975,0.0,-1.734999179840088,-0.34999901056289673,-0.7177046537399292,0.0,-1.9499999253864349,0.19700005619322286,-0.4345159395690814,0.0
1759838839.850849,1,-1.2050001621245956,-0.8299997448920943,-0.7177030444144975,0.0,-1.734999179840088,-0.34999901056289673,-0.7177046537399292,0.0,-1.9499999253864349,0.19700005619322286,-0.4345159395690814,0.0
1759838839.8627796,1,-1.2050001621245956,-0.8299997448920943,-0.7177030444144975,0.0,-1.734999179840088,-0.34999901056289673,-0.7177046537399292,0.0,-1.9499999253864349,0.19700005619322286,-0.4345159395690814,0.0
1759838839.8738225,1,-1.2050001621245956,-0.8299997448920943,-0.7177030444144975,0.0,-1.734999179840088,-0.34999901056289673,-0.7177046537399292,0.0,-1.9499999253864349,0.19700005619322286,-0.4345159395690814,0.0
1759838839.8841915,1,-1.2050001621245956,-0.8299997448920943,-0.7177030444144975,0.0,-1.734999179840088,-0.34999901056289673,-0.7177046537399292,0.0,-1.9499999253864349,0.19700005619322286,-0.4345159395690814,0.0
1759838839.895877,1,-1.2050001621245956,-0.8299997448920943,-0.7177030444144975,0.0,-1.734999179840088,-0.34999901056289673,-0.7177046537399292,0.0,-1.9499999253864349,0.19700005619322286,-0.4345159395690814,0.0
1759838839.9072647,1,-1.2050001621245956,-0.8299997448920943,-0.7177030444144975,0.0,-1.734999179840088,-0.34999901056289673,-0.7177046537399292,0.0,-1.9499999253864349,0.19700005619322286,-0.4345159395690814,0.0
1759838839.9243362,1,-1.2050001621245956,-0.8299997448920943,-0.7177030444144975,0.0,-1.734999179840088,-0.34999901056289673,-0.7177046537399292,0.0,-1.9499999253864349,0.19700005619322286,-0.4345159395690814,0.0
1759838839.9334853,1,-1.2050001621245956,-0.8299997448920943,-0.7177030444144975,0.0,-1.734999179840088,-0.34999901056289673,-0.7177046537399292,0.0,-1.9499999253864349,0.19700005619322286,-0.4345159395690814,0.0
1759838839.9435747,1,-1.2050001621245956,-0.8299997448920943,-0.7177030444144975,0.0,-1.734999179840088,-0.34999901056289673,-0.7177046537399292,0.0,-1.9499999253864349,0.19700005619322286,-0.4345159395690814,0.0
1759838839.9549057,1,-1.2050001621245956,-0.8299997448920943,-0.7177030444144975,0.0,-1.734999179840088,-0.34999901056289673,-0.7177046537399292,0.0,-1.9499999253864349,0.19700005619322286,-0.4345159395690814,0.0
1759838839.9649966,1,-1.2050001621245956,-0.8299997448920943,-0.7177030444144975,0.0,-1.734999179840088,-0.34999901056289673,-0.7177046537399292,0.0,-1.9499999253864349,0.19700005619322286,-0.4345159395690814,0.0
1759838839.975431,1,-1.2050001621245956,-0.8299997448920943,-0.7177030444144975,0.0,-1.734999179840088,-0.34999901056289673,-0.7177046537399292,0.0,-1.9499999253864349,0.19700005619322286,-0.4345159395690814,0.0
1759838839.9857736,1,-1.2050001621245956,-0.8299997448920943,-0.7177030444144975,0.0,-1.734999179840088,-0.34999901056289673,-0.7177046537399292,0.0,-1.9499999253864349,0.19700005619322286,-0.4345159395690814,0.0
1759838839.9961154,1,-1.2050001621245956,-0.8299997448920943,-0.7177030444144975,0.0,-1.734999179840088,-0.34999901056289673,-0.7177046537399292,0.0,-1.9499999253864349,0.19700005619322286,-0.4345159395690814,0.0
1759838840.007548,1,-1.2050001621245956,-0.8299997448920943,-0.7177030444144975,0.0,-1.734999179840088,-0.34999901056289673,-0.7177046537399292,0.0,-1.9499999253864349,0.19700005619322286,-0.4345159395690814,0.0
1759838840.0200903,1,-1.2050001621245956,-0.8299997448920943,-0.7177030444144975,0.0,-1.734999179840088,-0.34999901056289673,-0.7177046537399292,0.0,-1.9499999253864349,0.19700005619322286,-0.4345159395690814,0.0
1759838840.031401,1,-1.2050001621245956,-0.8299997448920943,-0.7177030444144975,0.0,-1.734999179840088,-0.34999901056289673,-0.7177046537399292,0.0,-1.9499999253864349,0.19700005619322286,-0.4345159395690814,0.0
1759838840.0452802,1,-1.2050001621245956,-0.8299997448920943,-0.7177030444144975,0.0,-1.734999179840088,-0.34999901056289673,-0.7177046537399292,0.0,-1.9499999253864349,0.19700005619322286,-0.4345159395690814,0.0
1759838840.0557353,1,-1.2050001621245956,-0.8299997448920943,-0.7177030444144975,0.0,-1.734999179840088,-0.34999901056289673,-0.7177046537399292,0.0,-1.9499999253864349,0.19700005619322286,-0.4345159395690814,0.0
1759838840.068654,1,-1.2050001621245956,-0.8299997448920943,-0.7177030444144975,0.0,-1.734999179840088,-0.34999901056289673,-0.7177046537399292,0.0,-1.9499999253864349,0.19700005619322286,-0.4345159395690814,0.0
1759838840.0792513,1,-1.2050001621245956,-0.8299997448920943,-0.7177030444144975,0.0,-1.734999179840088,-0.34999901056289673,-0.7177046537399292,0.0,-1.9499999253864349,0.19700005619322286,-0.4345159395690814,0.0
1759838840.090594,1,-1.2050001621245956,-0.8299997448920943,-0.7177030444144975,0.0,-1.734999179840088,-0.34999901056289673,-0.7177046537399292,0.0,-1.9499999253864349,0.19700005619322286,-0.4345159395690814,0.0
1759838840.102465,1,-1.2050001621245956,-0.8299997448920943,-0.7177030444144975,0.0,-1.734999179840088,-0.34999901056289673,-0.7177046537399292,0.0,-1.9499999253864349,0.19700005619322286,-0.4345159395690814,0.0
1759838840.113075,1,-1.2050001621245956,-0.8299997448920943,-0.7177030444144975,0.0,-1.734999179840088,-0.34999901056289673,-0.7177046537399292,0.0,-1.9499999253864349,0.19700005619322286,-0.4345159395690814,0.0
1759838840.1285152,1,-1.2050001621245956,-0.8299997448920943,-0.7177030444144975,0.0,-1.734999179840088,-0.34999901056289673,-0.7177046537399292,0.0,-1.9499999253864349,0.19700005619322286,-0.4345159395690814,0.0
1759838840.136361,1,-1.2050001621245956,-0.8299997448920943,-0.7177030444144975,0.0,-1.734999179840088,-0.34999901056289673,-0.7177046537399292,0.0,-1.9499999253864349,0.19700005619322286,-0.4345159395690814,0.0
1759838840.1478705,1,-1.2050001621245956,-0.8299997448920943,-0.7177030444144975,0.0,-1.734999179840088,-0.34999901056289673,-0.7177046537399292,0.0,-1.9499999253864349,0.19700005619322286,-0.4345159395690814,0.0
1759838840.1593409,1,-1.2050001621245956,-0.8299997448920943,-0.7177030444144975,0.0,-1.734999179840088,-0.34999901056289673,-0.7177046537399292,0.0,-1.9499999253864349,0.19700005619322286,-0.4345159395690814,0.0
1759838840.169572,1,-1.2050001621245956,-0.8299997448920943,-0.7177030444144975,0.0,-1.734999179840088,-0.34999901056289673,-0.7177046537399292,0.0,-1.9499999253864349,0.19700005619322286,-0.4345159395690814,0.0
1759838840.1799545,1,-1.2050001621245956,-0.8299997448920943,-0.7177030444144975,0.0,-1.734999179840088,-0.34999901056289673,-0.7177046537399292,0.0,-1.9499999253864349,0.19700005619322286,-0.4345159395690814,0.0
1759838840.1901357,1,-1.2050001621245956,-0.8299997448920943,-0.7177030444144975,0.0,-1.734999179840088,-0.34999901056289673,-0.7177046537399292,0.0,-1.9499999253864349,0.19700005619322286,-0.4345159395690814,0.0
1759838840.2004385,1,-1.2050001621245956,-0.8299997448920943,-0.7177030444144975,0.0,-1.734999179840088,-0.34999901056289673,-0.7177046537399292,0.0,-1.9499999253864349,0.19700005619322286,-0.4345159395690814,0.0
1759838840.2107222,1,-1.2050001621245956,-0.8299997448920943,-0.7177030444144975,0.0,-1.734999179840088,-0.34999901056289673,-0.7177046537399292,0.0,-1.9499999253864349,0.19700005619322286,-0.4345159395690814,0.0
1759838840.221378,1,-1.2050001621245956,-0.8299997448920943,-0.7177030444144975,0.0,-1.734999179840088,-0.34999901056289673,-0.7177046537399292,0.0,-1.9499999253864349,0.19700005619322286,-0.4345159395690814,0.0
1759838840.2337685,1,-1.2050001621245956,-0.8299997448920943,-0.7177030444144975,0.0,-1.734999179840088,-0.34999901056289673,-0.7177046537399292,0.0,-1.9499999253864349,0.19700005619322286,-0.4345159395690814,0.0
1759838840.2488432,1,-1.2050001621245956,-0.8299997448920943,-0.7177030444144975,0.0,-1.734999179840088,-0.34999901056289673,-0.7177046537399292,0.0,-1.9499999253864349,0.19700005619322286,-0.4345159395690814,0.0
1759838840.259246,1,-1.2050001621245956,-0.8299997448920943,-0.7177030444144975,0.0,-1.734999179840088,-0.34999901056289673,-0.7177046537399292,0.0,-1.9499999253864349,0.19700005619322286,-0.4345159395690814,0.0
1759838840.2693048,1,-1.2050001621245956,-0.8299997448920943,-0.7177030444144975,0.0,-1.734999179840088,-0.34999901056289673,-0.7177046537399292,0.0,-1.9499999253864349,0.19700005619322286,-0.4345159395690814,0.0
1759838840.2802577,1,-1.2050001621245956,-0.8299997448920943,-0.7177030444144975,0.0,-1.734999179840088,-0.34999901056289673,-0.7177046537399292,0.0,-1.9499999253864349,0.19700005619322286,-0.4345159395690814,0.0
1759838840.2904673,1,-1.2050001621245956,-0.8299997448920943,-0.7177030444144975,0.0,-1.734999179840088,-0.34999901056289673,-0.7177046537399292,0.0,-1.9499999253864349,0.19700005619322286,-0.4345159395690814,0.0
1759838840.3009257,1,-1.2050001621245956,-0.8299997448920943,-0.7177030444144975,0.0,-1.734999179840088,-0.34999901056289673,-0.7177046537399292,0.0,-1.9499999253864349,0.19700005619322286,-0.4345159395690814,0.0
1759838840.3115592,1,-1.2050001621245956,-0.8299997448920943,-0.7177030444144975,0.0,-1.734999179840088,-0.34999901056289673,-0.7177046537399292,0.0,-1.9499999253864349,0.19700005619322286,-0.4345159395690814,0.0
1759838840.3220081,1,-1.2050001621245956,-0.8299997448920943,-0.7177030444144975,0.0,-1.734999179840088,-0.34999901056289673,-0.7177046537399292,0.0,-1.9499999253864349,0.19700005619322286,-0.4345159395690814,0.0
1759838840.3381925,1,-1.2050001621245956,-0.8299997448920943,-0.7177030444144975,0.0,-1.734999179840088,-0.34999901056289673,-0.7177046537399292,0.0,-1.9499999253864349,0.19700005619322286,-0.4345159395690814,0.0
1759838840.3463051,1,-1.2050001621245956,-0.8299997448920943,-0.7177030444144975,0.0,-1.734999179840088,-0.34999901056289673,-0.7177046537399292,0.0,-1.9499999253864349,0.19700005619322286,-0.4345159395690814,0.0
1759838840.3566115,1,-1.2050001621245956,-0.8299997448920943,-0.7177030444144975,0.0,-1.734999179840088,-0.34999901056289673,-0.7177046537399292,0.0,-1.9499999253864349,0.19700005619322286,-0.4345159395690814,0.0
1759838840.367264,1,-1.2050001621245956,-0.8299997448920943,-0.7177030444144975,0.0,-1.734999179840088,-0.34999901056289673,-0.7177046537399292,0.0,-1.9499999253864349,0.19700005619322286,-0.4345159395690814,0.0
1759838840.3786051,1,-1.2050001621245956,-0.8299997448920943,-0.7177030444144975,0.0,-1.734999179840088,-0.34999901056289673,-0.7177046537399292,0.0,-1.9499999253864349,0.19700005619322286,-0.4345159395690814,0.0
1759838840.389089,1,-1.2050001621245956,-0.8299997448920943,-0.7177030444144975,0.0,-1.734999179840088,-0.34999901056289673,-0.7177046537399292,0.0,-1.9499999253864349,0.19700005619322286,-0.4345159395690814,0.0
1759838840.3999465,1,-1.2050001621245956,-0.8299997448920943,-0.7177030444144975,0.0,-1.734999179840088,-0.34999901056289673,-0.7177046537399292,0.0,-1.9499999253864349,0.19700005619322286,-0.4345159395690814,0.0
1759838840.410916,1,-1.2050001621245956,-0.8299997448920943,-0.7177030444144975,0.0,-1.734999179840088,-0.34999901056289673,-0.7177046537399292,0.0,-1.9499999253864349,0.19700005619322286,-0.4345159395690814,0.0
1759838840.4211638,1,-1.2050001621245956,-0.8299997448920943,-0.7177030444144975,0.0,-1.734999179840088,-0.34999901056289673,-0.7177046537399292,0.0,-1.9499999253864349,0.19700005619322286,-0.4345159395690814,0.0
1759838840.4327023,1,-1.2050001621245956,-0.8299997448920943,-0.7177030444144975,0.0,-1.734999179840088,-0.34999901056289673,-0.7177046537399292,0.0,-1.9499999253864349,0.19700005619322286,-0.4345159395690814,0.0
1759838840.4428573,1,-1.2050001621245956,-0.8299997448920943,-0.7177030444144975,0.0,-1.734999179840088,-0.34999901056289673,-0.7177046537399292,0.0,-1.9499999253864349,0.19700005619322286,-0.4345159395690814,0.0
1759838840.453719,1,-1.2050001621245956,-0.8299997448920943,-0.7177030444144975,0.0,-1.734999179840088,-0.34999901056289673,-0.7177046537399292,0.0,-1.9499999253864349,0.19700005619322286,-0.4345159395690814,0.0
1759838840.4674368,1,-1.2050001621245956,-0.8299997448920943,-0.7177030444144975,0.0,-1.734999179840088,-0.34999901056289673,-0.7177046537399292,0.0,-1.9499999253864349,0.19700005619322286,-0.4345159395690814,0.0
1759838840.4783936,1,-1.2050001621245956,-0.8299997448920943,-0.7177030444144975,0.0,-1.734999179840088,-0.34999901056289673,-0.7177046537399292,0.0,-1.9499999253864349,0.19700005619322286,-0.4345159395690814,0.0
1759838840.4887528,1,-1.2050001621245956,-0.8299997448920943,-0.7177030444144975,0.0,-1.734999179840088,-0.34999901056289673,-0.7177046537399292,0.0,-1.9499999253864349,0.19700005619322286,-0.4345159395690814,0.0
1759838840.5009117,1,-1.2050001621245956,-0.8299997448920943,-0.7177030444144975,0.0,-1.734999179840088,-0.34999901056289673,-0.7177046537399292,0.0,-1.9499999253864349,0.19700005619322286,-0.4345159395690814,0.0
1759838840.511356,1,-1.2050001621245956,-0.8299997448920943,-0.7177030444144975,0.0,-1.734999179840088,-0.34999901056289673,-0.7177046537399292,0.0,-1.9499999253864349,0.19700005619322286,-0.4345159395690814,0.0
1759838840.5251946,1,-1.2050001621245956,-0.8299997448920943,-0.7177030444144975,0.0,-1.734999179840088,-0.34999901056289673,-0.7177046537399292,0.0,-1.9499999253864349,0.19700005619322286,-0.4345159395690814,0.0
1759838840.5397987,1,-1.2050001621245956,-0.8299997448920943,-0.7177030444144975,0.0,-1.734999179840088,-0.34999901056289673,-0.7177046537399292,0.0,-1.9499999253864349,0.19700005619322286,-0.4345159395690814,0.0
1759838840.5535913,1,-1.2050001621245956,-0.8299997448920943,-0.7177030444144975,0.0,-1.734999179840088,-0.34999901056289673,-0.7177046537399292,0.0,-1.9499999253864349,0.19700005619322286,-0.4345159395690814,0.0
1759838840.5705292,1,-1.2050001621245956,-0.8299997448920943,-0.7177030444144975,0.0,-1.734999179840088,-0.34999901056289673,-0.7177046537399292,0.0,-1.9499999253864349,0.19700005619322286,-0.4345159395690814,0.0
1759838840.581592,1,-1.2050001621245956,-0.8299997448920943,-0.7177030444144975,0.0,-1.734999179840088,-0.34999901056289673,-0.7177046537399292,0.0,-1.9499999253864349,0.19700005619322286,-0.4345159395690814,0.0
1759838840.5928955,1,-1.2050001621245956,-0.8299997448920943,-0.7177030444144975,0.0,-1.734999179840088,-0.34999901056289673,-0.7177046537399292,0.0,-1.9499999253864349,0.19700005619322286,-0.4345159395690814,0.0
1759838840.6056128,1,-1.2050001621245956,-0.8299997448920943,-0.7177030444144975,0.0,-1.734999179840088,-0.34999901056289673,-0.7177046537399292,0.0,-1.9499999253864349,0.19700005619322286,-0.4345159395690814,0.0
1759838840.6160023,1,-1.2050001621245956,-0.8299997448920943,-0.7177030444144975,0.0,-1.734999179840088,-0.34999901056289673,-0.7177046537399292,0.0,-1.9499999253864349,0.19700005619322286,-0.4345159395690814,0.0
1759838840.6270041,1,-1.2050001621245956,-0.8299997448920943,-0.7177030444144975,0.0,-1.734999179840088,-0.34999901056289673,-0.7177046537399292,0.0,-1.9499999253864349,0.19700005619322286,-0.4345159395690814,0.0
1759838840.6381934,1,-1.2050001621245956,-0.8299997448920943,-0.7177030444144975,0.0,-1.734999179840088,-0.34999901056289673,-0.7177046537399292,0.0,-1.9499999253864349,0.19700005619322286,-0.4345159395690814,0.0
1759838840.648764,1,-1.2050001621245956,-0.8299997448920943,-0.7177030444144975,0.0,-1.734999179840088,-0.34999901056289673,-0.7177046537399292,0.0,-1.9499999253864349,0.19700005619322286,-0.4345159395690814,0.0
1759838840.6604977,1,-1.2050001621245956,-0.8299997448920943,-0.7177030444144975,0.0,-1.734999179840088,-0.34999901056289673,-0.7177046537399292,0.0,-1.9499999253864349,0.19700005619322286,-0.4345159395690814,0.0
1759838840.6726923,1,-1.2050001621245956,-0.8299997448920943,-0.7177030444144975,0.0,-1.734999179840088,-0.34999901056289673,-0.7177046537399292,0.0,-1.9499999253864349,0.19700005619322286,-0.4345159395690814,0.0
1759838840.6827757,1,-1.2050001621245956,-0.8299997448920943,-0.7177030444144975,0.0,-1.734999179840088,-0.34999901056289673,-0.7177046537399292,0.0,-1.9499999253864349,0.19700005619322286,-0.4345159395690814,0.0
1759838840.6946223,1,-1.2050001621245956,-0.8299997448920943,-0.7177030444144975,0.0,-1.734999179840088,-0.34999901056289673,-0.7177046537399292,0.0,-1.9499999253864349,0.19700005619322286,-0.4345159395690814,0.0
1759838840.7051241,1,-1.2050001621245956,-0.8299997448920943,-0.7177030444144975,0.0,-1.734999179840088,-0.34999901056289673,-0.7177046537399292,0.0,-1.9499999253864349,0.19700005619322286,-0.4345159395690814,0.0
1759838840.715932,1,-1.2050001621245956,-0.8299997448920943,-0.7177030444144975,0.0,-1.734999179840088,-0.34999901056289673,-0.7177046537399292,0.0,-1.9499999253864349,0.19700005619322286,-0.4345159395690814,0.0
1759838840.727392,1,-1.2050001621245956,-0.8299997448920943,-0.7177030444144975,0.0,-1.734999179840088,-0.34999901056289673,-0.7177046537399292,0.0,-1.9499999253864349,0.19700005619322286,-0.4345159395690814,0.0
1759838840.745701,1,-1.2050001621245956,-0.8299997448920943,-0.7177030444144975,0.0,-1.734999179840088,-0.34999901056289673,-0.7177046537399292,0.0,-1.9499999253864349,0.19700005619322286,-0.4345159395690814,0.0
1759838840.755889,1,-1.2050001621245956,-0.8299997448920943,-0.7177030444144975,0.0,-1.734999179840088,-0.34999901056289673,-0.7177046537399292,0.0,-1.9499999253864349,0.19700005619322286,-0.4345159395690814,0.0
1759838840.7684996,1,-1.2050001621245956,-0.8299997448920943,-0.7177030444144975,0.0,-1.734999179840088,-0.34999901056289673,-0.7177046537399292,0.0,-1.9499999253864349,0.19700005619322286,-0.4345159395690814,0.0
1759838840.7790794,1,-1.2050001621245956,-0.8299997448920943,-0.7177030444144975,0.0,-1.734999179840088,-0.34999901056289673,-0.7177046537399292,0.0,-1.9499999253864349,0.19700005619322286,-0.4345159395690814,0.0
1759838840.7894504,1,-1.2050001621245956,-0.8299997448920943,-0.7177030444144975,0.0,-1.734999179840088,-0.34999901056289673,-0.7177046537399292,0.0,-1.9499999253864349,0.19700005619322286,-0.4345159395690814,0.0
1759838840.8003547,1,-1.2050001621245956,-0.8299997448920943,-0.7177030444144975,0.0,-1.734999179840088,-0.34999901056289673,-0.7177046537399292,0.0,-1.9499999253864349,0.19700005619322286,-0.4345159395690814,0.0
1759838840.811162,1,-1.2050001621245956,-0.8299997448920943,-0.7177030444144975,0.0,-1.734999179840088,-0.34999901056289673,-0.7177046537399292,0.0,-1.9499999253864349,0.19700005619322286,-0.4345159395690814,0.0
1759838840.821364,1,-1.2050001621245956,-0.8299997448920943,-0.7177030444144975,0.0,-1.734999179840088,-0.34999901056289673,-0.7177046537399292,0.0,-1.9499999253864349,0.19700005619322286,-0.4345159395690814,0.0
1759838840.8314648,1,-1.2050001621245956,-0.8299997448920943,-0.7177030444144975,0.0,-1.734999179840088,-0.34999901056289673,-0.7177046537399292,0.0,-1.9499999253864349,0.19700005619322286,-0.4345159395690814,0.0
1759838840.8442447,1,-1.2050001621245956,-0.8299997448920943,-0.7177030444144975,0.0,-1.734999179840088,-0.34999901056289673,-0.7177046537399292,0.0,-1.9499999253864349,0.19700005619322286,-0.4345159395690814,0.0
1759838840.855547,1,-1.2050001621245956,-0.8299997448920943,-0.7177030444144975,0.0,-1.734999179840088,-0.34999901056289673,-0.7177046537399292,0.0,-1.9499999253864349,0.19700005619322286,-0.4345159395690814,0.0
1759838840.865708,1,-1.2050001621245956,-0.8299997448920943,-0.7177030444144975,0.0,-1.734999179840088,-0.34999901056289673,-0.7177046537399292,0.0,-1.9499999253864349,0.19700005619322286,-0.4345159395690814,0.0
1759838840.8771832,1,-1.2050001621245956,-0.8299997448920943,-0.7177030444144975,0.0,-1.734999179840088,-0.34999901056289673,-0.7177046537399292,0.0,-1.9499999253864349,0.19700005619322286,-0.4345159395690814,0.0
1759838840.888722,1,-1.2050001621245956,-0.8299997448920943,-0.7177030444144975,0.0,-1.734999179840088,-0.34999901056289673,-0.7177046537399292,0.0,-1.9499999253864349,0.19700005619322286,-0.4345159395690814,0.0
1759838840.9002619,1,-1.2050001621245956,-0.8299997448920943,-0.7177030444144975,0.0,-1.734999179840088,-0.34999901056289673,-0.7177046537399292,0.0,-1.9499999253864349,0.19700005619322286,-0.4345159395690814,0.0
1759838840.9112499,1,-1.2050001621245956,-0.8299997448920943,-0.7177030444144975,0.0,-1.734999179840088,-0.34999901056289673,-0.7177046537399292,0.0,-1.9499999253864349,0.19700005619322286,-0.4345159395690814,0.0
1759838840.9217086,1,-1.2050001621245956,-0.8299997448920943,-0.7177030444144975,0.0,-1.734999179840088,-0.34999901056289673,-0.7177046537399292,0.0,-1.9499999253864349,0.19700005619322286,-0.4345159395690814,0.0
1759838840.932894,1,-1.2050001621245956,-0.8299997448920943,-0.7177030444144975,0.0,-1.734999179840088,-0.34999901056289673,-0.7177046537399292,0.0,-1.9499999253864349,0.19700005619322286,-0.4345159395690814,0.0
1759838840.9450336,1,-1.2050001621245956,-0.8299997448920943,-0.7177030444144975,0.0,-1.734999179840088,-0.34999901056289673,-0.7177046537399292,0.0,-1.9499999253864349,0.19700005619322286,-0.4345159395690814,0.0
1759838840.9562163,1,-1.2050001621245956,-0.8299997448920943,-0.7177030444144975,0.0,-1.734999179840088,-0.34999901056289673,-0.7177046537399292,0.0,-1.9499999253864349,0.19700005619322286,-0.4345159395690814,0.0
1759838840.9665077,1,-1.2050001621245956,-0.8299997448920943,-0.7177030444144975,0.0,-1.734999179840088,-0.34999901056289673,-0.7177046537399292,0.0,-1.9499999253864349,0.19700005619322286,-0.4345159395690814,0.0
1759838840.97781,1,-1.2050001621245956,-0.8299997448920943,-0.7177030444144975,0.0,-1.734999179840088,-0.34999901056289673,-0.7177046537399292,0.0,-1.9499999253864349,0.19700005619322286,-0.4345159395690814,0.0
1759838840.9878461,1,-1.2050001621245956,-0.8299997448920943,-0.7177030444144975,0.0,-1.734999179840088,-0.34999901056289673,-0.7177046537399292,0.0,-1.9499999253864349,0.19700005619322286,-0.4345159395690814,0.0
1759838840.9988632,1,-1.2050001621245956,-0.8299997448920943,-0.7177030444144975,0.0,-1.734999179840088,-0.34999901056289673,-0.7177046537399292,0.0,-1.9499999253864349,0.19700005619322286,-0.4345159395690814,0.0
1759838841.0102632,1,-1.2050001621245956,-0.8299997448920943,-0.7177030444144975,0.0,-1.734999179840088,-0.34999901056289673,-0.7177046537399292,0.0,-1.9499999253864349,0.19700005619322286,-0.4345159395690814,0.0
1759838841.0209985,1,-1.2050001621245956,-0.8299997448920943,-0.7177030444144975,0.0,-1.734999179840088,-0.34999901056289673,-0.7177046537399292,0.0,-1.9499999253864349,0.19700005619322286,-0.4345159395690814,0.0
1759838841.0321586,1,-1.2050001621245956,-0.8299997448920943,-0.7177030444144975,0.0,-1.734999179840088,-0.34999901056289673,-0.7177046537399292,0.0,-1.9499999253864349,0.19700005619322286,-0.4345159395690814,0.0
1759838841.0434783,1,-1.2050001621245956,-0.8299997448920943,-0.7177030444144975,0.0,-1.734999179840088,-0.34999901056289673,-0.7177046537399292,0.0,-1.9499999253864349,0.19700005619322286,-0.4345159395690814,0.0
1759838841.054926,1,-1.2050001621245956,-0.8299997448920943,-0.7177030444144975,0.0,-1.734999179840088,-0.34999901056289673,-0.7177046537399292,0.0,-1.9499999253864349,0.19700005619322286,-0.4345159395690814,0.0
1759838841.064997,1,-1.2050001621245956,-0.8299997448920943,-0.7177030444144975,0.0,-1.734999179840088,-0.34999901056289673,-0.7177046537399292,0.0,-1.9499999253864349,0.19700005619322286,-0.4345159395690814,0.0
1759838841.075002,1,-1.2050001621245956,-0.8299997448920943,-0.7177030444144975,0.0,-1.734999179840088,-0.34999901056289673,-0.7177046537399292,0.0,-1.9499999253864349,0.19700005619322286,-0.4345159395690814,0.0
1759838841.0862005,1,-1.2050001621245956,-0.8299997448920943,-0.7177030444144975,0.0,-1.734999179840088,-0.34999901056289673,-0.7177046537399292,0.0,-1.9499999253864349,0.19700005619322286,-0.4345159395690814,0.0
1759838841.097025,1,-1.2050001621245956,-0.8299997448920943,-0.7177030444144975,0.0,-1.734999179840088,-0.34999901056289673,-0.7177046537399292,0.0,-1.9499999253864349,0.19700005619322286,-0.4345159395690814,0.0
1759838841.1076958,1,-1.2050001621245956,-0.8299997448920943,-0.7177030444144975,0.0,-1.734999179840088,-0.34999901056289673,-0.7177046537399292,0.0,-1.9499999253864349,0.19700005619322286,-0.4345159395690814,0.0
1759838841.119523,1,-1.2050001621245956,-0.8299997448920943,-0.7177030444144975,0.0,-1.734999179840088,-0.34999901056289673,-0.7177046537399292,0.0,-1.9499999253864349,0.19700005619322286,-0.4345159395690814,0.0
1759838841.1303346,1,-1.2050001621245956,-0.8299997448920943,-0.7177030444144975,0.0,-1.734999179840088,-0.34999901056289673,-0.7177046537399292,0.0,-1.9499999253864349,0.19700005619322286,-0.4345159395690814,0.0
1759838841.1461482,1,-1.2050001621245956,-0.8299997448920943,-0.7177030444144975,0.0,-1.734999179840088,-0.34999901056289673,-0.7177046537399292,0.0,-1.9499999253864349,0.19700005619322286,-0.4345159395690814,0.0
1759838841.1568315,1,-1.2050001621245956,-0.8299997448920943,-0.7177030444144975,0.0,-1.734999179840088,-0.34999901056289673,-0.7177046537399292,0.0,-1.9499999253864349,0.19700005619322286,-0.4345159395690814,0.0
1759838841.1680307,1,-1.2050001621245956,-0.8299997448920943,-0.7177030444144975,0.0,-1.734999179840088,-0.34999901056289673,-0.7177046537399292,0.0,-1.9499999253864349,0.19700005619322286,-0.4345159395690814,0.0
1759838841.17922,1,-1.2050001621245956,-0.8299997448920943,-0.7177030444144975,0.0,-1.734999179840088,-0.34999901056289673,-0.7177046537399292,0.0,-1.9499999253864349,0.19700005619322286,-0.4345159395690814,0.0
1759838841.1905417,1,-1.2050001621245956,-0.8299997448920943,-0.7177030444144975,0.0,-1.734999179840088,-0.34999901056289673,-0.7177046537399292,0.0,-1.9499999253864349,0.19700005619322286,-0.4345159395690814,0.0
1759838841.201529,1,-1.2050001621245956,-0.8299997448920943,-0.7177030444144975,0.0,-1.734999179840088,-0.34999901056289673,-0.7177046537399292,0.0,-1.9499999253864349,0.19700005619322286,-0.4345159395690814,0.0
1759838841.2126255,1,-1.2050001621245956,-0.8299997448920943,-0.7177030444144975,0.0,-1.734999179840088,-0.34999901056289673,-0.7177046537399292,0.0,-1.9499999253864349,0.19700005619322286,-0.4345159395690814,0.0
1759838841.2233963,1,-1.2050001621245956,-0.8299997448920943,-0.7177030444144975,0.0,-1.734999179840088,-0.34999901056289673,-0.7177046537399292,0.0,-1.9499999253864349,0.19700005619322286,-0.4345159395690814,0.0
1759838841.2339015,1,-1.2050001621245956,-0.8299997448920943,-0.7177030444144975,0.0,-1.734999179840088,-0.34999901056289673,-0.7177046537399292,0.0,-1.9499999253864349,0.19700005619322286,-0.4345159395690814,0.0
1759838841.2439744,1,-1.2050001621245956,-0.8299997448920943,-0.7177030444144975,0.0,-1.734999179840088,-0.34999901056289673,-0.7177046537399292,0.0,-1.9499999253864349,0.19700005619322286,-0.4345159395690814,0.0
1759838841.2550602,1,-1.2050001621245956,-0.8299997448920943,-0.7177030444144975,0.0,-1.734999179840088,-0.34999901056289673,-0.7177046537399292,0.0,-1.9499999253864349,0.19700005619322286,-0.4345159395690814,0.0
1759838841.266194,1,-1.2050001621245956,-0.8299997448920943,-0.7177030444144975,0.0,-1.734999179840088,-0.34999901056289673,-0.7177046537399292,0.0,-1.9499999253864349,0.19700005619322286,-0.4345159395690814,0.0
1759838841.2768917,1,-1.2050001621245956,-0.8299997448920943,-0.7177030444144975,0.0,-1.734999179840088,-0.34999901056289673,-0.7177046537399292,0.0,-1.9499999253864349,0.19700005619322286,-0.4345159395690814,0.0
1759838841.2881808,1,-1.2050001621245956,-0.8299997448920943,-0.7177030444144975,0.0,-1.734999179840088,-0.34999901056289673,-0.7177046537399292,0.0,-1.9499999253864349,0.19700005619322286,-0.4345159395690814,0.0
1759838841.299597,1,-1.2050001621245956,-0.8299997448920943,-0.7177030444144975,0.0,-1.734999179840088,-0.34999901056289673,-0.7177046537399292,0.0,-1.9499999253864349,0.19700005619322286,-0.4345159395690814,0.0
1759838841.3111742,1,-1.2050001621245956,-0.8299997448920943,-0.7177030444144975,0.0,-1.734999179840088,-0.34999901056289673,-0.7177046537399292,0.0,-1.9499999253864349,0.19700005619322286,-0.4345159395690814,0.0
1759838841.321186,1,-1.2050001621245956,-0.8299997448920943,-0.7177030444144975,0.0,-1.734999179840088,-0.34999901056289673,-0.7177046537399292,0.0,-1.9499999253864349,0.19700005619322286,-0.4345159395690814,0.0
1759838841.3316782,1,-1.2050001621245956,-0.8299997448920943,-0.7177030444144975,0.0,-1.734999179840088,-0.34999901056289673,-0.7177046537399292,0.0,-1.9499999253864349,0.19700005619322286,-0.4345159395690814,0.0
1759838841.3467014,1,-1.2050001621245956,-0.8299997448920943,-0.7177030444144975,0.0,-1.734999179840088,-0.34999901056289673,-0.7177046537399292,0.0,-1.9499999253864349,0.19700005619322286,-0.4345159395690814,0.0
1759838841.3561268,1,-1.2050001621245956,-0.8299997448920943,-0.7177030444144975,0.0,-1.734999179840088,-0.34999901056289673,-0.7177046537399292,0.0,-1.9499999253864349,0.19700005619322286,-0.4345159395690814,0.0
1759838841.3670387,1,-1.2050001621245956,-0.8299997448920943,-0.7177030444144975,0.0,-1.734999179840088,-0.34999901056289673,-0.7177046537399292,0.0,-1.9499999253864349,0.19700005619322286,-0.4345159395690814,0.0
1759838841.3775337,1,-1.2050001621245956,-0.8299997448920943,-0.7177030444144975,0.0,-1.734999179840088,-0.34999901056289673,-0.7177046537399292,0.0,-1.9499999253864349,0.19700005619322286,-0.4345159395690814,0.0
1759838841.3900914,1,-1.2050001621245956,-0.8299997448920943,-0.7177030444144975,0.0,-1.734999179840088,-0.34999901056289673,-0.7177046537399292,0.0,-1.9499999253864349,0.19700005619322286,-0.4345159395690814,0.0
1759838841.4041507,1,-1.2050001621245956,-0.8299997448920943,-0.7177030444144975,0.0,-1.734999179840088,-0.34999901056289673,-0.7177046537399292,0.0,-1.9499999253864349,0.19700005619322286,-0.4345159395690814,0.0
1759838841.415538,1,-1.2050001621245956,-0.8299997448920943,-0.7177030444144975,0.0,-1.734999179840088,-0.34999901056289673,-0.7177046537399292,0.0,-1.9499999253864349,0.19700005619322286,-0.4345159395690814,0.0
1759838841.4269133,1,-1.2050001621245956,-0.8299997448920943,-0.7177030444144975,0.0,-1.734999179840088,-0.34999901056289673,-0.7177046537399292,0.0,-1.9499999253864349,0.19700005619322286,-0.4345159395690814,0.0
1759838841.4393368,1,-1.2050001621245956,-0.8299997448920943,-0.7177030444144975,0.0,-1.734999179840088,-0.34999901056289673,-0.7177046537399292,0.0,-1.9499999253864349,0.19700005619322286,-0.4345159395690814,0.0
1759838841.4522686,1,-1.2050001621245956,-0.8299997448920943,-0.7177030444144975,0.0,-1.734999179840088,-0.34999901056289673,-0.7177046537399292,0.0,-1.9499999253864349,0.19700005619322286,-0.4345159395690814,0.0
1759838841.4626167,1,-1.2050001621245956,-0.8299997448920943,-0.7177030444144975,0.0,-1.734999179840088,-0.34999901056289673,-0.7177046537399292,0.0,-1.9499999253864349,0.19700005619322286,-0.4345159395690814,0.0
1759838841.4741368,1,-1.2050001621245956,-0.8299997448920943,-0.7177030444144975,0.0,-1.734999179840088,-0.34999901056289673,-0.7177046537399292,0.0,-1.9499999253864349,0.19700005619322286,-0.4345159395690814,0.0
1759838841.4849322,1,-1.2050001621245956,-0.8299997448920943,-0.7177030444144975,0.0,-1.734999179840088,-0.34999901056289673,-0.7177046537399292,0.0,-1.9499999253864349,0.19700005619322286,-0.4345159395690814,0.0
1759838841.497365,1,-1.2050001621245956,-0.8299997448920943,-0.7177030444144975,0.0,-1.734999179840088,-0.34999901056289673,-0.7177046537399292,0.0,-1.9499999253864349,0.19700005619322286,-0.4345159395690814,0.0
1759838841.50894,1,-1.2050001621245956,-0.8299997448920943,-0.7177030444144975,0.0,-1.734999179840088,-0.34999901056289673,-0.7177046537399292,0.0,-1.9499999253864349,0.19700005619322286,-0.4345159395690814,0.0
1759838841.519857,1,-1.2050001621245956,-0.8299997448920943,-0.7177030444144975,0.0,-1.734999179840088,-0.34999901056289673,-0.7177046537399292,0.0,-1.9499999253864349,0.19700005619322286,-0.4345159395690814,0.0
1759838841.530107,1,-1.2050001621245956,-0.8299997448920943,-0.7177030444144975,0.0,-1.734999179840088,-0.34999901056289673,-0.7177046537399292,0.0,-1.9499999253864349,0.19700005619322286,-0.4345159395690814,0.0
1759838841.547933,1,-1.2050001621245956,-0.8299997448920943,-0.7177030444144975,0.0,-1.734999179840088,-0.34999901056289673,-0.7177046537399292,0.0,-1.9499999253864349,0.19700005619322286,-0.4345159395690814,0.0
1759838841.5578916,1,-1.2050001621245956,-0.8299997448920943,-0.7177030444144975,0.0,-1.734999179840088,-0.34999901056289673,-0.7177046537399292,0.0,-1.9499999253864349,0.19700005619322286,-0.4345159395690814,0.0
1759838841.5685806,1,-1.2050001621245956,-0.8299997448920943,-0.7177030444144975,0.0,-1.734999179840088,-0.34999901056289673,-0.7177046537399292,0.0,-1.9499999253864349,0.19700005619322286,-0.4345159395690814,0.0
1759838841.5795083,1,-1.2050001621245956,-0.8299997448920943,-0.7177030444144975,0.0,-1.734999179840088,-0.34999901056289673,-0.7177046537399292,0.0,-1.9499999253864349,0.19700005619322286,-0.4345159395690814,0.0
1759838841.5896747,1,-1.2050001621245956,-0.8299997448920943,-0.7177030444144975,0.0,-1.734999179840088,-0.34999901056289673,-0.7177046537399292,0.0,-1.9499999253864349,0.19700005619322286,-0.4345159395690814,0.0
1759838841.6006467,1,-1.2050001621245956,-0.8299997448920943,-0.7177030444144975,0.0,-1.734999179840088,-0.34999901056289673,-0.7177046537399292,0.0,-1.9499999253864349,0.19700005619322286,-0.4345159395690814,0.0
1759838841.6119063,1,-1.2050001621245956,-0.8299997448920943,-0.7177030444144975,0.0,-1.734999179840088,-0.34999901056289673,-0.7177046537399292,0.0,-1.9499999253864349,0.19700005619322286,-0.4345159395690814,0.0
1759838841.6219363,1,-1.2050001621245956,-0.8299997448920943,-0.7177030444144975,0.0,-1.734999179840088,-0.34999901056289673,-0.7177046537399292,0.0,-1.9499999253864349,0.19700005619322286,-0.4345159395690814,0.0
1759838841.6319976,1,-1.2050001621245956,-0.8299997448920943,-0.7177030444144975,0.0,-1.734999179840088,-0.34999901056289673,-0.7177046537399292,0.0,-1.9499999253864349,0.19700005619322286,-0.4345159395690814,0.0
1759838841.6433198,1,-1.2050001621245956,-0.8299997448920943,-0.7177030444144975,0.0,-1.734999179840088,-0.34999901056289673,-0.7177046537399292,0.0,-1.9499999253864349,0.19700005619322286,-0.4345159395690814,0.0
1759838841.6559384,1,-1.2050001621245956,-0.8299997448920943,-0.7177030444144975,0.0,-1.734999179840088,-0.34999901056289673,-0.7177046537399292,0.0,-1.9499999253864349,0.19700005619322286,-0.4345159395690814,0.0
1759838841.6662111,1,-1.2050001621245956,-0.8299997448920943,-0.7177030444144975,0.0,-1.734999179840088,-0.34999901056289673,-0.7177046537399292,0.0,-1.9499999253864349,0.19700005619322286,-0.4345159395690814,0.0
1759838841.6773717,1,-1.2050001621245956,-0.8299997448920943,-0.7177030444144975,0.0,-1.734999179840088,-0.34999901056289673,-0.7177046537399292,0.0,-1.9499999253864349,0.19700005619322286,-0.4345159395690814,0.0
1759838841.68784,1,-1.2050001621245956,-0.8299997448920943,-0.7177030444144975,0.0,-1.734999179840088,-0.34999901056289673,-0.7177046537399292,0.0,-1.9499999253864349,0.19700005619322286,-0.4345159395690814,0.0
1759838841.698975,1,-1.2050001621245956,-0.8299997448920943,-0.7177030444144975,0.0,-1.734999179840088,-0.34999901056289673,-0.7177046537399292,0.0,-1.9499999253864349,0.19700005619322286,-0.4345159395690814,0.0
1759838841.7104483,1,-1.2050001621245956,-0.8299997448920943,-0.7177030444144975,0.0,-1.734999179840088,-0.34999901056289673,-0.7177046537399292,0.0,-1.9499999253864349,0.19700005619322286,-0.4345159395690814,0.0
1759838841.721869,1,-1.2050001621245956,-0.8299997448920943,-0.7177030444144975,0.0,-1.734999179840088,-0.34999901056289673,-0.7177046537399292,0.0,-1.9499999253864349,0.19700005619322286,-0.4345159395690814,0.0
1759838841.7332103,1,-1.2050001621245956,-0.8299997448920943,-0.7177030444144975,0.0,-1.734999179840088,-0.34999901056289673,-0.7177046537399292,0.0,-1.9499999253864349,0.19700005619322286,-0.4345159395690814,0.0
1759838841.749894,1,-1.2050001621245956,-0.8299997448920943,-0.7177030444144975,0.0,-1.734999179840088,-0.34999901056289673,-0.7177046537399292,0.0,-1.9499999253864349,0.19700005619322286,-0.4345159395690814,0.0
1759838841.7585764,1,-1.2050001621245956,-0.8299997448920943,-0.7177030444144975,0.0,-1.734999179840088,-0.34999901056289673,-0.7177046537399292,0.0,-1.9499999253864349,0.19700005619322286,-0.4345159395690814,0.0
1759838841.7700267,1,-1.2050001621245956,-0.8299997448920943,-0.7177030444144975,0.0,-1.734999179840088,-0.34999901056289673,-0.7177046537399292,0.0,-1.9499999253864349,0.19700005619322286,-0.4345159395690814,0.0
1759838841.7808673,1,-1.2050001621245956,-0.8299997448920943,-0.7177030444144975,0.0,-1.734999179840088,-0.34999901056289673,-0.7177046537399292,0.0,-1.9499999253864349,0.19700005619322286,-0.4345159395690814,0.0
1759838841.7921534,1,-1.2050001621245956,-0.8299997448920943,-0.7177030444144975,0.0,-1.734999179840088,-0.34999901056289673,-0.7177046537399292,0.0,-1.9499999253864349,0.19700005619322286,-0.4345159395690814,0.0
1759838841.8034644,1,-1.2050001621245956,-0.8299997448920943,-0.7177030444144975,0.0,-1.734999179840088,-0.34999901056289673,-0.7177046537399292,0.0,-1.9499999253864349,0.19700005619322286,-0.4345159395690814,0.0
1759838841.8136752,1,-1.2050001621245956,-0.8299997448920943,-0.7177030444144975,0.0,-1.734999179840088,-0.34999901056289673,-0.7177046537399292,0.0,-1.9499999253864349,0.19700005619322286,-0.4345159395690814,0.0
1759838841.8249571,1,-1.2050001621245956,-0.8299997448920943,-0.7177030444144975,0.0,-1.734999179840088,-0.34999901056289673,-0.7177046537399292,0.0,-1.9499999253864349,0.19700005619322286,-0.4345159395690814,0.0
1759838841.8363967,1,-1.2050001621245956,-0.8299997448920943,-0.7177030444144975,0.0,-1.734999179840088,-0.34999901056289673,-0.7177046537399292,0.0,-1.9499999253864349,0.19700005619322286,-0.4345159395690814,0.0
1759838841.8469613,1,-1.2050001621245956,-0.8299997448920943,-0.7177030444144975,0.0,-1.734999179840088,-0.34999901056289673,-0.7177046537399292,0.0,-1.9499999253864349,0.19700005619322286,-0.4345159395690814,0.0
1759838841.858403,1,-1.2050001621245956,-0.8299997448920943,-0.7177030444144975,0.0,-1.734999179840088,-0.34999901056289673,-0.7177046537399292,0.0,-1.9499999253864349,0.19700005619322286,-0.4345159395690814,0.0
1759838841.8698137,1,-1.2050001621245956,-0.8299997448920943,-0.7177030444144975,0.0,-1.734999179840088,-0.34999901056289673,-0.7177046537399292,0.0,-1.9499999253864349,0.19700005619322286,-0.4345159395690814,0.0
1759838841.880707,1,-1.2050001621245956,-0.8299997448920943,-0.7177030444144975,0.0,-1.734999179840088,-0.34999901056289673,-0.7177046537399292,0.0,-1.9499999253864349,0.19700005619322286,-0.4345159395690814,0.0
1759838841.891262,1,-1.2050001621245956,-0.8299997448920943,-0.7177030444144975,0.0,-1.734999179840088,-0.34999901056289673,-0.7177046537399292,0.0,-1.9499999253864349,0.19700005619322286,-0.4345159395690814,0.0
1759838841.9025085,1,-1.2050001621245956,-0.8299997448920943,-0.7177030444144975,0.0,-1.734999179840088,-0.34999901056289673,-0.7177046537399292,0.0,-1.9499999253864349,0.19700005619322286,-0.4345159395690814,0.0
1759838841.9132192,1,-1.2050001621245956,-0.8299997448920943,-0.7177030444144975,0.0,-1.734999179840088,-0.34999901056289673,-0.7177046537399292,0.0,-1.9499999253864349,0.19700005619322286,-0.4345159395690814,0.0
1759838841.9242635,1,-1.2050001621245956,-0.8299997448920943,-0.7177030444144975,0.0,-1.734999179840088,-0.34999901056289673,-0.7177046537399292,0.0,-1.9499999253864349,0.19700005619322286,-0.4345159395690814,0.0
1759838841.9345686,1,-1.2050001621245956,-0.8299997448920943,-0.7177030444144975,0.0,-1.734999179840088,-0.34999901056289673,-0.7177046537399292,0.0,-1.9499999253864349,0.19700005619322286,-0.4345159395690814,0.0
1759838841.951134,1,-1.2050001621245956,-0.8299997448920943,-0.7177030444144975,0.0,-1.734999179840088,-0.34999901056289673,-0.7177046537399292,0.0,-1.9499999253864349,0.19700005619322286,-0.4345159395690814,0.0
1759838841.9592605,1,-1.2050001621245956,-0.8299997448920943,-0.7177030444144975,0.0,-1.734999179840088,-0.34999901056289673,-0.7177046537399292,0.0,-1.9499999253864349,0.19700005619322286,-0.4345159395690814,0.0
1759838841.970564,1,-1.2050001621245956,-0.8299997448920943,-0.7177030444144975,0.0,-1.734999179840088,-0.34999901056289673,-0.7177046537399292,0.0,-1.9499999253864349,0.19700005619322286,-0.4345159395690814,0.0
1759838841.9820848,1,-1.2050001621245956,-0.8299997448920943,-0.7177030444144975,0.0,-1.734999179840088,-0.34999901056289673,-0.7177046537399292,0.0,-1.9499999253864349,0.19700005619322286,-0.4345159395690814,0.0
1759838841.9929185,1,-1.2050001621245956,-0.8299997448920943,-0.7177030444144975,0.0,-1.734999179840088,-0.34999901056289673,-0.7177046537399292,0.0,-1.9499999253864349,0.19700005619322286,-0.4345159395690814,0.0
1759838842.004857,1,-1.2050001621245956,-0.8299997448920943,-0.7177030444144975,0.0,-1.734999179840088,-0.34999901056289673,-0.7177046537399292,0.0,-1.9499999253864349,0.19700005619322286,-0.4345159395690814,0.0
1759838842.0150697,1,-1.2050001621245956,-0.8299997448920943,-0.7177030444144975,0.0,-1.734999179840088,-0.34999901056289673,-0.7177046537399292,0.0,-1.9499999253864349,0.19700005619322286,-0.4345159395690814,0.0
1759838842.0267792,1,-1.2050001621245956,-0.8299997448920943,-0.7177030444144975,0.0,-1.734999179840088,-0.34999901056289673,-0.7177046537399292,0.0,-1.9499999253864349,0.19700005619322286,-0.4345159395690814,0.0
1759838842.0371876,1,-1.2050001621245956,-0.8299997448920943,-0.7177030444144975,0.0,-1.734999179840088,-0.34999901056289673,-0.7177046537399292,0.0,-1.9499999253864349,0.19700005619322286,-0.4345159395690814,0.0
1759838842.0482054,1,-1.2050001621245956,-0.8299997448920943,-0.7177030444144975,0.0,-1.734999179840088,-0.34999901056289673,-0.7177046537399292,0.0,-1.9499999253864349,0.19700005619322286,-0.4345159395690814,0.0
1759838842.060997,1,-1.2050001621245956,-0.8299997448920943,-0.7177030444144975,0.0,-1.734999179840088,-0.34999901056289673,-0.7177046537399292,0.0,-1.9499999253864349,0.19700005619322286,-0.4345159395690814,0.0
1759838842.0720847,1,-1.2050001621245956,-0.8299997448920943,-0.7177030444144975,0.0,-1.734999179840088,-0.34999901056289673,-0.7177046537399292,0.0,-1.9499999253864349,0.19700005619322286,-0.4345159395690814,0.0
1759838842.083054,1,-1.2050001621245956,-0.8299997448920943,-0.7177030444144975,0.0,-1.734999179840088,-0.34999901056289673,-0.7177046537399292,0.0,-1.9499999253864349,0.19700005619322286,-0.4345159395690814,0.0
1759838842.0971177,1,-1.2050001621245956,-0.8299997448920943,-0.7177030444144975,0.0,-1.734999179840088,-0.34999901056289673,-0.7177046537399292,0.0,-1.9499999253864349,0.19700005619322286,-0.4345159395690814,0.0
1759838842.1134305,1,-1.2050001621245956,-0.8299997448920943,-0.7177030444144975,0.0,-1.734999179840088,-0.34999901056289673,-0.7177046537399292,0.0,-1.9499999253864349,0.19700005619322286,-0.4345159395690814,0.0
1759838842.1245139,1,-1.2050001621245956,-0.8299997448920943,-0.7177030444144975,0.0,-1.734999179840088,-0.34999901056289673,-0.7177046537399292,0.0,-1.9499999253864349,0.19700005619322286,-0.4345159395690814,0.0
1759838842.1350272,1,-1.2050001621245956,-0.8299997448920943,-0.7177030444144975,0.0,-1.734999179840088,-0.34999901056289673,-0.7177046537399292,0.0,-1.9499999253864349,0.19700005619322286,-0.4345159395690814,0.0
1759838842.1463218,1,-1.2050001621245956,-0.8299997448920943,-0.7177030444144975,0.0,-1.734999179840088,-0.34999901056289673,-0.7177046537399292,0.0,-1.9499999253864349,0.19700005619322286,-0.4345159395690814,0.0
1759838842.1626258,1,-1.2050001621245956,-0.8299997448920943,-0.7177030444144975,0.0,-1.734999179840088,-0.34999901056289673,-0.7177046537399292,0.0,-1.9499999253864349,0.19700005619322286,-0.4345159395690814,0.0
1759838842.170468,1,-1.2050001621245956,-0.8299997448920943,-0.7177030444144975,0.0,-1.734999179840088,-0.34999901056289673,-0.7177046537399292,0.0,-1.9499999253864349,0.19700005619322286,-0.4345159395690814,0.0
1759838842.1806943,1,-1.2050001621245956,-0.8299997448920943,-0.7177030444144975,0.0,-1.734999179840088,-0.34999901056289673,-0.7177046537399292,0.0,-1.9499999253864349,0.19700005619322286,-0.4345159395690814,0.0
1759838842.1917937,1,-1.2050001621245956,-0.8299997448920943,-0.7177030444144975,0.0,-1.734999179840088,-0.34999901056289673,-0.7177046537399292,0.0,-1.9499999253864349,0.19700005619322286,-0.4345159395690814,0.0
1759838842.2030022,1,-1.2050001621245956,-0.8299997448920943,-0.7177030444144975,0.0,-1.734999179840088,-0.34999901056289673,-0.7177046537399292,0.0,-1.9499999253864349,0.19700005619322286,-0.4345159395690814,0.0
1759838842.2143285,1,-1.2050001621245956,-0.8299997448920943,-0.7177030444144975,0.0,-1.734999179840088,-0.34999901056289673,-0.7177046537399292,0.0,-1.9499999253864349,0.19700005619322286,-0.4345159395690814,0.0
1759838842.2253647,1,-1.2050001621245956,-0.8299997448920943,-0.7177030444144975,0.0,-1.734999179840088,-0.34999901056289673,-0.7177046537399292,0.0,-1.9499999253864349,0.19700005619322286,-0.4345159395690814,0.0
1759838842.2360976,1,-1.2050001621245956,-0.8299997448920943,-0.7177030444144975,0.0,-1.734999179840088,-0.34999901056289673,-0.7177046537399292,0.0,-1.9499999253864349,0.19700005619322286,-0.4345159395690814,0.0
1759838842.2475488,1,-1.2050001621245956,-0.8299997448920943,-0.7177030444144975,0.0,-1.734999179840088,-0.34999901056289673,-0.7177046537399292,0.0,-1.9499999253864349,0.19700005619322286,-0.4345159395690814,0.0
1759838842.257902,1,-1.2050001621245956,-0.8299997448920943,-0.7177030444144975,0.0,-1.734999179840088,-0.34999901056289673,-0.7177046537399292,0.0,-1.9499999253864349,0.19700005619322286,-0.4345159395690814,0.0
1759838842.2681873,1,-1.2050001621245956,-0.8299997448920943,-0.7177030444144975,0.0,-1.734999179840088,-0.34999901056289673,-0.7177046537399292,0.0,-1.9499999253864349,0.19700005619322286,-0.4345159395690814,0.0
1759838842.2793725,1,-1.2050001621245956,-0.8299997448920943,-0.7177030444144975,0.0,-1.734999179840088,-0.34999901056289673,-0.7177046537399292,0.0,-1.9499999253864349,0.19700005619322286,-0.4345159395690814,0.0
1759838842.2901673,1,-1.2050001621245956,-0.8299997448920943,-0.7177030444144975,0.0,-1.734999179840088,-0.34999901056289673,-0.7177046537399292,0.0,-1.9499999253864349,0.19700005619322286,-0.4345159395690814,0.0
1759838842.3013988,1,-1.2050001621245956,-0.8299997448920943,-0.7177030444144975,0.0,-1.734999179840088,-0.34999901056289673,-0.7177046537399292,0.0,-1.9499999253864349,0.19700005619322286,-0.4345159395690814,0.0
1759838842.312364,1,-1.2050001621245956,-0.8299997448920943,-0.7177030444144975,0.0,-1.734999179840088,-0.34999901056289673,-0.7177046537399292,0.0,-1.9499999253864349,0.19700005619322286,-0.4345159395690814,0.0
1759838842.3235064,1,-1.2050001621245956,-0.8299997448920943,-0.7177030444144975,0.0,-1.734999179840088,-0.34999901056289673,-0.7177046537399292,0.0,-1.9499999253864349,0.19700005619322286,-0.4345159395690814,0.0
1759838842.3341422,1,-1.2050001621245956,-0.8299997448920943,-0.7177030444144975,0.0,-1.734999179840088,-0.34999901056289673,-0.7177046537399292,0.0,-1.9499999253864349,0.19700005619322286,-0.4345159395690814,0.0
1759838842.3452556,1,-1.2050001621245956,-0.8299997448920943,-0.7177030444144975,0.0,-1.734999179840088,-0.34999901056289673,-0.7177046537399292,0.0,-1.9499999253864349,0.19700005619322286,-0.4345159395690814,0.0
1759838842.3553615,1,-1.2050001621245956,-0.8299997448920943,-0.7177030444144975,0.0,-1.734999179840088,-0.34999901056289673,-0.7177046537399292,0.0,-1.9499999253864349,0.19700005619322286,-0.4345159395690814,0.0
1759838842.3673348,1,-1.2050001621245956,-0.8299997448920943,-0.7177030444144975,0.0,-1.734999179840088,-0.34999901056289673,-0.7177046537399292,0.0,-1.9499999253864349,0.19700005619322286,-0.4345159395690814,0.0
1759838842.3774605,1,-1.2050001621245956,-0.8299997448920943,-0.7177030444144975,0.0,-1.734999179840088,-0.34999901056289673,-0.7177046537399292,0.0,-1.9499999253864349,0.19700005619322286,-0.4345159395690814,0.0
1759838842.3881645,1,-1.2050001621245956,-0.8299997448920943,-0.7177030444144975,0.0,-1.734999179840088,-0.34999901056289673,-0.7177046537399292,0.0,-1.9499999253864349,0.19700005619322286,-0.4345159395690814,0.0
1759838842.3990958,1,-1.2050001621245956,-0.8299997448920943,-0.7177030444144975,0.0,-1.734999179840088,-0.34999901056289673,-0.7177046537399292,0.0,-1.9499999253864349,0.19700005619322286,-0.4345159395690814,0.0
1759838842.4094515,1,-1.2050001621245956,-0.8299997448920943,-0.7177030444144975,0.0,-1.734999179840088,-0.34999901056289673,-0.7177046537399292,0.0,-1.9499999253864349,0.19700005619322286,-0.4345159395690814,0.0
1759838842.4201825,1,-1.2050001621245956,-0.8299997448920943,-0.7177030444144975,0.0,-1.734999179840088,-0.34999901056289673,-0.7177046537399292,0.0,-1.9499999253864349,0.19700005619322286,-0.4345159395690814,0.0
1759838842.4303598,1,-1.2050001621245956,-0.8299997448920943,-0.7177030444144975,0.0,-1.734999179840088,-0.34999901056289673,-0.7177046537399292,0.0,-1.9499999253864349,0.19700005619322286,-0.4345159395690814,0.0
1759838842.441032,1,-1.2050001621245956,-0.8299997448920943,-0.7177030444144975,0.0,-1.734999179840088,-0.34999901056289673,-0.7177046537399292,0.0,-1.9499999253864349,0.19700005619322286,-0.4345159395690814,0.0
1759838842.4512367,1,-1.2050001621245956,-0.8299997448920943,-0.7177030444144975,0.0,-1.734999179840088,-0.34999901056289673,-0.7177046537399292,0.0,-1.9499999253864349,0.19700005619322286,-0.4345159395690814,0.0
1759838842.4615653,1,-1.2050001621245956,-0.8299997448920943,-0.7177030444144975,0.0,-1.734999179840088,-0.34999901056289673,-0.7177046537399292,0.0,-1.9499999253864349,0.19700005619322286,-0.4345159395690814,0.0
1759838842.471952,1,-1.2050001621245956,-0.8299997448920943,-0.7177030444144975,0.0,-1.734999179840088,-0.34999901056289673,-0.7177046537399292,0.0,-1.9499999253864349,0.19700005619322286,-0.4345159395690814,0.0
1759838842.483198,1,-1.2050001621245956,-0.8299997448920943,-0.7177030444144975,0.0,-1.734999179840088,-0.34999901056289673,-0.7177046537399292,0.0,-1.9499999253864349,0.19700005619322286,-0.4345159395690814,0.0
1759838842.4938438,1,-1.2050001621245956,-0.8299997448920943,-0.7177030444144975,0.0,-1.734999179840088,-0.34999901056289673,-0.7177046537399292,0.0,-1.9499999253864349,0.19700005619322286,-0.4345159395690814,0.0
1759838842.505281,1,-1.2050001621245956,-0.8299997448920943,-0.7177030444144975,0.0,-1.734999179840088,-0.34999901056289673,-0.7177046537399292,0.0,-1.9499999253864349,0.19700005619322286,-0.4345159395690814,0.0
1759838842.51663,1,-1.2050001621245956,-0.8299997448920943,-0.7177030444144975,0.0,-1.734999179840088,-0.34999901056289673,-0.7177046537399292,0.0,-1.9499999253864349,0.19700005619322286,-0.4345159395690814,0.0
1759838842.5268047,1,-1.2050001621245956,-0.8299997448920943,-0.7177030444144975,0.0,-1.734999179840088,-0.34999901056289673,-0.7177046537399292,0.0,-1.9499999253864349,0.19700005619322286,-0.4345159395690814,0.0
1759838842.5375092,1,-1.2050001621245956,-0.8299997448920943,-0.7177030444144975,0.0,-1.734999179840088,-0.34999901056289673,-0.7177046537399292,0.0,-1.9499999253864349,0.19700005619322286,-0.4345159395690814,0.0
1759838842.5499032,1,-1.2050001621245956,-0.8299997448920943,-0.7177030444144975,0.0,-1.734999179840088,-0.34999901056289673,-0.7177046537399292,0.0,-1.9499999253864349,0.19700005619322286,-0.4345159395690814,0.0
1759838842.5674632,1,-1.2050001621245956,-0.8299997448920943,-0.7177030444144975,0.0,-1.734999179840088,-0.34999901056289673,-0.7177046537399292,0.0,-1.9499999253864349,0.19700005619322286,-0.4345159395690814,0.0
1759838842.5752797,1,-1.2050001621245956,-0.8299997448920943,-0.7177030444144975,0.0,-1.734999179840088,-0.34999901056289673,-0.7177046537399292,0.0,-1.9499999253864349,0.19700005619322286,-0.4345159395690814,0.0
1759838842.586018,1,-1.2050001621245956,-0.8299997448920943,-0.7177030444144975,0.0,-1.734999179840088,-0.34999901056289673,-0.7177046537399292,0.0,-1.9499999253864349,0.19700005619322286,-0.4345159395690814,0.0
1759838842.5965579,1,-1.2050001621245956,-0.8299997448920943,-0.7177030444144975,0.0,-1.734999179840088,-0.34999901056289673,-0.7177046537399292,0.0,-1.9499999253864349,0.19700005619322286,-0.4345159395690814,0.0
1759838842.607609,1,-1.2050001621245956,-0.8299997448920943,-0.7177030444144975,0.0,-1.734999179840088,-0.34999901056289673,-0.7177046537399292,0.0,-1.9499999253864349,0.19700005619322286,-0.4345159395690814,0.0
1759838842.6184955,1,-1.2050001621245956,-0.8299997448920943,-0.7177030444144975,0.0,-1.734999179840088,-0.34999901056289673,-0.7177046537399292,0.0,-1.9499999253864349,0.19700005619322286,-0.4345159395690814,0.0
1759838842.6294456,1,-1.2050001621245956,-0.8299997448920943,-0.7177030444144975,0.0,-1.734999179840088,-0.34999901056289673,-0.7177046537399292,0.0,-1.9499999253864349,0.19700005619322286,-0.4345159395690814,0.0
1759838842.6400156,1,-1.2050001621245956,-0.8299997448920943,-0.7177030444144975,0.0,-1.734999179840088,-0.34999901056289673,-0.7177046537399292,0.0,-1.9499999253864349,0.19700005619322286,-0.4345159395690814,0.0
1759838842.6516728,1,-1.2050001621245956,-0.8299997448920943,-0.7177030444144975,0.0,-1.734999179840088,-0.34999901056289673,-0.7177046537399292,0.0,-1.9499999253864349,0.19700005619322286,-0.4345159395690814,0.0
1759838842.662213,1,-1.2050001621245956,-0.8299997448920943,-0.7177030444144975,0.0,-1.734999179840088,-0.34999901056289673,-0.7177046537399292,0.0,-1.9499999253864349,0.19700005619322286,-0.4345159395690814,0.0
1759838842.6723378,1,-1.2050001621245956,-0.8299997448920943,-0.7177030444144975,0.0,-1.734999179840088,-0.34999901056289673,-0.7177046537399292,0.0,-1.9499999253864349,0.19700005619322286,-0.4345159395690814,0.0
1759838842.682879,1,-1.2050001621245956,-0.8299997448920943,-0.7177030444144975,0.0,-1.734999179840088,-0.34999901056289673,-0.7177046537399292,0.0,-1.9499999253864349,0.19700005619322286,-0.4345159395690814,0.0
1759838842.693623,1,-1.2050001621245956,-0.8299997448920943,-0.7177030444144975,0.0,-1.734999179840088,-0.34999901056289673,-0.7177046537399292,0.0,-1.9499999253864349,0.19700005619322286,-0.4345159395690814,0.0
1759838842.704492,1,-1.2050001621245956,-0.8299997448920943,-0.7177030444144975,0.0,-1.734999179840088,-0.34999901056289673,-0.7177046537399292,0.0,-1.9499999253864349,0.19700005619322286,-0.4345159395690814,0.0
1759838842.7163653,1,-1.2050001621245956,-0.8299997448920943,-0.7177030444144975,0.0,-1.734999179840088,-0.34999901056289673,-0.7177046537399292,0.0,-1.9499999253864349,0.19700005619322286,-0.4345159395690814,0.0
1759838842.7270267,1,-1.2050001621245956,-0.8299997448920943,-0.7177030444144975,0.0,-1.734999179840088,-0.34999901056289673,-0.7177046537399292,0.0,-1.9499999253864349,0.19700005619322286,-0.4345159395690814,0.0
1759838842.7370934,1,-1.2050001621245956,-0.8299997448920943,-0.7177030444144975,0.0,-1.734999179840088,-0.34999901056289673,-0.7177046537399292,0.0,-1.9499999253864349,0.19700005619322286,-0.4345159395690814,0.0
1759838842.7494907,1,-1.2050001621245956,-0.8299997448920943,-0.7177030444144975,0.0,-1.734999179840088,-0.34999901056289673,-0.7177046537399292,0.0,-1.9499999253864349,0.19700005619322286,-0.4345159395690814,0.0
1759838842.7607305,1,-1.2050001621245956,-0.8299997448920943,-0.7177030444144975,0.0,-1.734999179840088,-0.34999901056289673,-0.7177046537399292,0.0,-1.9499999253864349,0.19700005619322286,-0.4345159395690814,0.0
1759838842.7734103,1,-1.2050001621245956,-0.8299997448920943,-0.7177030444144975,0.0,-1.734999179840088,-0.34999901056289673,-0.7177046537399292,0.0,-1.9499999253864349,0.19700005619322286,-0.4345159395690814,0.0
1759838842.783741,1,-1.2050001621245956,-0.8299997448920943,-0.7177030444144975,0.0,-1.734999179840088,-0.34999901056289673,-0.7177046537399292,0.0,-1.9499999253864349,0.19700005619322286,-0.4345159395690814,0.0
1759838842.7940238,1,-1.2050001621245956,-0.8299997448920943,-0.7177030444144975,0.0,-1.734999179840088,-0.34999901056289673,-0.7177046537399292,0.0,-1.9499999253864349,0.19700005619322286,-0.4345159395690814,0.0
1759838842.8054812,1,-1.2050001621245956,-0.8299997448920943,-0.7177030444144975,0.0,-1.734999179840088,-0.34999901056289673,-0.7177046537399292,0.0,-1.9499999253864349,0.19700005619322286,-0.4345159395690814,0.0
1759838842.815844,1,-1.2050001621245956,-0.8299997448920943,-0.7177030444144975,0.0,-1.734999179840088,-0.34999901056289673,-0.7177046537399292,0.0,-1.9499999253864349,0.19700005619322286,-0.4345159395690814,0.0
1759838842.8272738,1,-1.2050001621245956,-0.8299997448920943,-0.7177030444144975,0.0,-1.734999179840088,-0.34999901056289673,-0.7177046537399292,0.0,-1.9499999253864349,0.19700005619322286,-0.4345159395690814,0.0
1759838842.8384228,1,-1.2050001621245956,-0.8299997448920943,-0.7177030444144975,0.0,-1.734999179840088,-0.34999901056289673,-0.7177046537399292,0.0,-1.9499999253864349,0.19700005619322286,-0.4345159395690814,0.0
1759838842.8498204,1,-1.2050001621245956,-0.8299997448920943,-0.7177030444144975,0.0,-1.734999179840088,-0.34999901056289673,-0.7177046537399292,0.0,-1.9499999253864349,0.19700005619322286,-0.4345159395690814,0.0
1759838842.861138,1,-1.2050001621245956,-0.8299997448920943,-0.7177030444144975,0.0,-1.734999179840088,-0.34999901056289673,-0.7177046537399292,0.0,-1.9499999253864349,0.19700005619322286,-0.4345159395690814,0.0
1759838842.8723836,1,-1.2050001621245956,-0.8299997448920943,-0.7177030444144975,0.0,-1.734999179840088,-0.34999901056289673,-0.7177046537399292,0.0,-1.9499999253864349,0.19700005619322286,-0.4345159395690814,0.0
1759838842.882714,1,-1.2050001621245956,-0.8299997448920943,-0.7177030444144975,0.0,-1.734999179840088,-0.34999901056289673,-0.7177046537399292,0.0,-1.9499999253864349,0.19700005619322286,-0.4345159395690814,0.0
1759838842.8936,1,-1.2050001621245956,-0.8299997448920943,-0.7177030444144975,0.0,-1.734999179840088,-0.34999901056289673,-0.7177046537399292,0.0,-1.9499999253864349,0.19700005619322286,-0.4345159395690814,0.0
1759838842.9038737,1,-1.2050001621245956,-0.8299997448920943,-0.7177030444144975,0.0,-1.734999179840088,-0.34999901056289673,-0.7177046537399292,0.0,-1.9499999253864349,0.19700005619322286,-0.4345159395690814,0.0
1759838842.9153953,1,-1.2050001621245956,-0.8299997448920943,-0.7177030444144975,0.0,-1.734999179840088,-0.34999901056289673,-0.7177046537399292,0.0,-1.9499999253864349,0.19700005619322286,-0.4345159395690814,0.0
1759838842.9266305,1,-1.2050001621245956,-0.8299997448920943,-0.7177030444144975,0.0,-1.734999179840088,-0.34999901056289673,-0.7177046537399292,0.0,-1.9499999253864349,0.19700005619322286,-0.4345159395690814,0.0
1759838842.9378023,1,-1.2050001621245956,-0.8299997448920943,-0.7177030444144975,0.0,-1.734999179840088,-0.34999901056289673,-0.7177046537399292,0.0,-1.9499999253864349,0.19700005619322286,-0.4345159395690814,0.0
1759838842.9484773,1,-1.2050001621245956,-0.8299997448920943,-0.7177030444144975,0.0,-1.734999179840088,-0.34999901056289673,-0.7177046537399292,0.0,-1.9499999253864349,0.19700005619322286,-0.4345159395690814,0.0
1759838842.9598444,1,-1.2050001621245956,-0.8299997448920943,-0.7177030444144975,0.0,-1.734999179840088,-0.34999901056289673,-0.7177046537399292,0.0,-1.9499999253864349,0.19700005619322286,-0.4345159395690814,0.0
1759838842.9728184,1,-1.2050001621245956,-0.8299997448920943,-0.7177030444144975,0.0,-1.734999179840088,-0.34999901056289673,-0.7177046537399292,0.0,-1.9499999253864349,0.19700005619322286,-0.4345159395690814,0.0
1759838842.9830852,1,-1.2050001621245956,-0.8299997448920943,-0.7177030444144975,0.0,-1.734999179840088,-0.34999901056289673,-0.7177046537399292,0.0,-1.9499999253864349,0.19700005619322286,-0.4345159395690814,0.0
1759838842.9933197,1,-1.2050001621245956,-0.8299997448920943,-0.7177030444144975,0.0,-1.734999179840088,-0.34999901056289673,-0.7177046537399292,0.0,-1.9499999253864349,0.19700005619322286,-0.4345159395690814,0.0
1759838843.0033922,1,-1.2050001621245956,-0.8299997448920943,-0.7177030444144975,0.0,-1.734999179840088,-0.34999901056289673,-0.7177046537399292,0.0,-1.9499999253864349,0.19700005619322286,-0.4345159395690814,0.0
1759838843.0146253,1,-1.2050001621245956,-0.8299997448920943,-0.7177030444144975,0.0,-1.734999179840088,-0.34999901056289673,-0.7177046537399292,0.0,-1.9499999253864349,0.19700005619322286,-0.4345159395690814,0.0
1759838843.0250928,1,-1.2050001621245956,-0.8299997448920943,-0.7177030444144975,0.0,-1.734999179840088,-0.34999901056289673,-0.7177046537399292,0.0,-1.9499999253864349,0.19700005619322286,-0.4345159395690814,0.0
1759838843.036406,1,-1.2050001621245956,-0.8299997448920943,-0.7177030444144975,0.0,-1.734999179840088,-0.34999901056289673,-0.7177046537399292,0.0,-1.9499999253864349,0.19700005619322286,-0.4345159395690814,0.0
1759838843.048352,1,-1.2050001621245956,-0.8299997448920943,-0.7177030444144975,0.0,-1.734999179840088,-0.34999901056289673,-0.7177046537399292,0.0,-1.9499999253864349,0.19700005619322286,-0.4345159395690814,0.0
1759838843.0590508,1,-1.2050001621245956,-0.8299997448920943,-0.7177030444144975,0.0,-1.734999179840088,-0.34999901056289673,-0.7177046537399292,0.0,-1.9499999253864349,0.19700005619322286,-0.4345159395690814,0.0
1759838843.0704348,1,-1.2050001621245956,-0.8299997448920943,-0.7177030444144975,0.0,-1.734999179840088,-0.34999901056289673,-0.7177046537399292,0.0,-1.9499999253864349,0.19700005619322286,-0.4345159395690814,0.0
1759838843.0818594,1,-1.2050001621245956,-0.8299997448920943,-0.7177030444144975,0.0,-1.734999179840088,-0.34999901056289673,-0.7177046537399292,0.0,-1.9499999253864349,0.19700005619322286,-0.4345159395690814,0.0
1759838843.09196,1,-1.2050001621245956,-0.8299997448920943,-0.7177030444144975,0.0,-1.734999179840088,-0.34999901056289673,-0.7177046537399292,0.0,-1.9499999253864349,0.19700005619322286,-0.4345159395690814,0.0
1759838843.1020198,1,-1.2050001621245956,-0.8299997448920943,-0.7177030444144975,0.0,-1.734999179840088,-0.34999901056289673,-0.7177046537399292,0.0,-1.9499999253864349,0.19700005619322286,-0.4345159395690814,0.0
1759838843.112115,1,-1.2050001621245956,-0.8299997448920943,-0.7177030444144975,0.0,-1.734999179840088,-0.34999901056289673,-0.7177046537399292,0.0,-1.9499999253864349,0.19700005619322286,-0.4345159395690814,0.0
1759838843.1229174,1,-1.2050001621245956,-0.8299997448920943,-0.7177030444144975,0.0,-1.734999179840088,-0.34999901056289673,-0.7177046537399292,0.0,-1.9499999253864349,0.19700005619322286,-0.4345159395690814,0.0
1759838843.1342542,1,-1.2050001621245956,-0.8299997448920943,-0.7177030444144975,0.0,-1.734999179840088,-0.34999901056289673,-0.7177046537399292,0.0,-1.9499999253864349,0.19700005619322286,-0.4345159395690814,0.0
1759838843.1443455,1,-1.2050001621245956,-0.8299997448920943,-0.7177030444144975,0.0,-1.734999179840088,-0.34999901056289673,-0.7177046537399292,0.0,-1.9499999253864349,0.19700005619322286,-0.4345159395690814,0.0
1759838843.1557312,1,-1.2050001621245956,-0.8299997448920943,-0.7177030444144975,0.0,-1.734999179840088,-0.34999901056289673,-0.7177046537399292,0.0,-1.9499999253864349,0.19700005619322286,-0.4345159395690814,0.0
1759838843.1669362,1,-1.2050001621245956,-0.8299997448920943,-0.7177030444144975,0.0,-1.734999179840088,-0.34999901056289673,-0.7177046537399292,0.0,-1.9499999253864349,0.19700005619322286,-0.4345159395690814,0.0
1759838843.1830964,1,-1.2050001621245956,-0.8299997448920943,-0.7177030444144975,0.0,-1.734999179840088,-0.34999901056289673,-0.7177046537399292,0.0,-1.9499999253864349,0.19700005619322286,-0.4345159395690814,0.0
1759838843.1941411,1,-1.2050001621245956,-0.8299997448920943,-0.7177030444144975,0.0,-1.734999179840088,-0.34999901056289673,-0.7177046537399292,0.0,-1.9499999253864349,0.19700005619322286,-0.4345159395690814,0.0
1759838843.2073371,1,-1.2050001621245956,-0.8299997448920943,-0.7177030444144975,0.0,-1.734999179840088,-0.34999901056289673,-0.7177046537399292,0.0,-1.9499999253864349,0.19700005619322286,-0.4345159395690814,0.0
1759838843.2180505,1,-1.2050001621245956,-0.8299997448920943,-0.7177030444144975,0.0,-1.734999179840088,-0.34999901056289673,-0.7177046537399292,0.0,-1.9499999253864349,0.19700005619322286,-0.4345159395690814,0.0
1759838843.2287815,1,-1.2050001621245956,-0.8299997448920943,-0.7177030444144975,0.0,-1.734999179840088,-0.34999901056289673,-0.7177046537399292,0.0,-1.9499999253864349,0.19700005619322286,-0.4345159395690814,0.0
1759838843.240147,1,-1.2050001621245956,-0.8299997448920943,-0.7177030444144975,0.0,-1.734999179840088,-0.34999901056289673,-0.7177046537399292,0.0,-1.9499999253864349,0.19700005619322286,-0.4345159395690814,0.0
1759838843.2505603,1,-1.2050001621245956,-0.8299997448920943,-0.7177030444144975,0.0,-1.734999179840088,-0.34999901056289673,-0.7177046537399292,0.0,-1.9499999253864349,0.19700005619322286,-0.4345159395690814,0.0
1759838843.2614431,1,-1.2050001621245956,-0.8299997448920943,-0.7177030444144975,0.0,-1.734999179840088,-0.34999901056289673,-0.7177046537399292,0.0,-1.9499999253864349,0.19700005619322286,-0.4345159395690814,0.0
1759838843.2727082,1,-1.2050001621245956,-0.8299997448920943,-0.7177030444144975,0.0,-1.734999179840088,-0.34999901056289673,-0.7177046537399292,0.0,-1.9499999253864349,0.19700005619322286,-0.4345159395690814,0.0
1759838843.2836769,1,-1.2050001621245956,-0.8299997448920943,-0.7177030444144975,0.0,-1.734999179840088,-0.34999901056289673,-0.7177046537399292,0.0,-1.9499999253864349,0.19700005619322286,-0.4345159395690814,0.0
1759838843.294184,1,-1.2050001621245956,-0.8299997448920943,-0.7177030444144975,0.0,-1.734999179840088,-0.34999901056289673,-0.7177046537399292,0.0,-1.9499999253864349,0.19700005619322286,-0.4345159395690814,0.0
1759838843.3053415,1,-1.2050001621245956,-0.8299997448920943,-0.7177030444144975,0.0,-1.734999179840088,-0.34999901056289673,-0.7177046537399292,0.0,-1.9499999253864349,0.19700005619322286,-0.4345159395690814,0.0
1759838843.316229,1,-1.2050001621245956,-0.8299997448920943,-0.7177030444144975,0.0,-1.734999179840088,-0.34999901056289673,-0.7177046537399292,0.0,-1.9499999253864349,0.19700005619322286,-0.4345159395690814,0.0
1759838843.3276916,1,-1.2050001621245956,-0.8299997448920943,-0.7177030444144975,0.0,-1.734999179840088,-0.34999901056289673,-0.7177046537399292,0.0,-1.9499999253864349,0.19700005619322286,-0.4345159395690814,0.0
1759838843.3384197,1,-1.2050001621245956,-0.8299997448920943,-0.7177030444144975,0.0,-1.734999179840088,-0.34999901056289673,-0.7177046537399292,0.0,-1.9499999253864349,0.19700005619322286,-0.4345159395690814,0.0
1759838843.348718,1,-1.2050001621245956,-0.8299997448920943,-0.7177030444144975,0.0,-1.734999179840088,-0.34999901056289673,-0.7177046537399292,0.0,-1.9499999253864349,0.19700005619322286,-0.4345159395690814,0.0
1759838843.3589034,1,-1.2050001621245956,-0.8299997448920943,-0.7177030444144975,0.0,-1.734999179840088,-0.34999901056289673,-0.7177046537399292,0.0,-1.9499999253864349,0.19700005619322286,-0.4345159395690814,0.0
1759838843.369674,1,-1.2050001621245956,-0.8299997448920943,-0.7177030444144975,0.0,-1.734999179840088,-0.34999901056289673,-0.7177046537399292,0.0,-1.9499999253864349,0.19700005619322286,-0.4345159395690814,0.0
1759838843.3826537,1,-1.2050001621245956,-0.8299997448920943,-0.7177030444144975,0.0,-1.734999179840088,-0.34999901056289673,-0.7177046537399292,0.0,-1.9499999253864349,0.19700005619322286,-0.4345159395690814,0.0
1759838843.393854,1,-1.2050001621245956,-0.8299997448920943,-0.7177030444144975,0.0,-1.734999179840088,-0.34999901056289673,-0.7177046537399292,0.0,-1.9499999253864349,0.19700005619322286,-0.4345159395690814,0.0
1759838843.4043176,1,-1.2050001621245956,-0.8299997448920943,-0.7177030444144975,0.0,-1.734999179840088,-0.34999901056289673,-0.7177046537399292,0.0,-1.9499999253864349,0.19700005619322286,-0.4345159395690814,0.0
1759838843.4153442,1,-1.2050001621245956,-0.8299997448920943,-0.7177030444144975,0.0,-1.734999179840088,-0.34999901056289673,-0.7177046537399292,0.0,-1.9499999253864349,0.19700005619322286,-0.4345159395690814,0.0
1759838843.4262877,1,-1.2050001621245956,-0.8299997448920943,-0.7177030444144975,0.0,-1.734999179840088,-0.34999901056289673,-0.7177046537399292,0.0,-1.9499999253864349,0.19700005619322286,-0.4345159395690814,0.0
1759838843.4374297,1,-1.2050001621245956,-0.8299997448920943,-0.7177030444144975,0.0,-1.734999179840088,-0.34999901056289673,-0.7177046537399292,0.0,-1.9499999253864349,0.19700005619322286,-0.4345159395690814,0.0
1759838843.4487958,1,-1.2050001621245956,-0.8299997448920943,-0.7177030444144975,0.0,-1.734999179840088,-0.34999901056289673,-0.7177046537399292,0.0,-1.9499999253864349,0.19700005619322286,-0.4345159395690814,0.0
1759838843.4589584,1,-1.2050001621245956,-0.8299997448920943,-0.7177030444144975,0.0,-1.734999179840088,-0.34999901056289673,-0.7177046537399292,0.0,-1.9499999253864349,0.19700005619322286,-0.4345159395690814,0.0
1759838843.469975,1,-1.2050001621245956,-0.8299997448920943,-0.7177030444144975,0.0,-1.734999179840088,-0.34999901056289673,-0.7177046537399292,0.0,-1.9499999253864349,0.19700005619322286,-0.4345159395690814,0.0
1759838843.4808002,1,-1.2050001621245956,-0.8299997448920943,-0.7177030444144975,0.0,-1.734999179840088,-0.34999901056289673,-0.7177046537399292,0.0,-1.9499999253864349,0.19700005619322286,-0.4345159395690814,0.0
1759838843.492248,1,-1.2050001621245956,-0.8299997448920943,-0.7177030444144975,0.0,-1.734999179840088,-0.34999901056289673,-0.7177046537399292,0.0,-1.9499999253864349,0.19700005619322286,-0.4345159395690814,0.0
1759838843.503351,1,-1.2050001621245956,-0.8299997448920943,-0.7177030444144975,0.0,-1.734999179840088,-0.34999901056289673,-0.7177046537399292,0.0,-1.9499999253864349,0.19700005619322286,-0.4345159395690814,0.0
1759838843.5134096,1,-1.2050001621245956,-0.8299997448920943,-0.7177030444144975,0.0,-1.734999179840088,-0.34999901056289673,-0.7177046537399292,0.0,-1.9499999253864349,0.19700005619322286,-0.4345159395690814,0.0
1759838843.5247984,1,-1.2050001621245956,-0.8299997448920943,-0.7177030444144975,0.0,-1.734999179840088,-0.34999901056289673,-0.7177046537399292,0.0,-1.9499999253864349,0.19700005619322286,-0.4345159395690814,0.0
1759838843.536513,1,-1.2050001621245956,-0.8299997448920943,-0.7177030444144975,0.0,-1.734999179840088,-0.34999901056289673,-0.7177046537399292,0.0,-1.9499999253864349,0.19700005619322286,-0.4345159395690814,0.0
1759838843.548441,1,-1.2050001621245956,-0.8299997448920943,-0.7177030444144975,0.0,-1.734999179840088,-0.34999901056289673,-0.7177046537399292,0.0,-1.9499999253864349,0.19700005619322286,-0.4345159395690814,0.0
1759838843.5644536,1,-1.2050001621245956,-0.8299997448920943,-0.7177030444144975,0.0,-1.734999179840088,-0.34999901056289673,-0.7177046537399292,0.0,-1.9499999253864349,0.19700005619322286,-0.4345159395690814,0.0
1759838843.5749073,1,-1.2050001621245956,-0.8299997448920943,-0.7177030444144975,0.0,-1.734999179840088,-0.34999901056289673,-0.7177046537399292,0.0,-1.9499999253864349,0.19700005619322286,-0.4345159395690814,0.0
1759838843.599513,1,-1.2050001621245956,-0.8299997448920943,-0.7177030444144975,0.0,-1.734999179840088,-0.34999901056289673,-0.7177046537399292,0.0,-1.9499999253864349,0.19700005619322286,-0.4345159395690814,0.0
1759838843.6103177,1,-1.2050001621245956,-0.8299997448920943,-0.7177030444144975,0.0,-1.734999179840088,-0.34999901056289673,-0.7177046537399292,0.0,-1.9499999253864349,0.19700005619322286,-0.4345159395690814,0.0
1759838843.6207252,1,-1.2050001621245956,-0.8299997448920943,-0.7177030444144975,0.0,-1.734999179840088,-0.34999901056289673,-0.7177046537399292,0.0,-1.9499999253864349,0.19700005619322286,-0.4345159395690814,0.0
1759838843.6314938,1,-1.2050001621245956,-0.8299997448920943,-0.7177030444144975,0.0,-1.734999179840088,-0.34999901056289673,-0.7177046537399292,0.0,-1.9499999253864349,0.19700005619322286,-0.4345159395690814,0.0
1759838843.642229,1,-1.2050001621245956,-0.8299997448920943,-0.7177030444144975,0.0,-1.734999179840088,-0.34999901056289673,-0.7177046537399292,0.0,-1.9499999253864349,0.19700005619322286,-0.4345159395690814,0.0
1759838843.6568756,1,-1.2050001621245956,-0.8299997448920943,-0.7177030444144975,0.0,-1.734999179840088,-0.34999901056289673,-0.7177046537399292,0.0,-1.9499999253864349,0.19700005619322286,-0.4345159395690814,0.0
1759838843.669902,1,-1.2050001621245956,-0.8299997448920943,-0.7177030444144975,0.0,-1.734999179840088,-0.34999901056289673,-0.7177046537399292,0.0,-1.9499999253864349,0.19700005619322286,-0.4345159395690814,0.0
1759838843.6805553,1,-1.2050001621245956,-0.8299997448920943,-0.7177030444144975,0.0,-1.734999179840088,-0.34999901056289673,-0.7177046537399292,0.0,-1.9499999253864349,0.19700005619322286,-0.4345159395690814,0.0
1759838843.6969671,1,-1.2050001621245956,-0.8299997448920943,-0.7177030444144975,0.0,-1.734999179840088,-0.34999901056289673,-0.7177046537399292,0.0,-1.9499999253864349,0.19700005619322286,-0.4345159395690814,0.0
1759838843.707403,1,-1.2050001621245956,-0.8299997448920943,-0.7177030444144975,0.0,-1.734999179840088,-0.34999901056289673,-0.7177046537399292,0.0,-1.9499999253864349,0.19700005619322286,-0.4345159395690814,0.0
1759838843.7200794,1,-1.2050001621245956,-0.8299997448920943,-0.7177030444144975,0.0,-1.734999179840088,-0.34999901056289673,-0.7177046537399292,0.0,-1.9499999253864349,0.19700005619322286,-0.4345159395690814,0.0
1759838843.7314,1,-1.2050001621245956,-0.8299997448920943,-0.7177030444144975,0.0,-1.734999179840088,-0.34999901056289673,-0.7177046537399292,0.0,-1.9499999253864349,0.19700005619322286,-0.4345159395690814,0.0
1759838843.7426775,1,-1.2050001621245956,-0.8299997448920943,-0.7177030444144975,0.0,-1.734999179840088,-0.34999901056289673,-0.7177046537399292,0.0,-1.9499999253864349,0.19700005619322286,-0.4345159395690814,0.0
1759838843.7579525,1,-1.2050001621245956,-0.8299997448920943,-0.7177030444144975,0.0,-1.734999179840088,-0.34999901056289673,-0.7177046537399292,0.0,-1.9499999253864349,0.19700005619322286,-0.4345159395690814,0.0
1759838843.7688756,1,-1.2050001621245956,-0.8299997448920943,-0.7177030444144975,0.0,-1.734999179840088,-0.34999901056289673,-0.7177046537399292,0.0,-1.9499999253864349,0.19700005619322286,-0.4345159395690814,0.0
1759838843.7801538,1,-1.2050001621245956,-0.8299997448920943,-0.7177030444144975,0.0,-1.734999179840088,-0.34999901056289673,-0.7177046537399292,0.0,-1.9499999253864349,0.19700005619322286,-0.4345159395690814,0.0
1759838843.7906477,1,-1.2050001621245956,-0.8299997448920943,-0.7177030444144975,0.0,-1.734999179840088,-0.34999901056289673,-0.7177046537399292,0.0,-1.9499999253864349,0.19700005619322286,-0.4345159395690814,0.0
1759838843.8065617,1,-1.2050001621245956,-0.8299997448920943,-0.7177030444144975,0.0,-1.734999179840088,-0.34999901056289673,-0.7177046537399292,0.0,-1.9499999253864349,0.19700005619322286,-0.4345159395690814,0.0
1759838843.815915,1,-1.2050001621245956,-0.8299997448920943,-0.7177030444144975,0.0,-1.734999179840088,-0.34999901056289673,-0.7177046537399292,0.0,-1.9499999253864349,0.19700005619322286,-0.4345159395690814,0.0
1759838843.82728,1,-1.2050001621245956,-0.8299997448920943,-0.7177030444144975,0.0,-1.734999179840088,-0.34999901056289673,-0.7177046537399292,0.0,-1.9499999253864349,0.19700005619322286,-0.4345159395690814,0.0
1759838843.8387206,1,-1.2050001621245956,-0.8299997448920943,-0.7177030444144975,0.0,-1.734999179840088,-0.34999901056289673,-0.7177046537399292,0.0,-1.9499999253864349,0.19700005619322286,-0.4345159395690814,0.0
1759838843.8525393,1,-1.2050001621245956,-0.8299997448920943,-0.7177030444144975,0.0,-1.734999179840088,-0.34999901056289673,-0.7177046537399292,0.0,-1.9499999253864349,0.19700005619322286,-0.4345159395690814,0.0
1759838843.8654962,1,-1.2050001621245956,-0.8299997448920943,-0.7177030444144975,0.0,-1.734999179840088,-0.34999901056289673,-0.7177046537399292,0.0,-1.9499999253864349,0.19700005619322286,-0.4345159395690814,0.0
1759838843.875875,1,-1.2050001621245956,-0.8299997448920943,-0.7177030444144975,0.0,-1.734999179840088,-0.34999901056289673,-0.7177046537399292,0.0,-1.9499999253864349,0.19700005619322286,-0.4345159395690814,0.0
1759838843.886397,1,-1.2050001621245956,-0.8299997448920943,-0.7177030444144975,0.0,-1.734999179840088,-0.34999901056289673,-0.7177046537399292,0.0,-1.9499999253864349,0.19700005619322286,-0.4345159395690814,0.0
1759838843.8971543,1,-1.2050001621245956,-0.8299997448920943,-0.7177030444144975,0.0,-1.734999179840088,-0.34999901056289673,-0.7177046537399292,0.0,-1.9499999253864349,0.19700005619322286,-0.4345159395690814,0.0
1759838843.9071848,1,-1.2050001621245956,-0.8299997448920943,-0.7177030444144975,0.0,-1.734999179840088,-0.34999901056289673,-0.7177046537399292,0.0,-1.9499999253864349,0.19700005619322286,-0.4345159395690814,0.0
1759838843.9181597,1,-1.2050001621245956,-0.8299997448920943,-0.7177030444144975,0.0,-1.734999179840088,-0.34999901056289673,-0.7177046537399292,0.0,-1.9499999253864349,0.19700005619322286,-0.4345159395690814,0.0
1759838843.9295926,1,-1.2050001621245956,-0.8299997448920943,-0.7177030444144975,0.0,-1.734999179840088,-0.34999901056289673,-0.7177046537399292,0.0,-1.9499999253864349,0.19700005619322286,-0.4345159395690814,0.0
1759838843.9420712,1,-1.2050001621245956,-0.8299997448920943,-0.7177030444144975,0.0,-1.734999179840088,-0.34999901056289673,-0.7177046537399292,0.0,-1.9499999253864349,0.19700005619322286,-0.4345159395690814,0.0
1759838843.9522014,1,-1.2050001621245956,-0.8299997448920943,-0.7177030444144975,0.0,-1.734999179840088,-0.34999901056289673,-0.7177046537399292,0.0,-1.9499999253864349,0.19700005619322286,-0.4345159395690814,0.0
1759838843.9635909,1,-1.2050001621245956,-0.8299997448920943,-0.7177030444144975,0.0,-1.734999179840088,-0.34999901056289673,-0.7177046537399292,0.0,-1.9499999253864349,0.19700005619322286,-0.4345159395690814,0.0
1759838843.9761426,1,-1.2050001621245956,-0.8299997448920943,-0.7177030444144975,0.0,-1.734999179840088,-0.34999901056289673,-0.7177046537399292,0.0,-1.9499999253864349,0.19700005619322286,-0.4345159395690814,0.0
1759838843.9871562,1,-1.2050001621245956,-0.8299997448920943,-0.7177030444144975,0.0,-1.734999179840088,-0.34999901056289673,-0.7177046537399292,0.0,-1.9499999253864349,0.19700005619322286,-0.4345159395690814,0.0
1759838843.9983969,1,-1.2050001621245956,-0.8299997448920943,-0.7177030444144975,0.0,-1.734999179840088,-0.34999901056289673,-0.7177046537399292,0.0,-1.9499999253864349,0.19700005619322286,-0.4345159395690814,0.0
1759838844.0124316,1,-1.2050001621245956,-0.8299997448920943,-0.7177030444144975,0.0,-1.734999179840088,-0.34999901056289673,-0.7177046537399292,0.0,-1.9499999253864349,0.19700005619322286,-0.4345159395690814,0.0
1759838844.0257933,1,-1.2050001621245956,-0.8299997448920943,-0.7177030444144975,0.0,-1.734999179840088,-0.34999901056289673,-0.7177046537399292,0.0,-1.9499999253864349,0.19700005619322286,-0.4345159395690814,0.0
1759838844.036247,1,-1.2050001621245956,-0.8299997448920943,-0.7177030444144975,0.0,-1.734999179840088,-0.34999901056289673,-0.7177046537399292,0.0,-1.9499999253864349,0.19700005619322286,-0.4345159395690814,0.0
1759838844.0470903,1,-1.2050001621245956,-0.8299997448920943,-0.7177030444144975,0.0,-1.734999179840088,-0.34999901056289673,-0.7177046537399292,0.0,-1.9499999253864349,0.19700005619322286,-0.4345159395690814,0.0
1759838844.0579164,1,-1.2050001621245956,-0.8299997448920943,-0.7177030444144975,0.0,-1.734999179840088,-0.34999901056289673,-0.7177046537399292,0.0,-1.9499999253864349,0.19700005619322286,-0.4345159395690814,0.0
1759838844.0681272,1,-1.2050001621245956,-0.8299997448920943,-0.7177030444144975,0.0,-1.734999179840088,-0.34999901056289673,-0.7177046537399292,0.0,-1.9499999253864349,0.19700005619322286,-0.4345159395690814,0.0
1759838844.079049,1,-1.2050001621245956,-0.8299997448920943,-0.7177030444144975,0.0,-1.734999179840088,-0.34999901056289673,-0.7177046537399292,0.0,-1.9499999253864349,0.19700005619322286,-0.4345159395690814,0.0
1759838844.0904036,1,-1.2050001621245956,-0.8299997448920943,-0.7177030444144975,0.0,-1.734999179840088,-0.34999901056289673,-0.7177046537399292,0.0,-1.9499999253864349,0.19700005619322286,-0.4345159395690814,0.0
1759838844.1013017,1,-1.2050001621245956,-0.8299997448920943,-0.7177030444144975,0.0,-1.734999179840088,-0.34999901056289673,-0.7177046537399292,0.0,-1.9499999253864349,0.19700005619322286,-0.4345159395690814,0.0
1759838844.1127145,1,-1.2050001621245956,-0.8299997448920943,-0.7177030444144975,0.0,-1.734999179840088,-0.34999901056289673,-0.7177046537399292,0.0,-1.9499999253864349,0.19700005619322286,-0.4345159395690814,0.0
1759838844.1236339,1,-1.2050001621245956,-0.8299997448920943,-0.7177030444144975,0.0,-1.734999179840088,-0.34999901056289673,-0.7177046537399292,0.0,-1.9499999253864349,0.19700005619322286,-0.4345159395690814,0.0
1759838844.134631,1,-1.2050001621245956,-0.8299997448920943,-0.7177030444144975,0.0,-1.734999179840088,-0.34999901056289673,-0.7177046537399292,0.0,-1.9499999253864349,0.19700005619322286,-0.4345159395690814,0.0
1759838844.1464512,1,-1.2050001621245956,-0.8299997448920943,-0.7177030444144975,0.0,-1.734999179840088,-0.34999901056289673,-0.7177046537399292,0.0,-1.9499999253864349,0.19700005619322286,-0.4345159395690814,0.0
1759838844.157806,1,-1.2050001621245956,-0.8299997448920943,-0.7177030444144975,0.0,-1.734999179840088,-0.34999901056289673,-0.7177046537399292,0.0,-1.9499999253864349,0.19700005619322286,-0.4345159395690814,0.0
1759838844.1681457,1,-1.2050001621245956,-0.8299997448920943,-0.7177030444144975,0.0,-1.734999179840088,-0.34999901056289673,-0.7177046537399292,0.0,-1.9499999253864349,0.19700005619322286,-0.4345159395690814,0.0
1759838844.1787992,1,-1.2050001621245956,-0.8299997448920943,-0.7177030444144975,0.0,-1.734999179840088,-0.34999901056289673,-0.7177046537399292,0.0,-1.9499999253864349,0.19700005619322286,-0.4345159395690814,0.0
1759838844.188925,1,-1.2050001621245956,-0.8299997448920943,-0.7177030444144975,0.0,-1.734999179840088,-0.34999901056289673,-0.7177046537399292,0.0,-1.9499999253864349,0.19700005619322286,-0.4345159395690814,0.0
1759838844.2012503,1,-1.2050001621245956,-0.8299997448920943,-0.7177030444144975,0.0,-1.734999179840088,-0.34999901056289673,-0.7177046537399292,0.0,-1.9499999253864349,0.19700005619322286,-0.4345159395690814,0.0
1759838844.2150161,1,-1.2050001621245956,-0.8299997448920943,-0.7177030444144975,0.0,-1.734999179840088,-0.34999901056289673,-0.7177046537399292,0.0,-1.9499999253864349,0.19700005619322286,-0.4345159395690814,0.0
1759838844.2263966,1,-1.2050001621245956,-0.8299997448920943,-0.7177030444144975,0.0,-1.734999179840088,-0.34999901056289673,-0.7177046537399292,0.0,-1.9499999253864349,0.19700005619322286,-0.4345159395690814,0.0
1759838844.2379193,1,-1.2050001621245956,-0.8299997448920943,-0.7177030444144975,0.0,-1.734999179840088,-0.34999901056289673,-0.7177046537399292,0.0,-1.9499999253864349,0.19700005619322286,-0.4345159395690814,0.0
1759838844.2513463,1,-1.2050001621245956,-0.8299997448920943,-0.7177030444144975,0.0,-1.734999179840088,-0.34999901056289673,-0.7177046537399292,0.0,-1.9499999253864349,0.19700005619322286,-0.4345159395690814,0.0
1759838844.2617927,1,-1.2050001621245956,-0.8299997448920943,-0.7177030444144975,0.0,-1.734999179840088,-0.34999901056289673,-0.7177046537399292,0.0,-1.9499999253864349,0.19700005619322286,-0.4345159395690814,0.0
1759838844.2726605,1,-1.2050001621245956,-0.8299997448920943,-0.7177030444144975,0.0,-1.734999179840088,-0.34999901056289673,-0.7177046537399292,0.0,-1.9499999253864349,0.19700005619322286,-0.4345159395690814,0.0
1759838844.2840188,1,-1.2050001621245956,-0.8299997448920943,-0.7177030444144975,0.0,-1.734999179840088,-0.34999901056289673,-0.7177046537399292,0.0,-1.9499999253864349,0.19700005619322286,-0.4345159395690814,0.0
1759838844.2952378,1,-1.2050001621245956,-0.8299997448920943,-0.7177030444144975,0.0,-1.734999179840088,-0.34999901056289673,-0.7177046537399292,0.0,-1.9499999253864349,0.19700005619322286,-0.4345159395690814,0.0
1759838844.3069403,1,-1.2050001621245956,-0.8299997448920943,-0.7177030444144975,0.0,-1.734999179840088,-0.34999901056289673,-0.7177046537399292,0.0,-1.9499999253864349,0.19700005619322286,-0.4345159395690814,0.0
1759838844.3171358,1,-1.2050001621245956,-0.8299997448920943,-0.7177030444144975,0.0,-1.734999179840088,-0.34999901056289673,-0.7177046537399292,0.0,-1.9499999253864349,0.19700005619322286,-0.4345159395690814,0.0
1759838844.3288872,1,-1.2050001621245956,-0.8299997448920943,-0.7177030444144975,0.0,-1.734999179840088,-0.34999901056289673,-0.7177046537399292,0.0,-1.9499999253864349,0.19700005619322286,-0.4345159395690814,0.0
1759838844.339553,1,-1.2050001621245956,-0.8299997448920943,-0.7177030444144975,0.0,-1.734999179840088,-0.34999901056289673,-0.7177046537399292,0.0,-1.9499999253864349,0.19700005619322286,-0.4345159395690814,0.0
1759838844.3499236,1,-1.2050001621245956,-0.8299997448920943,-0.7177030444144975,0.0,-1.734999179840088,-0.34999901056289673,-0.7177046537399292,0.0,-1.9499999253864349,0.19700005619322286,-0.4345159395690814,0.0
1759838844.3612392,1,-1.2050001621245956,-0.8299997448920943,-0.7177030444144975,0.0,-1.734999179840088,-0.34999901056289673,-0.7177046537399292,0.0,-1.9499999253864349,0.19700005619322286,-0.4345159395690814,0.0
1759838844.372409,1,-1.2050001621245956,-0.8299997448920943,-0.7177030444144975,0.0,-1.734999179840088,-0.34999901056289673,-0.7177046537399292,0.0,-1.9499999253864349,0.19700005619322286,-0.4345159395690814,0.0
1759838844.382646,1,-1.2050001621245956,-0.8299997448920943,-0.7177030444144975,0.0,-1.734999179840088,-0.34999901056289673,-0.7177046537399292,0.0,-1.9499999253864349,0.19700005619322286,-0.4345159395690814,0.0
1759838844.3932145,1,-1.2050001621245956,-0.8299997448920943,-0.7177030444144975,0.0,-1.734999179840088,-0.34999901056289673,-0.7177046537399292,0.0,-1.9499999253864349,0.19700005619322286,-0.4345159395690814,0.0
1759838844.4035814,1,-1.2050001621245956,-0.8299997448920943,-0.7177030444144975,0.0,-1.734999179840088,-0.34999901056289673,-0.7177046537399292,0.0,-1.9499999253864349,0.19700005619322286,-0.4345159395690814,0.0
1759838844.4193187,1,-1.2050001621245956,-0.8299997448920943,-0.7177030444144975,0.0,-1.734999179840088,-0.34999901056289673,-0.7177046537399292,0.0,-1.9499999253864349,0.19700005619322286,-0.4345159395690814,0.0
1759838844.4304256,1,-1.2050001621245956,-0.8299997448920943,-0.7177030444144975,0.0,-1.734999179840088,-0.34999901056289673,-0.7177046537399292,0.0,-1.9499999253864349,0.19700005619322286,-0.4345159395690814,0.0
1759838844.4414985,1,-1.2050001621245956,-0.8299997448920943,-0.7177030444144975,0.0,-1.734999179840088,-0.34999901056289673,-0.7177046537399292,0.0,-1.9499999253864349,0.19700005619322286,-0.4345159395690814,0.0
1759838844.4522774,1,-1.2050001621245956,-0.8299997448920943,-0.7177030444144975,0.0,-1.734999179840088,-0.34999901056289673,-0.7177046537399292,0.0,-1.9499999253864349,0.19700005619322286,-0.4345159395690814,0.0
1759838844.4633496,1,-1.2050001621245956,-0.8299997448920943,-0.7177030444144975,0.0,-1.734999179840088,-0.34999901056289673,-0.7177046537399292,0.0,-1.9499999253864349,0.19700005619322286,-0.4345159395690814,0.0
1759838844.4762292,1,-1.2050001621245956,-0.8299997448920943,-0.7177030444144975,0.0,-1.734999179840088,-0.34999901056289673,-0.7177046537399292,0.0,-1.9499999253864349,0.19700005619322286,-0.4345159395690814,0.0
1759838844.4885259,1,-1.2050001621245956,-0.8299997448920943,-0.7177030444144975,0.0,-1.734999179840088,-0.34999901056289673,-0.7177046537399292,0.0,-1.9499999253864349,0.19700005619322286,-0.4345159395690814,0.0
1759838844.4987044,1,-1.2050001621245956,-0.8299997448920943,-0.7177030444144975,0.0,-1.734999179840088,-0.34999901056289673,-0.7177046537399292,0.0,-1.9499999253864349,0.19700005619322286,-0.4345159395690814,0.0
1759838844.510029,1,-1.2050001621245956,-0.8299997448920943,-0.7177030444144975,0.0,-1.734999179840088,-0.34999901056289673,-0.7177046537399292,0.0,-1.9499999253864349,0.19700005619322286,-0.4345159395690814,0.0
1759838844.5207138,1,-1.2050001621245956,-0.8299997448920943,-0.7177030444144975,0.0,-1.734999179840088,-0.34999901056289673,-0.7177046537399292,0.0,-1.9499999253864349,0.19700005619322286,-0.4345159395690814,0.0
1759838844.531376,1,-1.2050001621245956,-0.8299997448920943,-0.7177030444144975,0.0,-1.734999179840088,-0.34999901056289673,-0.7177046537399292,0.0,-1.9499999253864349,0.19700005619322286,-0.4345159395690814,0.0
1759838844.5416455,1,-1.2050001621245956,-0.8299997448920943,-0.7177030444144975,0.0,-1.734999179840088,-0.34999901056289673,-0.7177046537399292,0.0,-1.9499999253864349,0.19700005619322286,-0.4345159395690814,0.0
1759838844.5544536,1,-1.2050001621245956,-0.8299997448920943,-0.7177030444144975,0.0,-1.734999179840088,-0.34999901056289673,-0.7177046537399292,0.0,-1.9499999253864349,0.19700005619322286,-0.4345159395690814,0.0
1759838844.565585,1,-1.2050001621245956,-0.8299997448920943,-0.7177030444144975,0.0,-1.734999179840088,-0.34999901056289673,-0.7177046537399292,0.0,-1.9499999253864349,0.19700005619322286,-0.4345159395690814,0.0
1759838844.5769129,1,-1.2050001621245956,-0.8299997448920943,-0.7177030444144975,0.0,-1.734999179840088,-0.34999901056289673,-0.7177046537399292,0.0,-1.9499999253864349,0.19700005619322286,-0.4345159395690814,0.0
1759838844.5877721,1,-1.2050001621245956,-0.8299997448920943,-0.7177030444144975,0.0,-1.734999179840088,-0.34999901056289673,-0.7177046537399292,0.0,-1.9499999253864349,0.19700005619322286,-0.4345159395690814,0.0
1759838844.5987453,1,-1.2050001621245956,-0.8299997448920943,-0.7177030444144975,0.0,-1.734999179840088,-0.34999901056289673,-0.7177046537399292,0.0,-1.9499999253864349,0.19700005619322286,-0.4345159395690814,0.0
1759838844.6109345,1,-1.2050001621245956,-0.8299997448920943,-0.7177030444144975,0.0,-1.734999179840088,-0.34999901056289673,-0.7177046537399292,0.0,-1.9499999253864349,0.19700005619322286,-0.4345159395690814,0.0
1759838844.6244712,1,-1.2050001621245956,-0.8299997448920943,-0.7177030444144975,0.0,-1.734999179840088,-0.34999901056289673,-0.7177046537399292,0.0,-1.9499999253864349,0.19700005619322286,-0.4345159395690814,0.0
1759838844.6348438,1,-1.2050001621245956,-0.8299997448920943,-0.7177030444144975,0.0,-1.734999179840088,-0.34999901056289673,-0.7177046537399292,0.0,-1.9499999253864349,0.19700005619322286,-0.4345159395690814,0.0
1759838844.645691,1,-1.2050001621245956,-0.8299997448920943,-0.7177030444144975,0.0,-1.734999179840088,-0.34999901056289673,-0.7177046537399292,0.0,-1.9499999253864349,0.19700005619322286,-0.4345159395690814,0.0
1759838844.6563108,1,-1.2050001621245956,-0.8299997448920943,-0.7177030444144975,0.0,-1.734999179840088,-0.34999901056289673,-0.7177046537399292,0.0,-1.9499999253864349,0.19700005619322286,-0.4345159395690814,0.0
1759838844.6669207,1,-1.2050001621245956,-0.8299997448920943,-0.7177030444144975,0.0,-1.734999179840088,-0.34999901056289673,-0.7177046537399292,0.0,-1.9499999253864349,0.19700005619322286,-0.4345159395690814,0.0
1759838844.6782243,1,-1.2050001621245956,-0.8299997448920943,-0.7177030444144975,0.0,-1.734999179840088,-0.34999901056289673,-0.7177046537399292,0.0,-1.9499999253864349,0.19700005619322286,-0.4345159395690814,0.0
1759838844.689004,1,-1.2050001621245956,-0.8299997448920943,-0.7177030444144975,0.0,-1.734999179840088,-0.34999901056289673,-0.7177046537399292,0.0,-1.9499999253864349,0.19700005619322286,-0.4345159395690814,0.0
1759838844.700086,1,-1.2050001621245956,-0.8299997448920943,-0.7177030444144975,0.0,-1.734999179840088,-0.34999901056289673,-0.7177046537399292,0.0,-1.9499999253864349,0.19700005619322286,-0.4345159395690814,0.0
1759838844.711812,1,-1.2050001621245956,-0.8299997448920943,-0.7177030444144975,0.0,-1.734999179840088,-0.34999901056289673,-0.7177046537399292,0.0,-1.9499999253864349,0.19700005619322286,-0.4345159395690814,0.0
1759838844.7220898,1,-1.2050001621245956,-0.8299997448920943,-0.7177030444144975,0.0,-1.734999179840088,-0.34999901056289673,-0.7177046537399292,0.0,-1.9499999253864349,0.19700005619322286,-0.4345159395690814,0.0
1759838844.7349625,1,-1.2050001621245956,-0.8299997448920943,-0.7177030444144975,0.0,-1.734999179840088,-0.34999901056289673,-0.7177046537399292,0.0,-1.9499999253864349,0.19700005619322286,-0.4345159395690814,0.0
1759838844.7458432,1,-1.2050001621245956,-0.8299997448920943,-0.7177030444144975,0.0,-1.734999179840088,-0.34999901056289673,-0.7177046537399292,0.0,-1.9499999253864349,0.19700005619322286,-0.4345159395690814,0.0
1759838844.7583108,1,-1.2050001621245956,-0.8299997448920943,-0.7177030444144975,0.0,-1.734999179840088,-0.34999901056289673,-0.7177046537399292,0.0,-1.9499999253864349,0.19700005619322286,-0.4345159395690814,0.0
1759838844.7717612,1,-1.2050001621245956,-0.8299997448920943,-0.7177030444144975,0.0,-1.734999179840088,-0.34999901056289673,-0.7177046537399292,0.0,-1.9499999253864349,0.19700005619322286,-0.4345159395690814,0.0
1759838844.7826257,1,-1.2050001621245956,-0.8299997448920943,-0.7177030444144975,0.0,-1.734999179840088,-0.34999901056289673,-0.7177046537399292,0.0,-1.9499999253864349,0.19700005619322286,-0.4345159395690814,0.0
1759838844.7931986,1,-1.2050001621245956,-0.8299997448920943,-0.7177030444144975,0.0,-1.734999179840088,-0.34999901056289673,-0.7177046537399292,0.0,-1.9499999253864349,0.19700005619322286,-0.4345159395690814,0.0
1759838844.803583,1,-1.2050001621245956,-0.8299997448920943,-0.7177030444144975,0.0,-1.734999179840088,-0.34999901056289673,-0.7177046537399292,0.0,-1.9499999253864349,0.19700005619322286,-0.4345159395690814,0.0
1759838844.8145556,1,-1.2050001621245956,-0.8299997448920943,-0.7177030444144975,0.0,-1.734999179840088,-0.34999901056289673,-0.7177046537399292,0.0,-1.9499999253864349,0.19700005619322286,-0.4345159395690814,0.0
1759838844.8292766,1,-1.2050001621245956,-0.8299997448920943,-0.7177030444144975,0.0,-1.734999179840088,-0.34999901056289673,-0.7177046537399292,0.0,-1.9499999253864349,0.19700005619322286,-0.4345159395690814,0.0
1759838844.8396277,1,-1.2050001621245956,-0.8299997448920943,-0.7177030444144975,0.0,-1.734999179840088,-0.34999901056289673,-0.7177046537399292,0.0,-1.9499999253864349,0.19700005619322286,-0.4345159395690814,0.0
1759838844.8518326,1,-1.2050001621245956,-0.8299997448920943,-0.7177030444144975,0.0,-1.734999179840088,-0.34999901056289673,-0.7177046537399292,0.0,-1.9499999253864349,0.19700005619322286,-0.4345159395690814,0.0
1759838844.862595,1,-1.2050001621245956,-0.8299997448920943,-0.7177030444144975,0.0,-1.734999179840088,-0.34999901056289673,-0.7177046537399292,0.0,-1.9499999253864349,0.19700005619322286,-0.4345159395690814,0.0
1759838844.874056,1,-1.2050001621245956,-0.8299997448920943,-0.7177030444144975,0.0,-1.734999179840088,-0.34999901056289673,-0.7177046537399292,0.0,-1.9499999253864349,0.19700005619322286,-0.4345159395690814,0.0
1759838844.884193,1,-1.2050001621245956,-0.8299997448920943,-0.7177030444144975,0.0,-1.734999179840088,-0.34999901056289673,-0.7177046537399292,0.0,-1.9499999253864349,0.19700005619322286,-0.4345159395690814,0.0
1759838844.8948557,1,-1.2050001621245956,-0.8299997448920943,-0.7177030444144975,0.0,-1.734999179840088,-0.34999901056289673,-0.7177046537399292,0.0,-1.9499999253864349,0.19700005619322286,-0.4345159395690814,0.0
1759838844.9053173,1,-1.2050001621245956,-0.8299997448920943,-0.7177030444144975,0.0,-1.734999179840088,-0.34999901056289673,-0.7177046537399292,0.0,-1.9499999253864349,0.19700005619322286,-0.4345159395690814,0.0
1759838844.9159892,1,-1.2050001621245956,-0.8299997448920943,-0.7177030444144975,0.0,-1.734999179840088,-0.34999901056289673,-0.7177046537399292,0.0,-1.9499999253864349,0.19700005619322286,-0.4345159395690814,0.0
1759838844.9275556,1,-1.2050001621245956,-0.8299997448920943,-0.7177030444144975,0.0,-1.734999179840088,-0.34999901056289673,-0.7177046537399292,0.0,-1.9499999253864349,0.19700005619322286,-0.4345159395690814,0.0
1759838844.939551,1,-1.2050001621245956,-0.8299997448920943,-0.7177030444144975,0.0,-1.734999179840088,-0.34999901056289673,-0.7177046537399292,0.0,-1.9499999253864349,0.19700005619322286,-0.4345159395690814,0.0
1759838844.950272,1,-1.2050001621245956,-0.8299997448920943,-0.7177030444144975,0.0,-1.734999179840088,-0.34999901056289673,-0.7177046537399292,0.0,-1.9499999253864349,0.19700005619322286,-0.4345159395690814,0.0
1759838844.960941,1,-1.2050001621245956,-0.8299997448920943,-0.7177030444144975,0.0,-1.734999179840088,-0.34999901056289673,-0.7177046537399292,0.0,-1.9499999253864349,0.19700005619322286,-0.4345159395690814,0.0
1759838844.9714434,1,-1.2050001621245956,-0.8299997448920943,-0.7177030444144975,0.0,-1.734999179840088,-0.34999901056289673,-0.7177046537399292,0.0,-1.9499999253864349,0.19700005619322286,-0.4345159395690814,0.0
1759838844.9865792,1,-1.2050001621245956,-0.8299997448920943,-0.7177030444144975,0.0,-1.734999179840088,-0.34999901056289673,-0.7177046537399292,0.0,-1.9499999253864349,0.19700005619322286,-0.4345159395690814,0.0
1759838844.9982078,1,-1.2050001621245956,-0.8299997448920943,-0.7177030444144975,0.0,-1.734999179840088,-0.34999901056289673,-0.7177046537399292,0.0,-1.9499999253864349,0.19700005619322286,-0.4345159395690814,0.0
1759838845.0112865,1,-1.2050001621245956,-0.8299997448920943,-0.7177030444144975,0.0,-1.734999179840088,-0.34999901056289673,-0.7177046537399292,0.0,-1.9499999253864349,0.19700005619322286,-0.4345159395690814,0.0
1759838845.0240471,1,-1.2050001621245956,-0.8299997448920943,-0.7177030444144975,0.0,-1.734999179840088,-0.34999901056289673,-0.7177046537399292,0.0,-1.9499999253864349,0.19700005619322286,-0.4345159395690814,0.0
1759838845.0358772,1,-1.2050001621245956,-0.8299997448920943,-0.7177030444144975,0.0,-1.734999179840088,-0.34999901056289673,-0.7177046537399292,0.0,-1.9499999253864349,0.19700005619322286,-0.4345159395690814,0.0
1759838845.0521548,1,-1.2050001621245956,-0.8299997448920943,-0.7177030444144975,0.0,-1.734999179840088,-0.34999901056289673,-0.7177046537399292,0.0,-1.9499999253864349,0.19700005619322286,-0.4345159395690814,0.0
1759838845.0626612,1,-1.2050001621245956,-0.8299997448920943,-0.7177030444144975,0.0,-1.734999179840088,-0.34999901056289673,-0.7177046537399292,0.0,-1.9499999253864349,0.19700005619322286,-0.4345159395690814,0.0
1759838845.0731962,1,-1.2050001621245956,-0.8299997448920943,-0.7177030444144975,0.0,-1.734999179840088,-0.34999901056289673,-0.7177046537399292,0.0,-1.9499999253864349,0.19700005619322286,-0.4345159395690814,0.0
1759838845.0886774,1,-1.2050001621245956,-0.8299997448920943,-0.7177030444144975,0.0,-1.734999179840088,-0.34999901056289673,-0.7177046537399292,0.0,-1.9499999253864349,0.19700005619322286,-0.4345159395690814,0.0
1759838845.0999727,1,-1.2050001621245956,-0.8299997448920943,-0.7177030444144975,0.0,-1.734999179840088,-0.34999901056289673,-0.7177046537399292,0.0,-1.9499999253864349,0.19700005619322286,-0.4345159395690814,0.0
1759838845.1146915,1,-1.2050001621245956,-0.8299997448920943,-0.7177030444144975,0.0,-1.734999179840088,-0.34999901056289673,-0.7177046537399292,0.0,-1.9499999253864349,0.19700005619322286,-0.4345159395690814,0.0
1759838845.125983,1,-1.2050001621245956,-0.8299997448920943,-0.7177030444144975,0.0,-1.734999179840088,-0.34999901056289673,-0.7177046537399292,0.0,-1.9499999253864349,0.19700005619322286,-0.4345159395690814,0.0
1759838845.136065,1,-1.2050001621245956,-0.8299997448920943,-0.7177030444144975,0.0,-1.734999179840088,-0.34999901056289673,-0.7177046537399292,0.0,-1.9499999253864349,0.19700005619322286,-0.4345159395690814,0.0
1759838845.147471,1,-1.2050001621245956,-0.8299997448920943,-0.7177030444144975,0.0,-1.734999179840088,-0.34999901056289673,-0.7177046537399292,0.0,-1.9499999253864349,0.19700005619322286,-0.4345159395690814,0.0
1759838845.1602058,1,-1.2050001621245956,-0.8299997448920943,-0.7177030444144975,0.0,-1.734999179840088,-0.34999901056289673,-0.7177046537399292,0.0,-1.9499999253864349,0.19700005619322286,-0.4345159395690814,0.0
1759838845.1739438,1,-1.2050001621245956,-0.8299997448920943,-0.7177030444144975,0.0,-1.734999179840088,-0.34999901056289673,-0.7177046537399292,0.0,-1.9499999253864349,0.19700005619322286,-0.4345159395690814,0.0
1759838845.1842065,1,-1.2050001621245956,-0.8299997448920943,-0.7177030444144975,0.0,-1.734999179840088,-0.34999901056289673,-0.7177046537399292,0.0,-1.9499999253864349,0.19700005619322286,-0.4345159395690814,0.0
1759838845.195259,1,-1.2050001621245956,-0.8299997448920943,-0.7177030444144975,0.0,-1.734999179840088,-0.34999901056289673,-0.7177046537399292,0.0,-1.9499999253864349,0.19700005619322286,-0.4345159395690814,0.0
1759838845.2060363,1,-1.2050001621245956,-0.8299997448920943,-0.7177030444144975,0.0,-1.734999179840088,-0.34999901056289673,-0.7177046537399292,0.0,-1.9499999253864349,0.19700005619322286,-0.4345159395690814,0.0
1759838845.2187948,1,-1.2050001621245956,-0.8299997448920943,-0.7177030444144975,0.0,-1.734999179840088,-0.34999901056289673,-0.7177046537399292,0.0,-1.9499999253864349,0.19700005619322286,-0.4345159395690814,0.0
1759838845.2360353,1,-1.2050001621245956,-0.8299997448920943,-0.7177030444144975,0.0,-1.734999179840088,-0.34999901056289673,-0.7177046537399292,0.0,-1.9499999253864349,0.19700005619322286,-0.4345159395690814,0.0
1759838845.2472727,1,-1.2050001621245956,-0.8299997448920943,-0.7177030444144975,0.0,-1.734999179840088,-0.34999901056289673,-0.7177046537399292,0.0,-1.9499999253864349,0.19700005619322286,-0.4345159395690814,0.0
1759838845.2581499,1,-1.2050001621245956,-0.8299997448920943,-0.7177030444144975,0.0,-1.734999179840088,-0.34999901056289673,-0.7177046537399292,0.0,-1.9499999253864349,0.19700005619322286,-0.4345159395690814,0.0
1759838845.2695029,1,-1.2050001621245956,-0.8299997448920943,-0.7177030444144975,0.0,-1.734999179840088,-0.34999901056289673,-0.7177046537399292,0.0,-1.9499999253864349,0.19700005619322286,-0.4345159395690814,0.0
1759838845.2841887,1,-1.2050001621245956,-0.8299997448920943,-0.7177030444144975,0.0,-1.734999179840088,-0.34999901056289673,-0.7177046537399292,0.0,-1.9499999253864349,0.19700005619322286,-0.4345159395690814,0.0
1759838845.2951186,1,-1.2050001621245956,-0.8299997448920943,-0.7177030444144975,0.0,-1.734999179840088,-0.34999901056289673,-0.7177046537399292,0.0,-1.9499999253864349,0.19700005619322286,-0.4345159395690814,0.0
1759838845.305332,1,-1.2050001621245956,-0.8299997448920943,-0.7177030444144975,0.0,-1.734999179840088,-0.34999901056289673,-0.7177046537399292,0.0,-1.9499999253864349,0.19700005619322286,-0.4345159395690814,0.0
1759838845.3199391,1,-1.2050001621245956,-0.8299997448920943,-0.7177030444144975,0.0,-1.734999179840088,-0.34999901056289673,-0.7177046537399292,0.0,-1.9499999253864349,0.19700005619322286,-0.4345159395690814,0.0
1759838845.3302374,1,-1.2050001621245956,-0.8299997448920943,-0.7177030444144975,0.0,-1.734999179840088,-0.34999901056289673,-0.7177046537399292,0.0,-1.9499999253864349,0.19700005619322286,-0.4345159395690814,0.0
1759838845.3464718,1,-1.2050001621245956,-0.8299997448920943,-0.7177030444144975,0.0,-1.734999179840088,-0.34999901056289673,-0.7177046537399292,0.0,-1.9499999253864349,0.19700005619322286,-0.4345159395690814,0.0
1759838845.3570104,1,-1.2050001621245956,-0.8299997448920943,-0.7177030444144975,0.0,-1.734999179840088,-0.34999901056289673,-0.7177046537399292,0.0,-1.9499999253864349,0.19700005619322286,-0.4345159395690814,0.0
1759838845.369197,1,-1.2050001621245956,-0.8299997448920943,-0.7177030444144975,0.0,-1.734999179840088,-0.34999901056289673,-0.7177046537399292,0.0,-1.9499999253864349,0.19700005619322286,-0.4345159395690814,0.0
1759838845.3804402,1,-1.2050001621245956,-0.8299997448920943,-0.7177030444144975,0.0,-1.734999179840088,-0.34999901056289673,-0.7177046537399292,0.0,-1.9499999253864349,0.19700005619322286,-0.4345159395690814,0.0
1759838845.3981454,1,-1.2050001621245956,-0.8299997448920943,-0.7177030444144975,0.0,-1.734999179840088,-0.34999901056289673,-0.7177046537399292,0.0,-1.9499999253864349,0.19700005619322286,-0.4345159395690814,0.0
1759838845.4095483,1,-1.2050001621245956,-0.8299997448920943,-0.7177030444144975,0.0,-1.734999179840088,-0.34999901056289673,-0.7177046537399292,0.0,-1.9499999253864349,0.19700005619322286,-0.4345159395690814,0.0
1759838845.421778,1,-1.2050001621245956,-0.8299997448920943,-0.7177030444144975,0.0,-1.734999179840088,-0.34999901056289673,-0.7177046537399292,0.0,-1.9499999253864349,0.19700005619322286,-0.4345159395690814,0.0
1759838845.43988,1,-1.2050001621245956,-0.8299997448920943,-0.7177030444144975,0.0,-1.734999179840088,-0.34999901056289673,-0.7177046537399292,0.0,-1.9499999253864349,0.19700005619322286,-0.4345159395690814,0.0
1759838845.4510684,1,-1.2050001621245956,-0.8299997448920943,-0.7177030444144975,0.0,-1.734999179840088,-0.34999901056289673,-0.7177046537399292,0.0,-1.9499999253864349,0.19700005619322286,-0.4345159395690814,0.0
1759838845.468463,1,-1.2050001621245956,-0.8299997448920943,-0.7177030444144975,0.0,-1.734999179840088,-0.34999901056289673,-0.7177046537399292,0.0,-1.9499999253864349,0.19700005619322286,-0.4345159395690814,0.0
1759838845.4789014,1,-1.2050001621245956,-0.8299997448920943,-0.7177030444144975,0.0,-1.734999179840088,-0.34999901056289673,-0.7177046537399292,0.0,-1.9499999253864349,0.19700005619322286,-0.4345159395690814,0.0
1759838845.4932454,1,-1.2050001621245956,-0.8299997448920943,-0.7177030444144975,0.0,-1.734999179840088,-0.34999901056289673,-0.7177046537399292,0.0,-1.9499999253864349,0.19700005619322286,-0.4345159395690814,0.0
1759838845.5037222,1,-1.2050001621245956,-0.8299997448920943,-0.7177030444144975,0.0,-1.734999179840088,-0.34999901056289673,-0.7177046537399292,0.0,-1.9499999253864349,0.19700005619322286,-0.4345159395690814,0.0
1759838845.516334,1,-1.2050001621245956,-0.8299997448920943,-0.7177030444144975,0.0,-1.734999179840088,-0.34999901056289673,-0.7177046537399292,0.0,-1.9499999253864349,0.19700005619322286,-0.4345159395690814,0.0
1759838845.5270364,1,-1.2050001621245956,-0.8299997448920943,-0.7177030444144975,0.0,-1.734999179840088,-0.34999901056289673,-0.7177046537399292,0.0,-1.9499999253864349,0.19700005619322286,-0.4345159395690814,0.0
1759838845.5404353,1,-1.2050001621245956,-0.8299997448920943,-0.7177030444144975,0.0,-1.734999179840088,-0.34999901056289673,-0.7177046537399292,0.0,-1.9499999253864349,0.19700005619322286,-0.4345159395690814,0.0
1759838845.5562427,1,-1.2050001621245956,-0.8299997448920943,-0.7177030444144975,0.0,-1.734999179840088,-0.34999901056289673,-0.7177046537399292,0.0,-1.9499999253864349,0.19700005619322286,-0.4345159395690814,0.0
1759838845.5665426,1,-1.2050001621245956,-0.8299997448920943,-0.7177030444144975,0.0,-1.734999179840088,-0.34999901056289673,-0.7177046537399292,0.0,-1.9499999253864349,0.19700005619322286,-0.4345159395690814,0.0
1759838845.5796874,1,-1.2050001621245956,-0.8299997448920943,-0.7177030444144975,0.0,-1.734999179840088,-0.34999901056289673,-0.7177046537399292,0.0,-1.9499999253864349,0.19700005619322286,-0.4345159395690814,0.0
1759838845.5905113,1,-1.2050001621245956,-0.8299997448920943,-0.7177030444144975,0.0,-1.734999179840088,-0.34999901056289673,-0.7177046537399292,0.0,-1.9499999253864349,0.19700005619322286,-0.4345159395690814,0.0
1759838845.6053367,1,-1.2050001621245956,-0.8299997448920943,-0.7177030444144975,0.0,-1.734999179840088,-0.34999901056289673,-0.7177046537399292,0.0,-1.9499999253864349,0.19700005619322286,-0.4345159395690814,0.0
1759838845.61578,1,-1.2050001621245956,-0.8299997448920943,-0.7177030444144975,0.0,-1.734999179840088,-0.34999901056289673,-0.7177046537399292,0.0,-1.9499999253864349,0.19700005619322286,-0.4345159395690814,0.0
1759838845.630346,1,-1.2050001621245956,-0.8299997448920943,-0.7177030444144975,0.0,-1.734999179840088,-0.34999901056289673,-0.7177046537399292,0.0,-1.9499999253864349,0.19700005619322286,-0.4345159395690814,0.0
1759838845.646897,1,-1.2050001621245956,-0.8299997448920943,-0.7177030444144975,0.0,-1.734999179840088,-0.34999901056289673,-0.7177046537399292,0.0,-1.9499999253864349,0.19700005619322286,-0.4345159395690814,0.0
1759838845.658108,1,-1.2050001621245956,-0.8299997448920943,-0.7177030444144975,0.0,-1.734999179840088,-0.34999901056289673,-0.7177046537399292,0.0,-1.9499999253864349,0.19700005619322286,-0.4345159395690814,0.0
1759838845.6738656,1,-1.2050001621245956,-0.8299997448920943,-0.7177030444144975,0.0,-1.734999179840088,-0.34999901056289673,-0.7177046537399292,0.0,-1.9499999253864349,0.19700005619322286,-0.4345159395690814,0.0
1759838845.6862888,1,-1.2050001621245956,-0.8299997448920943,-0.7177030444144975,0.0,-1.734999179840088,-0.34999901056289673,-0.7177046537399292,0.0,-1.9499999253864349,0.19700005619322286,-0.4345159395690814,0.0
1759838845.6963472,1,-1.2050001621245956,-0.8299997448920943,-0.7177030444144975,0.0,-1.734999179840088,-0.34999901056289673,-0.7177046537399292,0.0,-1.9499999253864349,0.19700005619322286,-0.4345159395690814,0.0
1759838845.707211,1,-1.2050001621245956,-0.8299997448920943,-0.7177030444144975,0.0,-1.734999179840088,-0.34999901056289673,-0.7177046537399292,0.0,-1.9499999253864349,0.19700005619322286,-0.4345159395690814,0.0
1759838845.7185755,1,-1.2050001621245956,-0.8299997448920943,-0.7177030444144975,0.0,-1.734999179840088,-0.34999901056289673,-0.7177046537399292,0.0,-1.9499999253864349,0.19700005619322286,-0.4345159395690814,0.0
1759838845.7286909,1,-1.2050001621245956,-0.8299997448920943,-0.7177030444144975,0.0,-1.734999179840088,-0.34999901056289673,-0.7177046537399292,0.0,-1.9499999253864349,0.19700005619322286,-0.4345159395690814,0.0
1759838845.7399123,1,-1.2050001621245956,-0.8299997448920943,-0.7177030444144975,0.0,-1.734999179840088,-0.34999901056289673,-0.7177046537399292,0.0,-1.9499999253864349,0.19700005619322286,-0.4345159395690814,0.0
1759838845.751413,1,-1.2050001621245956,-0.8299997448920943,-0.7177030444144975,0.0,-1.734999179840088,-0.34999901056289673,-0.7177046537399292,0.0,-1.9499999253864349,0.19700005619322286,-0.4345159395690814,0.0
1759838845.762757,1,-1.2050001621245956,-0.8299997448920943,-0.7177030444144975,0.0,-1.734999179840088,-0.34999901056289673,-0.7177046537399292,0.0,-1.9499999253864349,0.19700005619322286,-0.4345159395690814,0.0
1759838845.7736065,1,-1.2050001621245956,-0.8299997448920943,-0.7177030444144975,0.0,-1.734999179840088,-0.34999901056289673,-0.7177046537399292,0.0,-1.9499999253864349,0.19700005619322286,-0.4345159395690814,0.0
1759838845.7837405,1,-1.2050001621245956,-0.8299997448920943,-0.7177030444144975,0.0,-1.734999179840088,-0.34999901056289673,-0.7177046537399292,0.0,-1.9499999253864349,0.19700005619322286,-0.4345159395690814,0.0
1759838845.796792,1,-1.2050001621245956,-0.8299997448920943,-0.7177030444144975,0.0,-1.734999179840088,-0.34999901056289673,-0.7177046537399292,0.0,-1.9499999253864349,0.19700005619322286,-0.4345159395690814,0.0
1759838845.808191,1,-1.2050001621245956,-0.8299997448920943,-0.7177030444144975,0.0,-1.734999179840088,-0.34999901056289673,-0.7177046537399292,0.0,-1.9499999253864349,0.19700005619322286,-0.4345159395690814,0.0
1759838845.819644,1,-1.2050001621245956,-0.8299997448920943,-0.7177030444144975,0.0,-1.734999179840088,-0.34999901056289673,-0.7177046537399292,0.0,-1.9499999253864349,0.19700005619322286,-0.4345159395690814,0.0
1759838845.8318937,1,-1.2050001621245956,-0.8299997448920943,-0.7177030444144975,0.0,-1.734999179840088,-0.34999901056289673,-0.7177046537399292,0.0,-1.9499999253864349,0.19700005619322286,-0.4345159395690814,0.0
1759838845.8464532,1,-1.2050001621245956,-0.8299997448920943,-0.7177030444144975,0.0,-1.734999179840088,-0.34999901056289673,-0.7177046537399292,0.0,-1.9499999253864349,0.19700005619322286,-0.4345159395690814,0.0
1759838845.8570821,1,-1.2050001621245956,-0.8299997448920943,-0.7177030444144975,0.0,-1.734999179840088,-0.34999901056289673,-0.7177046537399292,0.0,-1.9499999253864349,0.19700005619322286,-0.4345159395690814,0.0
1759838845.8676293,1,-1.2050001621245956,-0.8299997448920943,-0.7177030444144975,0.0,-1.734999179840088,-0.34999901056289673,-0.7177046537399292,0.0,-1.9499999253864349,0.19700005619322286,-0.4345159395690814,0.0
1759838845.88048,1,-1.2050001621245956,-0.8299997448920943,-0.7177030444144975,0.0,-1.734999179840088,-0.34999901056289673,-0.7177046537399292,0.0,-1.9499999253864349,0.19700005619322286,-0.4345159395690814,0.0
1759838845.8908231,1,-1.2050001621245956,-0.8299997448920943,-0.7177030444144975,0.0,-1.734999179840088,-0.34999901056289673,-0.7177046537399292,0.0,-1.9499999253864349,0.19700005619322286,-0.4345159395690814,0.0
1759838845.9020975,1,-1.2050001621245956,-0.8299997448920943,-0.7177030444144975,0.0,-1.734999179840088,-0.34999901056289673,-0.7177046537399292,0.0,-1.9499999253864349,0.19700005619322286,-0.4345159395690814,0.0
1759838845.9139223,1,-1.2050001621245956,-0.8299997448920943,-0.7177030444144975,0.0,-1.734999179840088,-0.34999901056289673,-0.7177046537399292,0.0,-1.9499999253864349,0.19700005619322286,-0.4345159395690814,0.0
1759838845.925318,1,-1.2050001621245956,-0.8299997448920943,-0.7177030444144975,0.0,-1.734999179840088,-0.34999901056289673,-0.7177046537399292,0.0,-1.9499999253864349,0.19700005619322286,-0.4345159395690814,0.0
1759838845.9366136,1,-1.2050001621245956,-0.8299997448920943,-0.7177030444144975,0.0,-1.734999179840088,-0.34999901056289673,-0.7177046537399292,0.0,-1.9499999253864349,0.19700005619322286,-0.4345159395690814,0.0
1759838845.9481523,1,-1.2050001621245956,-0.8299997448920943,-0.7177030444144975,0.0,-1.734999179840088,-0.34999901056289673,-0.7177046537399292,0.0,-1.9499999253864349,0.19700005619322286,-0.4345159395690814,0.0
1759838845.9594474,1,-1.2050001621245956,-0.8299997448920943,-0.7177030444144975,0.0,-1.734999179840088,-0.34999901056289673,-0.7177046537399292,0.0,-1.9499999253864349,0.19700005619322286,-0.4345159395690814,0.0
1759838845.970944,1,-1.2050001621245956,-0.8299997448920943,-0.7177030444144975,0.0,-1.734999179840088,-0.34999901056289673,-0.7177046537399292,0.0,-1.9499999253864349,0.19700005619322286,-0.4345159395690814,0.0
1759838845.981157,1,-1.2050001621245956,-0.8299997448920943,-0.7177030444144975,0.0,-1.734999179840088,-0.34999901056289673,-0.7177046537399292,0.0,-1.9499999253864349,0.19700005619322286,-0.4345159395690814,0.0
1759838845.9924939,1,-1.2050001621245956,-0.8299997448920943,-0.7177030444144975,0.0,-1.734999179840088,-0.34999901056289673,-0.7177046537399292,0.0,-1.9499999253864349,0.19700005619322286,-0.4345159395690814,0.0
1759838846.0032017,1,-1.2050001621245956,-0.8299997448920943,-0.7177030444144975,0.0,-1.734999179840088,-0.34999901056289673,-0.7177046537399292,0.0,-1.9499999253864349,0.19700005619322286,-0.4345159395690814,0.0
1759838846.0145013,1,-1.2050001621245956,-0.8299997448920943,-0.7177030444144975,0.0,-1.734999179840088,-0.34999901056289673,-0.7177046537399292,0.0,-1.9499999253864349,0.19700005619322286,-0.4345159395690814,0.0
1759838846.025234,1,-1.2050001621245956,-0.8299997448920943,-0.7177030444144975,0.0,-1.734999179840088,-0.34999901056289673,-0.7177046537399292,0.0,-1.9499999253864349,0.19700005619322286,-0.4345159395690814,0.0
1759838846.036012,1,-1.2050001621245956,-0.8299997448920943,-0.7177030444144975,0.0,-1.734999179840088,-0.34999901056289673,-0.7177046537399292,0.0,-1.9499999253864349,0.19700005619322286,-0.4345159395690814,0.0
1759838846.0514793,1,-1.2050001621245956,-0.8299997448920943,-0.7177030444144975,0.0,-1.734999179840088,-0.34999901056289673,-0.7177046537399292,0.0,-1.9499999253864349,0.19700005619322286,-0.4345159395690814,0.0
1759838846.062815,1,-1.2050001621245956,-0.8299997448920943,-0.7177030444144975,0.0,-1.734999179840088,-0.34999901056289673,-0.7177046537399292,0.0,-1.9499999253864349,0.19700005619322286,-0.4345159395690814,0.0
1759838846.0742488,1,-1.2050001621245956,-0.8299997448920943,-0.7177030444144975,0.0,-1.734999179840088,-0.34999901056289673,-0.7177046537399292,0.0,-1.9499999253864349,0.19700005619322286,-0.4345159395690814,0.0
1759838846.0850377,1,-1.2050001621245956,-0.8299997448920943,-0.7177030444144975,0.0,-1.734999179840088,-0.34999901056289673,-0.7177046537399292,0.0,-1.9499999253864349,0.19700005619322286,-0.4345159395690814,0.0
1759838846.095175,1,-1.2050001621245956,-0.8299997448920943,-0.7177030444144975,0.0,-1.734999179840088,-0.34999901056289673,-0.7177046537399292,0.0,-1.9499999253864349,0.19700005619322286,-0.4345159395690814,0.0
1759838846.1063616,1,-1.2050001621245956,-0.8299997448920943,-0.7177030444144975,0.0,-1.734999179840088,-0.34999901056289673,-0.7177046537399292,0.0,-1.9499999253864349,0.19700005619322286,-0.4345159395690814,0.0
1759838846.1182766,1,-1.2050001621245956,-0.8299997448920943,-0.7177030444144975,0.0,-1.734999179840088,-0.34999901056289673,-0.7177046537399292,0.0,-1.9499999253864349,0.19700005619322286,-0.4345159395690814,0.0
1759838846.1295147,1,-1.2050001621245956,-0.8299997448920943,-0.7177030444144975,0.0,-1.734999179840088,-0.34999901056289673,-0.7177046537399292,0.0,-1.9499999253864349,0.19700005619322286,-0.4345159395690814,0.0
1759838846.140515,1,-1.2050001621245956,-0.8299997448920943,-0.7177030444144975,0.0,-1.734999179840088,-0.34999901056289673,-0.7177046537399292,0.0,-1.9499999253864349,0.19700005619322286,-0.4345159395690814,0.0
1759838846.1512663,1,-1.2050001621245956,-0.8299997448920943,-0.7177030444144975,0.0,-1.734999179840088,-0.34999901056289673,-0.7177046537399292,0.0,-1.9499999253864349,0.19700005619322286,-0.4345159395690814,0.0
1759838846.1626961,1,-1.2050001621245956,-0.8299997448920943,-0.7177030444144975,0.0,-1.734999179840088,-0.34999901056289673,-0.7177046537399292,0.0,-1.9499999253864349,0.19700005619322286,-0.4345159395690814,0.0
1759838846.17409,1,-1.2050001621245956,-0.8299997448920943,-0.7177030444144975,0.0,-1.734999179840088,-0.34999901056289673,-0.7177046537399292,0.0,-1.9499999253864349,0.19700005619322286,-0.4345159395690814,0.0
1759838846.1846232,1,-1.2050001621245956,-0.8299997448920943,-0.7177030444144975,0.0,-1.734999179840088,-0.34999901056289673,-0.7177046537399292,0.0,-1.9499999253864349,0.19700005619322286,-0.4345159395690814,0.0
1759838846.1957364,1,-1.2050001621245956,-0.8299997448920943,-0.7177030444144975,0.0,-1.734999179840088,-0.34999901056289673,-0.7177046537399292,0.0,-1.9499999253864349,0.19700005619322286,-0.4345159395690814,0.0
1759838846.2068486,1,-1.2050001621245956,-0.8299997448920943,-0.7177030444144975,0.0,-1.734999179840088,-0.34999901056289673,-0.7177046537399292,0.0,-1.9499999253864349,0.19700005619322286,-0.4345159395690814,0.0
1759838846.217966,1,-1.2050001621245956,-0.8299997448920943,-0.7177030444144975,0.0,-1.734999179840088,-0.34999901056289673,-0.7177046537399292,0.0,-1.9499999253864349,0.19700005619322286,-0.4345159395690814,0.0
1759838846.229435,1,-1.2050001621245956,-0.8299997448920943,-0.7177030444144975,0.0,-1.734999179840088,-0.34999901056289673,-0.7177046537399292,0.0,-1.9499999253864349,0.19700005619322286,-0.4345159395690814,0.0
1759838846.2410004,1,-1.2050001621245956,-0.8299997448920943,-0.7177030444144975,0.0,-1.734999179840088,-0.34999901056289673,-0.7177046537399292,0.0,-1.9499999253864349,0.19700005619322286,-0.4345159395690814,0.0
1759838846.2534037,1,-1.2050001621245956,-0.8299997448920943,-0.7177030444144975,0.0,-1.734999179840088,-0.34999901056289673,-0.7177046537399292,0.0,-1.9499999253864349,0.19700005619322286,-0.4345159395690814,0.0
1759838846.2636173,1,-1.2050001621245956,-0.8299997448920943,-0.7177030444144975,0.0,-1.734999179840088,-0.34999901056289673,-0.7177046537399292,0.0,-1.9499999253864349,0.19700005619322286,-0.4345159395690814,0.0
1759838846.2741964,1,-1.2050001621245956,-0.8299997448920943,-0.7177030444144975,0.0,-1.734999179840088,-0.34999901056289673,-0.7177046537399292,0.0,-1.9499999253864349,0.19700005619322286,-0.4345159395690814,0.0
1759838846.2865303,1,-1.2050001621245956,-0.8299997448920943,-0.7177030444144975,0.0,-1.734999179840088,-0.34999901056289673,-0.7177046537399292,0.0,-1.9499999253864349,0.19700005619322286,-0.4345159395690814,0.0
1759838846.2979834,1,-1.2050001621245956,-0.8299997448920943,-0.7177030444144975,0.0,-1.734999179840088,-0.34999901056289673,-0.7177046537399292,0.0,-1.9499999253864349,0.19700005619322286,-0.4345159395690814,0.0
1759838846.3095345,1,-1.2050001621245956,-0.8299997448920943,-0.7177030444144975,0.0,-1.734999179840088,-0.34999901056289673,-0.7177046537399292,0.0,-1.9499999253864349,0.19700005619322286,-0.4345159395690814,0.0
1759838846.3219118,1,-1.2050001621245956,-0.8299997448920943,-0.7177030444144975,0.0,-1.734999179840088,-0.34999901056289673,-0.7177046537399292,0.0,-1.9499999253864349,0.19700005619322286,-0.4345159395690814,0.0
1759838846.3323395,1,-1.2050001621245956,-0.8299997448920943,-0.7177030444144975,0.0,-1.734999179840088,-0.34999901056289673,-0.7177046537399292,0.0,-1.9499999253864349,0.19700005619322286,-0.4345159395690814,0.0
1759838846.3430426,1,-1.2050001621245956,-0.8299997448920943,-0.7177030444144975,0.0,-1.734999179840088,-0.34999901056289673,-0.7177046537399292,0.0,-1.9499999253864349,0.19700005619322286,-0.4345159395690814,0.0
1759838846.3543646,1,-1.2050001621245956,-0.8299997448920943,-0.7177030444144975,0.0,-1.734999179840088,-0.34999901056289673,-0.7177046537399292,0.0,-1.9499999253864349,0.19700005619322286,-0.4345159395690814,0.0
1759838846.364469,1,-1.2050001621245956,-0.8299997448920943,-0.7177030444144975,0.0,-1.734999179840088,-0.34999901056289673,-0.7177046537399292,0.0,-1.9499999253864349,0.19700005619322286,-0.4345159395690814,0.0
1759838846.3752143,1,-1.2050001621245956,-0.8299997448920943,-0.7177030444144975,0.0,-1.734999179840088,-0.34999901056289673,-0.7177046537399292,0.0,-1.9499999253864349,0.19700005619322286,-0.4345159395690814,0.0
1759838846.3861163,1,-1.2050001621245956,-0.8299997448920943,-0.7177030444144975,0.0,-1.734999179840088,-0.34999901056289673,-0.7177046537399292,0.0,-1.9499999253864349,0.19700005619322286,-0.4345159395690814,0.0
1759838846.396399,1,-1.2050001621245956,-0.8299997448920943,-0.7177030444144975,0.0,-1.734999179840088,-0.34999901056289673,-0.7177046537399292,0.0,-1.9499999253864349,0.19700005619322286,-0.4345159395690814,0.0
1759838846.4077713,1,-1.2050001621245956,-0.8299997448920943,-0.7177030444144975,0.0,-1.734999179840088,-0.34999901056289673,-0.7177046537399292,0.0,-1.9499999253864349,0.19700005619322286,-0.4345159395690814,0.0
1759838846.4186249,1,-1.2050001621245956,-0.8299997448920943,-0.7177030444144975,0.0,-1.734999179840088,-0.34999901056289673,-0.7177046537399292,0.0,-1.9499999253864349,0.19700005619322286,-0.4345159395690814,0.0
1759838846.4287279,1,-1.2050001621245956,-0.8299997448920943,-0.7177030444144975,0.0,-1.734999179840088,-0.34999901056289673,-0.7177046537399292,0.0,-1.9499999253864349,0.19700005619322286,-0.4345159395690814,0.0
1759838846.4392233,1,-1.2050001621245956,-0.8299997448920943,-0.7177030444144975,0.0,-1.734999179840088,-0.34999901056289673,-0.7177046537399292,0.0,-1.9499999253864349,0.19700005619322286,-0.4345159395690814,0.0
1759838846.4556043,1,-1.2050001621245956,-0.8299997448920943,-0.7177030444144975,0.0,-1.734999179840088,-0.34999901056289673,-0.7177046537399292,0.0,-1.9499999253864349,0.19700005619322286,-0.4345159395690814,0.0
1759838846.4668696,1,-1.2050001621245956,-0.8299997448920943,-0.7177030444144975,0.0,-1.734999179840088,-0.34999901056289673,-0.7177046537399292,0.0,-1.9499999253864349,0.19700005619322286,-0.4345159395690814,0.0
1759838846.477718,1,-1.2050001621245956,-0.8299997448920943,-0.7177030444144975,0.0,-1.734999179840088,-0.34999901056289673,-0.7177046537399292,0.0,-1.9499999253864349,0.19700005619322286,-0.4345159395690814,0.0
1759838846.4882653,1,-1.2050001621245956,-0.8299997448920943,-0.7177030444144975,0.0,-1.734999179840088,-0.34999901056289673,-0.7177046537399292,0.0,-1.9499999253864349,0.19700005619322286,-0.4345159395690814,0.0
1759838846.4993339,1,-1.2050001621245956,-0.8299997448920943,-0.7177030444144975,0.0,-1.734999179840088,-0.34999901056289673,-0.7177046537399292,0.0,-1.9499999253864349,0.19700005619322286,-0.4345159395690814,0.0
1759838846.51513,1,-1.2050001621245956,-0.8299997448920943,-0.7177030444144975,0.0,-1.734999179840088,-0.34999901056289673,-0.7177046537399292,0.0,-1.9499999253864349,0.19700005619322286,-0.4345159395690814,0.0
1759838846.525392,1,-1.2050001621245956,-0.8299997448920943,-0.7177030444144975,0.0,-1.734999179840088,-0.34999901056289673,-0.7177046537399292,0.0,-1.9499999253864349,0.19700005619322286,-0.4345159395690814,0.0
1759838846.5367575,1,-1.2050001621245956,-0.8299997448920943,-0.7177030444144975,0.0,-1.734999179840088,-0.34999901056289673,-0.7177046537399292,0.0,-1.9499999253864349,0.19700005619322286,-0.4345159395690814,0.0
1759838846.5490556,1,-1.2050001621245956,-0.8299997448920943,-0.7177030444144975,0.0,-1.734999179840088,-0.34999901056289673,-0.7177046537399292,0.0,-1.9499999253864349,0.19700005619322286,-0.4345159395690814,0.0
1759838846.5605052,1,-1.2050001621245956,-0.8299997448920943,-0.7177030444144975,0.0,-1.734999179840088,-0.34999901056289673,-0.7177046537399292,0.0,-1.9499999253864349,0.19700005619322286,-0.4345159395690814,0.0
1759838846.5712097,1,-1.2050001621245956,-0.8299997448920943,-0.7177030444144975,0.0,-1.734999179840088,-0.34999901056289673,-0.7177046537399292,0.0,-1.9499999253864349,0.19700005619322286,-0.4345159395690814,0.0
1759838846.5822852,1,-1.2050001621245956,-0.8299997448920943,-0.7177030444144975,0.0,-1.734999179840088,-0.34999901056289673,-0.7177046537399292,0.0,-1.9499999253864349,0.19700005619322286,-0.4345159395690814,0.0
1759838846.5936315,1,-1.2050001621245956,-0.8299997448920943,-0.7177030444144975,0.0,-1.734999179840088,-0.34999901056289673,-0.7177046537399292,0.0,-1.9499999253864349,0.19700005619322286,-0.4345159395690814,0.0
1759838846.6085248,1,-1.2050001621245956,-0.8299997448920943,-0.7177030444144975,0.0,-1.734999179840088,-0.34999901056289673,-0.7177046537399292,0.0,-1.9499999253864349,0.19700005619322286,-0.4345159395690814,0.0
1759838846.6193554,1,-1.2050001621245956,-0.8299997448920943,-0.7177030444144975,0.0,-1.734999179840088,-0.34999901056289673,-0.7177046537399292,0.0,-1.9499999253864349,0.19700005619322286,-0.4345159395690814,0.0
1759838846.634627,1,-1.2050001621245956,-0.8299997448920943,-0.7177030444144975,0.0,-1.734999179840088,-0.34999901056289673,-0.7177046537399292,0.0,-1.9499999253864349,0.19700005619322286,-0.4345159395690814,0.0
1759838846.6484766,1,-1.2050001621245956,-0.8299997448920943,-0.7177030444144975,0.0,-1.734999179840088,-0.34999901056289673,-0.7177046537399292,0.0,-1.9499999253864349,0.19700005619322286,-0.4345159395690814,0.0
1759838846.667666,1,-1.2050001621245956,-0.8299997448920943,-0.7177030444144975,0.0,-1.734999179840088,-0.34999901056289673,-0.7177046537399292,0.0,-1.9499999253864349,0.19700005619322286,-0.4345159395690814,0.0
1759838846.6777244,1,-1.2050001621245956,-0.8299997448920943,-0.7177030444144975,0.0,-1.734999179840088,-0.34999901056289673,-0.7177046537399292,0.0,-1.9499999253864349,0.19700005619322286,-0.4345159395690814,0.0
1759838846.6898174,1,-1.2050001621245956,-0.8299997448920943,-0.7177030444144975,0.0,-1.734999179840088,-0.34999901056289673,-0.7177046537399292,0.0,-1.9499999253864349,0.19700005619322286,-0.4345159395690814,0.0
1759838846.7002358,1,-1.2050001621245956,-0.8299997448920943,-0.7177030444144975,0.0,-1.734999179840088,-0.34999901056289673,-0.7177046537399292,0.0,-1.9499999253864349,0.19700005619322286,-0.4345159395690814,0.0
1759838846.7136102,1,-1.2050001621245956,-0.8299997448920943,-0.7177030444144975,0.0,-1.734999179840088,-0.34999901056289673,-0.7177046537399292,0.0,-1.9499999253864349,0.19700005619322286,-0.4345159395690814,0.0
1759838846.7243388,1,-1.2050001621245956,-0.8299997448920943,-0.7177030444144975,0.0,-1.734999179840088,-0.34999901056289673,-0.7177046537399292,0.0,-1.9499999253864349,0.19700005619322286,-0.4345159395690814,0.0
1759838846.738461,1,-1.2050001621245956,-0.8299997448920943,-0.7177030444144975,0.0,-1.734999179840088,-0.34999901056289673,-0.7177046537399292,0.0,-1.9499999253864349,0.19700005619322286,-0.4345159395690814,0.0
1759838846.7498493,1,-1.2050001621245956,-0.8299997448920943,-0.7177030444144975,0.0,-1.734999179840088,-0.34999901056289673,-0.7177046537399292,0.0,-1.9499999253864349,0.19700005619322286,-0.4345159395690814,0.0
1759838846.760902,1,-1.2050001621245956,-0.8299997448920943,-0.7177030444144975,0.0,-1.734999179840088,-0.34999901056289673,-0.7177046537399292,0.0,-1.9499999253864349,0.19700005619322286,-0.4345159395690814,0.0
1759838846.7766187,1,-1.2050001621245956,-0.8299997448920943,-0.7177030444144975,0.0,-1.734999179840088,-0.34999901056289673,-0.7177046537399292,0.0,-1.9499999253864349,0.19700005619322286,-0.4345159395690814,0.0
1759838846.7870028,1,-1.2050001621245956,-0.8299997448920943,-0.7177030444144975,0.0,-1.734999179840088,-0.34999901056289673,-0.7177046537399292,0.0,-1.9499999253864349,0.19700005619322286,-0.4345159395690814,0.0
1759838846.7998812,1,-1.2050001621245956,-0.8299997448920943,-0.7177030444144975,0.0,-1.734999179840088,-0.34999901056289673,-0.7177046537399292,0.0,-1.9499999253864349,0.19700005619322286,-0.4345159395690814,0.0
1759838846.811434,1,-1.2050001621245956,-0.8299997448920943,-0.7177030444144975,0.0,-1.734999179840088,-0.34999901056289673,-0.7177046537399292,0.0,-1.9499999253864349,0.19700005619322286,-0.4345159395690814,0.0
1759838846.821628,1,-1.2050001621245956,-0.8299997448920943,-0.7177030444144975,0.0,-1.734999179840088,-0.34999901056289673,-0.7177046537399292,0.0,-1.9499999253864349,0.19700005619322286,-0.4345159395690814,0.0
1759838846.8338428,1,-1.2050001621245956,-0.8299997448920943,-0.7177030444144975,0.0,-1.734999179840088,-0.34999901056289673,-0.7177046537399292,0.0,-1.9499999253864349,0.19700005619322286,-0.4345159395690814,0.0
1759838846.844056,1,-1.2050001621245956,-0.8299997448920943,-0.7177030444144975,0.0,-1.734999179840088,-0.34999901056289673,-0.7177046537399292,0.0,-1.9499999253864349,0.19700005619322286,-0.4345159395690814,0.0
1759838846.854811,1,-1.2050001621245956,-0.8299997448920943,-0.7177030444144975,0.0,-1.734999179840088,-0.34999901056289673,-0.7177046537399292,0.0,-1.9499999253864349,0.19700005619322286,-0.4345159395690814,0.0
1759838846.8696291,1,-1.2050001621245956,-0.8299997448920943,-0.7177030444144975,0.0,-1.734999179840088,-0.34999901056289673,-0.7177046537399292,0.0,-1.9499999253864349,0.19700005619322286,-0.4345159395690814,0.0
1759838846.8835604,1,-1.2050001621245956,-0.8299997448920943,-0.7177030444144975,0.0,-1.734999179840088,-0.34999901056289673,-0.7177046537399292,0.0,-1.9499999253864349,0.19700005619322286,-0.4345159395690814,0.0
1759838846.8946204,1,-1.2050001621245956,-0.8299997448920943,-0.7177030444144975,0.0,-1.734999179840088,-0.34999901056289673,-0.7177046537399292,0.0,-1.9499999253864349,0.19700005619322286,-0.4345159395690814,0.0
1759838846.9057705,1,-1.2050001621245956,-0.8299997448920943,-0.7177030444144975,0.0,-1.734999179840088,-0.34999901056289673,-0.7177046537399292,0.0,-1.9499999253864349,0.19700005619322286,-0.4345159395690814,0.0
1759838846.917749,1,-1.2050001621245956,-0.8299997448920943,-0.7177030444144975,0.0,-1.734999179840088,-0.34999901056289673,-0.7177046537399292,0.0,-1.9499999253864349,0.19700005619322286,-0.4345159395690814,0.0
1759838846.9278924,1,-1.2050001621245956,-0.8299997448920943,-0.7177030444144975,0.0,-1.734999179840088,-0.34999901056289673,-0.7177046537399292,0.0,-1.9499999253864349,0.19700005619322286,-0.4345159395690814,0.0
1759838846.937902,1,-1.2050001621245956,-0.8299997448920943,-0.7177030444144975,0.0,-1.734999179840088,-0.34999901056289673,-0.7177046537399292,0.0,-1.9499999253864349,0.19700005619322286,-0.4345159395690814,0.0
1759838846.9491925,1,-1.2050001621245956,-0.8299997448920943,-0.7177030444144975,0.0,-1.734999179840088,-0.34999901056289673,-0.7177046537399292,0.0,-1.9499999253864349,0.19700005619322286,-0.4345159395690814,0.0
1759838846.9601462,1,-1.2050001621245956,-0.8299997448920943,-0.7177030444144975,0.0,-1.734999179840088,-0.34999901056289673,-0.7177046537399292,0.0,-1.9499999253864349,0.19700005619322286,-0.4345159395690814,0.0
1759838846.9728446,1,-1.2050001621245956,-0.8299997448920943,-0.7177030444144975,0.0,-1.734999179840088,-0.34999901056289673,-0.7177046537399292,0.0,-1.9499999253864349,0.19700005619322286,-0.4345159395690814,0.0
1759838846.9841394,1,-1.2050001621245956,-0.8299997448920943,-0.7177030444144975,0.0,-1.734999179840088,-0.34999901056289673,-0.7177046537399292,0.0,-1.9499999253864349,0.19700005619322286,-0.4345159395690814,0.0
1759838846.994488,1,-1.2050001621245956,-0.8299997448920943,-0.7177030444144975,0.0,-1.734999179840088,-0.34999901056289673,-0.7177046537399292,0.0,-1.9499999253864349,0.19700005619322286,-0.4345159395690814,0.0
1759838847.0077229,1,-1.2050001621245956,-0.8299997448920943,-0.7177030444144975,0.0,-1.734999179840088,-0.34999901056289673,-0.7177046537399292,0.0,-1.9499999253864349,0.19700005619322286,-0.4345159395690814,0.0
1759838847.0189714,1,-1.2050001621245956,-0.8299997448920943,-0.7177030444144975,0.0,-1.734999179840088,-0.34999901056289673,-0.7177046537399292,0.0,-1.9499999253864349,0.19700005619322286,-0.4345159395690814,0.0
1759838847.029172,1,-1.2050001621245956,-0.8299997448920943,-0.7177030444144975,0.0,-1.734999179840088,-0.34999901056289673,-0.7177046537399292,0.0,-1.9499999253864349,0.19700005619322286,-0.4345159395690814,0.0
1759838847.0403428,1,-1.2050001621245956,-0.8299997448920943,-0.7177030444144975,0.0,-1.734999179840088,-0.34999901056289673,-0.7177046537399292,0.0,-1.9499999253864349,0.19700005619322286,-0.4345159395690814,0.0
1759838847.051121,1,-1.2050001621245956,-0.8299997448920943,-0.7177030444144975,0.0,-1.734999179840088,-0.34999901056289673,-0.7177046537399292,0.0,-1.9499999253864349,0.19700005619322286,-0.4345159395690814,0.0
1759838847.0618439,1,-1.2050001621245956,-0.8299997448920943,-0.7177030444144975,0.0,-1.734999179840088,-0.34999901056289673,-0.7177046537399292,0.0,-1.9499999253864349,0.19700005619322286,-0.4345159395690814,0.0
1759838847.0815341,1,-1.2050001621245956,-0.8299997448920943,-0.7177030444144975,0.0,-1.734999179840088,-0.34999901056289673,-0.7177046537399292,0.0,-1.9499999253864349,0.19700005619322286,-0.4345159395690814,0.0
1759838847.0899148,1,-1.2050001621245956,-0.8299997448920943,-0.7177030444144975,0.0,-1.734999179840088,-0.34999901056289673,-0.7177046537399292,0.0,-1.9499999253864349,0.19700005619322286,-0.4345159395690814,0.0
1759838847.103566,1,-1.2050001621245956,-0.8299997448920943,-0.7177030444144975,0.0,-1.734999179840088,-0.34999901056289673,-0.7177046537399292,0.0,-1.9499999253864349,0.19700005619322286,-0.4345159395690814,0.0
1759838847.1150825,1,-1.2050001621245956,-0.8299997448920943,-0.7177030444144975,0.0,-1.734999179840088,-0.34999901056289673,-0.7177046537399292,0.0,-1.9499999253864349,0.19700005619322286,-0.4345159395690814,0.0
1759838847.1256053,1,-1.2050001621245956,-0.8299997448920943,-0.7177030444144975,0.0,-1.734999179840088,-0.34999901056289673,-0.7177046537399292,0.0,-1.9499999253864349,0.19700005619322286,-0.4345159395690814,0.0
1759838847.1376266,1,-1.2050001621245956,-0.8299997448920943,-0.7177030444144975,0.0,-1.734999179840088,-0.34999901056289673,-0.7177046537399292,0.0,-1.9499999253864349,0.19700005619322286,-0.4345159395690814,0.0
1759838847.1488595,1,-1.2050001621245956,-0.8299997448920943,-0.7177030444144975,0.0,-1.734999179840088,-0.34999901056289673,-0.7177046537399292,0.0,-1.9499999253864349,0.19700005619322286,-0.4345159395690814,0.0
1759838847.16002,1,-1.2050001621245956,-0.8299997448920943,-0.7177030444144975,0.0,-1.734999179840088,-0.34999901056289673,-0.7177046537399292,0.0,-1.9499999253864349,0.19700005619322286,-0.4345159395690814,0.0
1759838847.1714566,1,-1.2050001621245956,-0.8299997448920943,-0.7177030444144975,0.0,-1.734999179840088,-0.34999901056289673,-0.7177046537399292,0.0,-1.9499999253864349,0.19700005619322286,-0.4345159395690814,0.0
1759838847.1818295,1,-1.2050001621245956,-0.8299997448920943,-0.7177030444144975,0.0,-1.734999179840088,-0.34999901056289673,-0.7177046537399292,0.0,-1.9499999253864349,0.19700005619322286,-0.4345159395690814,0.0
1759838847.1926677,1,-1.2050001621245956,-0.8299997448920943,-0.7177030444144975,0.0,-1.734999179840088,-0.34999901056289673,-0.7177046537399292,0.0,-1.9499999253864349,0.19700005619322286,-0.4345159395690814,0.0
1759838847.2030072,1,-1.2050001621245956,-0.8299997448920943,-0.7177030444144975,0.0,-1.734999179840088,-0.34999901056289673,-0.7177046537399292,0.0,-1.9499999253864349,0.19700005619322286,-0.4345159395690814,0.0
1759838847.2135017,1,-1.2050001621245956,-0.8299997448920943,-0.7177030444144975,0.0,-1.734999179840088,-0.34999901056289673,-0.7177046537399292,0.0,-1.9499999253864349,0.19700005619322286,-0.4345159395690814,0.0
1759838847.2253053,1,-1.2050001621245956,-0.8299997448920943,-0.7177030444144975,0.0,-1.734999179840088,-0.34999901056289673,-0.7177046537399292,0.0,-1.9499999253864349,0.19700005619322286,-0.4345159395690814,0.0
1759838847.2354949,1,-1.2050001621245956,-0.8299997448920943,-0.7177030444144975,0.0,-1.734999179840088,-0.34999901056289673,-0.7177046537399292,0.0,-1.9499999253864349,0.19700005619322286,-0.4345159395690814,0.0
1759838847.246973,1,-1.2050001621245956,-0.8299997448920943,-0.7177030444144975,0.0,-1.734999179840088,-0.34999901056289673,-0.7177046537399292,0.0,-1.9499999253864349,0.19700005619322286,-0.4345159395690814,0.0
1759838847.2573478,1,-1.2050001621245956,-0.8299997448920943,-0.7177030444144975,0.0,-1.734999179840088,-0.34999901056289673,-0.7177046537399292,0.0,-1.9499999253864349,0.19700005619322286,-0.4345159395690814,0.0
1759838847.2680876,1,-1.2050001621245956,-0.8299997448920943,-0.7177030444144975,0.0,-1.734999179840088,-0.34999901056289673,-0.7177046537399292,0.0,-1.9499999253864349,0.19700005619322286,-0.4345159395690814,0.0
1759838847.28237,1,-1.2050001621245956,-0.8299997448920943,-0.7177030444144975,0.0,-1.734999179840088,-0.34999901056289673,-0.7177046537399292,0.0,-1.9499999253864349,0.19700005619322286,-0.4345159395690814,0.0
1759838847.2955103,1,-1.2050001621245956,-0.8299997448920943,-0.7177030444144975,0.0,-1.734999179840088,-0.34999901056289673,-0.7177046537399292,0.0,-1.9499999253864349,0.19700005619322286,-0.4345159395690814,0.0
1759838847.3068426,1,-1.2050001621245956,-0.8299997448920943,-0.7177030444144975,0.0,-1.734999179840088,-0.34999901056289673,-0.7177046537399292,0.0,-1.9499999253864349,0.19700005619322286,-0.4345159395690814,0.0
1759838847.3180616,1,-1.2050001621245956,-0.8299997448920943,-0.7177030444144975,0.0,-1.734999179840088,-0.34999901056289673,-0.7177046537399292,0.0,-1.9499999253864349,0.19700005619322286,-0.4345159395690814,0.0
1759838847.3294072,1,-1.2050001621245956,-0.8299997448920943,-0.7177030444144975,0.0,-1.734999179840088,-0.34999901056289673,-0.7177046537399292,0.0,-1.9499999253864349,0.19700005619322286,-0.4345159395690814,0.0
1759838847.3401697,1,-1.2050001621245956,-0.8299997448920943,-0.7177030444144975,0.0,-1.734999179840088,-0.34999901056289673,-0.7177046537399292,0.0,-1.9499999253864349,0.19700005619322286,-0.4345159395690814,0.0
1759838847.351671,1,-1.2050001621245956,-0.8299997448920943,-0.7177030444144975,0.0,-1.734999179840088,-0.34999901056289673,-0.7177046537399292,0.0,-1.9499999253864349,0.19700005619322286,-0.4345159395690814,0.0
1759838847.3627715,1,-1.2050001621245956,-0.8299997448920943,-0.7177030444144975,0.0,-1.734999179840088,-0.34999901056289673,-0.7177046537399292,0.0,-1.9499999253864349,0.19700005619322286,-0.4345159395690814,0.0
1759838847.3738835,1,-1.2050001621245956,-0.8299997448920943,-0.7177030444144975,0.0,-1.734999179840088,-0.34999901056289673,-0.7177046537399292,0.0,-1.9499999253864349,0.19700005619322286,-0.4345159395690814,0.0
1759838847.384719,1,-1.2050001621245956,-0.8299997448920943,-0.7177030444144975,0.0,-1.734999179840088,-0.34999901056289673,-0.7177046537399292,0.0,-1.9499999253864349,0.19700005619322286,-0.4345159395690814,0.0
1759838847.3956525,1,-1.2050001621245956,-0.8299997448920943,-0.7177030444144975,0.0,-1.734999179840088,-0.34999901056289673,-0.7177046537399292,0.0,-1.9499999253864349,0.19700005619322286,-0.4345159395690814,0.0
1759838847.4058757,1,-1.2050001621245956,-0.8299997448920943,-0.7177030444144975,0.0,-1.734999179840088,-0.34999901056289673,-0.7177046537399292,0.0,-1.9499999253864349,0.19700005619322286,-0.4345159395690814,0.0
1759838847.4169452,1,-1.2050001621245956,-0.8299997448920943,-0.7177030444144975,0.0,-1.734999179840088,-0.34999901056289673,-0.7177046537399292,0.0,-1.9499999253864349,0.19700005619322286,-0.4345159395690814,0.0
1759838847.4273496,1,-1.2050001621245956,-0.8299997448920943,-0.7177030444144975,0.0,-1.734999179840088,-0.34999901056289673,-0.7177046537399292,0.0,-1.9499999253864349,0.19700005619322286,-0.4345159395690814,0.0
1759838847.4374192,1,-1.2050001621245956,-0.8299997448920943,-0.7177030444144975,0.0,-1.734999179840088,-0.34999901056289673,-0.7177046537399292,0.0,-1.9499999253864349,0.19700005619322286,-0.4345159395690814,0.0
1759838847.447742,1,-1.2050001621245956,-0.8299997448920943,-0.7177030444144975,0.0,-1.734999179840088,-0.34999901056289673,-0.7177046537399292,0.0,-1.9499999253864349,0.19700005619322286,-0.4345159395690814,0.0
1759838847.4580612,1,-1.2050001621245956,-0.8299997448920943,-0.7177030444144975,0.0,-1.734999179840088,-0.34999901056289673,-0.7177046537399292,0.0,-1.9499999253864349,0.19700005619322286,-0.4345159395690814,0.0
1759838847.469345,1,-1.2050001621245956,-0.8299997448920943,-0.7177030444144975,0.0,-1.734999179840088,-0.34999901056289673,-0.7177046537399292,0.0,-1.9499999253864349,0.19700005619322286,-0.4345159395690814,0.0
1759838847.4827523,1,-1.2050001621245956,-0.8299997448920943,-0.7177030444144975,0.0,-1.734999179840088,-0.34999901056289673,-0.7177046537399292,0.0,-1.9499999253864349,0.19700005619322286,-0.4345159395690814,0.0
1759838847.4930325,1,-1.2050001621245956,-0.8299997448920943,-0.7177030444144975,0.0,-1.734999179840088,-0.34999901056289673,-0.7177046537399292,0.0,-1.9499999253864349,0.19700005619322286,-0.4345159395690814,0.0
1759838847.5044527,1,-1.2050001621245956,-0.8299997448920943,-0.7177030444144975,0.0,-1.734999179840088,-0.34999901056289673,-0.7177046537399292,0.0,-1.9499999253864349,0.19700005619322286,-0.4345159395690814,0.0
1759838847.5152617,1,-1.2050001621245956,-0.8299997448920943,-0.7177030444144975,0.0,-1.734999179840088,-0.34999901056289673,-0.7177046537399292,0.0,-1.9499999253864349,0.19700005619322286,-0.4345159395690814,0.0
1759838847.5260353,1,-1.2050001621245956,-0.8299997448920943,-0.7177030444144975,0.0,-1.734999179840088,-0.34999901056289673,-0.7177046537399292,0.0,-1.9499999253864349,0.19700005619322286,-0.4345159395690814,0.0
1759838847.5375438,1,-1.2050001621245956,-0.8299997448920943,-0.7177030444144975,0.0,-1.734999179840088,-0.34999901056289673,-0.7177046537399292,0.0,-1.9499999253864349,0.19700005619322286,-0.4345159395690814,0.0
1759838847.5481763,1,-1.2050001621245956,-0.8299997448920943,-0.7177030444144975,0.0,-1.734999179840088,-0.34999901056289673,-0.7177046537399292,0.0,-1.9499999253864349,0.19700005619322286,-0.4345159395690814,0.0
1759838847.5589263,1,-1.2050001621245956,-0.8299997448920943,-0.7177030444144975,0.0,-1.734999179840088,-0.34999901056289673,-0.7177046537399292,0.0,-1.9499999253864349,0.19700005619322286,-0.4345159395690814,0.0
1759838847.570258,1,-1.2050001621245956,-0.8299997448920943,-0.7177030444144975,0.0,-1.734999179840088,-0.34999901056289673,-0.7177046537399292,0.0,-1.9499999253864349,0.19700005619322286,-0.4345159395690814,0.0
1759838847.5812602,1,-1.2050001621245956,-0.8299997448920943,-0.7177030444144975,0.0,-1.734999179840088,-0.34999901056289673,-0.7177046537399292,0.0,-1.9499999253864349,0.19700005619322286,-0.4345159395690814,0.0
1759838847.5920396,1,-1.2050001621245956,-0.8299997448920943,-0.7177030444144975,0.0,-1.734999179840088,-0.34999901056289673,-0.7177046537399292,0.0,-1.9499999253864349,0.19700005619322286,-0.4345159395690814,0.0
1759838847.6020682,1,-1.2050001621245956,-0.8299997448920943,-0.7177030444144975,0.0,-1.734999179840088,-0.34999901056289673,-0.7177046537399292,0.0,-1.9499999253864349,0.19700005619322286,-0.4345159395690814,0.0
1759838847.6125054,1,-1.2050001621245956,-0.8299997448920943,-0.7177030444144975,0.0,-1.734999179840088,-0.34999901056289673,-0.7177046537399292,0.0,-1.9499999253864349,0.19700005619322286,-0.4345159395690814,0.0
1759838847.623813,1,-1.2050001621245956,-0.8299997448920943,-0.7177030444144975,0.0,-1.734999179840088,-0.34999901056289673,-0.7177046537399292,0.0,-1.9499999253864349,0.19700005619322286,-0.4345159395690814,0.0
1759838847.6338649,1,-1.2050001621245956,-0.8299997448920943,-0.7177030444144975,0.0,-1.734999179840088,-0.34999901056289673,-0.7177046537399292,0.0,-1.9499999253864349,0.19700005619322286,-0.4345159395690814,0.0
1759838847.6451578,1,-1.2050001621245956,-0.8299997448920943,-0.7177030444144975,0.0,-1.734999179840088,-0.34999901056289673,-0.7177046537399292,0.0,-1.9499999253864349,0.19700005619322286,-0.4345159395690814,0.0
1759838847.6566036,1,-1.2050001621245956,-0.8299997448920943,-0.7177030444144975,0.0,-1.734999179840088,-0.34999901056289673,-0.7177046537399292,0.0,-1.9499999253864349,0.19700005619322286,-0.4345159395690814,0.0
1759838847.6672633,1,-1.2050001621245956,-0.8299997448920943,-0.7177030444144975,0.0,-1.734999179840088,-0.34999901056289673,-0.7177046537399292,0.0,-1.9499999253864349,0.19700005619322286,-0.4345159395690814,0.0
1759838847.6792104,1,-1.2050001621245956,-0.8299997448920943,-0.7177030444144975,0.0,-1.734999179840088,-0.34999901056289673,-0.7177046537399292,0.0,-1.9499999253864349,0.19700005619322286,-0.4345159395690814,0.0
1759838847.6889985,1,-1.2050001621245956,-0.8299997448920943,-0.7177030444144975,0.0,-1.734999179840088,-0.34999901056289673,-0.7177046537399292,0.0,-1.9499999253864349,0.19700005619322286,-0.4345159395690814,0.0
1759838847.6994274,1,-1.2050001621245956,-0.8299997448920943,-0.7177030444144975,0.0,-1.734999179840088,-0.34999901056289673,-0.7177046537399292,0.0,-1.9499999253864349,0.19700005619322286,-0.4345159395690814,0.0
1759838847.7095356,1,-1.2050001621245956,-0.8299997448920943,-0.7177030444144975,0.0,-1.734999179840088,-0.34999901056289673,-0.7177046537399292,0.0,-1.9499999253864349,0.19700005619322286,-0.4345159395690814,0.0
1759838847.720724,1,-1.2050001621245956,-0.8299997448920943,-0.7177030444144975,0.0,-1.734999179840088,-0.34999901056289673,-0.7177046537399292,0.0,-1.9499999253864349,0.19700005619322286,-0.4345159395690814,0.0
1759838847.731997,1,-1.2050001621245956,-0.8299997448920943,-0.7177030444144975,0.0,-1.734999179840088,-0.34999901056289673,-0.7177046537399292,0.0,-1.9499999253864349,0.19700005619322286,-0.4345159395690814,0.0
1759838847.7429276,1,-1.2050001621245956,-0.8299997448920943,-0.7177030444144975,0.0,-1.734999179840088,-0.34999901056289673,-0.7177046537399292,0.0,-1.9499999253864349,0.19700005619322286,-0.4345159395690814,0.0
1759838847.7543733,1,-1.2050001621245956,-0.8299997448920943,-0.7177030444144975,0.0,-1.734999179840088,-0.34999901056289673,-0.7177046537399292,0.0,-1.9499999253864349,0.19700005619322286,-0.4345159395690814,0.0
1759838847.7646837,1,-1.2050001621245956,-0.8299997448920943,-0.7177030444144975,0.0,-1.734999179840088,-0.34999901056289673,-0.7177046537399292,0.0,-1.9499999253864349,0.19700005619322286,-0.4345159395690814,0.0
1759838847.775875,1,-1.2050001621245956,-0.8299997448920943,-0.7177030444144975,0.0,-1.734999179840088,-0.34999901056289673,-0.7177046537399292,0.0,-1.9499999253864349,0.19700005619322286,-0.4345159395690814,0.0
1759838847.7862406,1,-1.2050001621245956,-0.8299997448920943,-0.7177030444144975,0.0,-1.734999179840088,-0.34999901056289673,-0.7177046537399292,0.0,-1.9499999253864349,0.19700005619322286,-0.4345159395690814,0.0
1759838847.796287,1,-1.2050001621245956,-0.8299997448920943,-0.7177030444144975,0.0,-1.734999179840088,-0.34999901056289673,-0.7177046537399292,0.0,-1.9499999253864349,0.19700005619322286,-0.4345159395690814,0.0
1759838847.8072379,1,-1.2050001621245956,-0.8299997448920943,-0.7177030444144975,0.0,-1.734999179840088,-0.34999901056289673,-0.7177046537399292,0.0,-1.9499999253864349,0.19700005619322286,-0.4345159395690814,0.0
1759838847.8177261,1,-1.2050001621245956,-0.8299997448920943,-0.7177030444144975,0.0,-1.734999179840088,-0.34999901056289673,-0.7177046537399292,0.0,-1.9499999253864349,0.19700005619322286,-0.4345159395690814,0.0
1759838847.8288944,1,-1.2050001621245956,-0.8299997448920943,-0.7177030444144975,0.0,-1.734999179840088,-0.34999901056289673,-0.7177046537399292,0.0,-1.9499999253864349,0.19700005619322286,-0.4345159395690814,0.0
1759838847.8397353,1,-1.2050001621245956,-0.8299997448920943,-0.7177030444144975,0.0,-1.734999179840088,-0.34999901056289673,-0.7177046537399292,0.0,-1.9499999253864349,0.19700005619322286,-0.4345159395690814,0.0
1759838847.8500483,1,-1.2050001621245956,-0.8299997448920943,-0.7177030444144975,0.0,-1.734999179840088,-0.34999901056289673,-0.7177046537399292,0.0,-1.9499999253864349,0.19700005619322286,-0.4345159395690814,0.0
1759838847.860913,1,-1.2050001621245956,-0.8299997448920943,-0.7177030444144975,0.0,-1.734999179840088,-0.34999901056289673,-0.7177046537399292,0.0,-1.9499999253864349,0.19700005619322286,-0.4345159395690814,0.0
1759838847.8723598,1,-1.2050001621245956,-0.8299997448920943,-0.7177030444144975,0.0,-1.734999179840088,-0.34999901056289673,-0.7177046537399292,0.0,-1.9499999253864349,0.19700005619322286,-0.4345159395690814,0.0
1759838847.8864484,1,-1.2050001621245956,-0.8299997448920943,-0.7177030444144975,0.0,-1.734999179840088,-0.34999901056289673,-0.7177046537399292,0.0,-1.9499999253864349,0.19700005619322286,-0.4345159395690814,0.0
1759838847.8966465,1,-1.2050001621245956,-0.8299997448920943,-0.7177030444144975,0.0,-1.734999179840088,-0.34999901056289673,-0.7177046537399292,0.0,-1.9499999253864349,0.19700005619322286,-0.4345159395690814,0.0
1759838847.907988,1,-1.2050001621245956,-0.8299997448920943,-0.7177030444144975,0.0,-1.734999179840088,-0.34999901056289673,-0.7177046537399292,0.0,-1.9499999253864349,0.19700005619322286,-0.4345159395690814,0.0
1759838847.9188197,1,-1.2050001621245956,-0.8299997448920943,-0.7177030444144975,0.0,-1.734999179840088,-0.34999901056289673,-0.7177046537399292,0.0,-1.9499999253864349,0.19700005619322286,-0.4345159395690814,0.0
1759838847.9297745,1,-1.2050001621245956,-0.8299997448920943,-0.7177030444144975,0.0,-1.734999179840088,-0.34999901056289673,-0.7177046537399292,0.0,-1.9499999253864349,0.19700005619322286,-0.4345159395690814,0.0
1759838847.9405656,1,-1.2050001621245956,-0.8299997448920943,-0.7177030444144975,0.0,-1.734999179840088,-0.34999901056289673,-0.7177046537399292,0.0,-1.9499999253864349,0.19700005619322286,-0.4345159395690814,0.0
1759838847.9524598,1,-1.2050001621245956,-0.8299997448920943,-0.7177030444144975,0.0,-1.734999179840088,-0.34999901056289673,-0.7177046537399292,0.0,-1.9499999253864349,0.19700005619322286,-0.4345159395690814,0.0
1759838847.9641466,1,-1.2050001621245956,-0.8299997448920943,-0.7177030444144975,0.0,-1.734999179840088,-0.34999901056289673,-0.7177046537399292,0.0,-1.9499999253864349,0.19700005619322286,-0.4345159395690814,0.0
1759838847.974282,1,-1.2050001621245956,-0.8299997448920943,-0.7177030444144975,0.0,-1.734999179840088,-0.34999901056289673,-0.7177046537399292,0.0,-1.9499999253864349,0.19700005619322286,-0.4345159395690814,0.0
1759838847.9851787,1,-1.2050001621245956,-0.8299997448920943,-0.7177030444144975,0.0,-1.734999179840088,-0.34999901056289673,-0.7177046537399292,0.0,-1.9499999253864349,0.19700005619322286,-0.4345159395690814,0.0
1759838847.9967034,1,-1.2050001621245956,-0.8299997448920943,-0.7177030444144975,0.0,-1.734999179840088,-0.34999901056289673,-0.7177046537399292,0.0,-1.9499999253864349,0.19700005619322286,-0.4345159395690814,0.0
1759838848.0079348,1,-1.2050001621245956,-0.8299997448920943,-0.7177030444144975,0.0,-1.734999179840088,-0.34999901056289673,-0.7177046537399292,0.0,-1.9499999253864349,0.19700005619322286,-0.4345159395690814,0.0
1759838848.020382,1,-1.2050001621245956,-0.8299997448920943,-0.7177030444144975,0.0,-1.734999179840088,-0.34999901056289673,-0.7177046537399292,0.0,-1.9499999253864349,0.19700005619322286,-0.4345159395690814,0.0
1759838848.0326242,1,-1.2050001621245956,-0.8299997448920943,-0.7177030444144975,0.0,-1.734999179840088,-0.34999901056289673,-0.7177046537399292,0.0,-1.9499999253864349,0.19700005619322286,-0.4345159395690814,0.0
1759838848.0435405,1,-1.2050001621245956,-0.8299997448920943,-0.7177030444144975,0.0,-1.734999179840088,-0.34999901056289673,-0.7177046537399292,0.0,-1.9499999253864349,0.19700005619322286,-0.4345159395690814,0.0
1759838848.0547972,1,-1.2050001621245956,-0.8299997448920943,-0.7177030444144975,0.0,-1.734999179840088,-0.34999901056289673,-0.7177046537399292,0.0,-1.9499999253864349,0.19700005619322286,-0.4345159395690814,0.0
1759838848.0656614,1,-1.2050001621245956,-0.8299997448920943,-0.7177030444144975,0.0,-1.734999179840088,-0.34999901056289673,-0.7177046537399292,0.0,-1.9499999253864349,0.19700005619322286,-0.4345159395690814,0.0
1759838848.0785196,1,-1.2050001621245956,-0.8299997448920943,-0.7177030444144975,0.0,-1.734999179840088,-0.34999901056289673,-0.7177046537399292,0.0,-1.9499999253864349,0.19700005619322286,-0.4345159395690814,0.0
1759838848.090672,1,-1.2050001621245956,-0.8299997448920943,-0.7177030444144975,0.0,-1.734999179840088,-0.34999901056289673,-0.7177046537399292,0.0,-1.9499999253864349,0.19700005619322286,-0.4345159395690814,0.0
1759838848.1008828,1,-1.2050001621245956,-0.8299997448920943,-0.7177030444144975,0.0,-1.734999179840088,-0.34999901056289673,-0.7177046537399292,0.0,-1.9499999253864349,0.19700005619322286,-0.4345159395690814,0.0
1759838848.1111035,1,-1.2050001621245956,-0.8299997448920943,-0.7177030444144975,0.0,-1.734999179840088,-0.34999901056289673,-0.7177046537399292,0.0,-1.9499999253864349,0.19700005619322286,-0.4345159395690814,0.0
1759838848.1212265,1,-1.2050001621245956,-0.8299997448920943,-0.7177030444144975,0.0,-1.734999179840088,-0.34999901056289673,-0.7177046537399292,0.0,-1.9499999253864349,0.19700005619322286,-0.4345159395690814,0.0
1759838848.1314275,1,-1.2050001621245956,-0.8299997448920943,-0.7177030444144975,0.0,-1.734999179840088,-0.34999901056289673,-0.7177046537399292,0.0,-1.9499999253864349,0.19700005619322286,-0.4345159395690814,0.0
1759838848.1421196,1,-1.2050001621245956,-0.8299997448920943,-0.7177030444144975,0.0,-1.734999179840088,-0.34999901056289673,-0.7177046537399292,0.0,-1.9499999253864349,0.19700005619322286,-0.4345159395690814,0.0
1759838848.1522665,1,-1.2050001621245956,-0.8299997448920943,-0.7177030444144975,0.0,-1.734999179840088,-0.34999901056289673,-0.7177046537399292,0.0,-1.9499999253864349,0.19700005619322286,-0.4345159395690814,0.0
1759838848.1632843,1,-1.2050001621245956,-0.8299997448920943,-0.7177030444144975,0.0,-1.734999179840088,-0.34999901056289673,-0.7177046537399292,0.0,-1.9499999253864349,0.19700005619322286,-0.4345159395690814,0.0
1759838848.174043,1,-1.2050001621245956,-0.8299997448920943,-0.7177030444144975,0.0,-1.734999179840088,-0.34999901056289673,-0.7177046537399292,0.0,-1.9499999253864349,0.19700005619322286,-0.4345159395690814,0.0
1759838848.1848788,1,-1.2050001621245956,-0.8299997448920943,-0.7177030444144975,0.0,-1.734999179840088,-0.34999901056289673,-0.7177046537399292,0.0,-1.9499999253864349,0.19700005619322286,-0.4345159395690814,0.0
1759838848.195629,1,-1.2050001621245956,-0.8299997448920943,-0.7177030444144975,0.0,-1.734999179840088,-0.34999901056289673,-0.7177046537399292,0.0,-1.9499999253864349,0.19700005619322286,-0.4345159395690814,0.0
1759838848.2063837,1,-1.2050001621245956,-0.8299997448920943,-0.7177030444144975,0.0,-1.734999179840088,-0.34999901056289673,-0.7177046537399292,0.0,-1.9499999253864349,0.19700005619322286,-0.4345159395690814,0.0
1759838848.2167826,1,-1.2050001621245956,-0.8299997448920943,-0.7177030444144975,0.0,-1.734999179840088,-0.34999901056289673,-0.7177046537399292,0.0,-1.9499999253864349,0.19700005619322286,-0.4345159395690814,0.0
1759838848.227666,1,-1.2050001621245956,-0.8299997448920943,-0.7177030444144975,0.0,-1.734999179840088,-0.34999901056289673,-0.7177046537399292,0.0,-1.9499999253864349,0.19700005619322286,-0.4345159395690814,0.0
1759838848.2382443,1,-1.2050001621245956,-0.8299997448920943,-0.7177030444144975,0.0,-1.734999179840088,-0.34999901056289673,-0.7177046537399292,0.0,-1.9499999253864349,0.19700005619322286,-0.4345159395690814,0.0
1759838848.249265,1,-1.2050001621245956,-0.8299997448920943,-0.7177030444144975,0.0,-1.734999179840088,-0.34999901056289673,-0.7177046537399292,0.0,-1.9499999253864349,0.19700005619322286,-0.4345159395690814,0.0
1759838848.2605708,1,-1.2050001621245956,-0.8299997448920943,-0.7177030444144975,0.0,-1.734999179840088,-0.34999901056289673,-0.7177046537399292,0.0,-1.9499999253864349,0.19700005619322286,-0.4345159395690814,0.0
1759838848.2720835,1,-1.2050001621245956,-0.8299997448920943,-0.7177030444144975,0.0,-1.734999179840088,-0.34999901056289673,-0.7177046537399292,0.0,-1.9499999253864349,0.19700005619322286,-0.4345159395690814,0.0
1759838848.2829359,1,-1.2050001621245956,-0.8299997448920943,-0.7177030444144975,0.0,-1.734999179840088,-0.34999901056289673,-0.7177046537399292,0.0,-1.9499999253864349,0.19700005619322286,-0.4345159395690814,0.0
1759838848.2959306,1,-1.2050001621245956,-0.8299997448920943,-0.7177030444144975,0.0,-1.734999179840088,-0.34999901056289673,-0.7177046537399292,0.0,-1.9499999253864349,0.19700005619322286,-0.4345159395690814,0.0
1759838848.3077476,1,-1.2050001621245956,-0.8299997448920943,-0.7177030444144975,0.0,-1.734999179840088,-0.34999901056289673,-0.7177046537399292,0.0,-1.9499999253864349,0.19700005619322286,-0.4345159395690814,0.0
1759838848.3180616,1,-1.2050001621245956,-0.8299997448920943,-0.7177030444144975,0.0,-1.734999179840088,-0.34999901056289673,-0.7177046537399292,0.0,-1.9499999253864349,0.19700005619322286,-0.4345159395690814,0.0
1759838848.3292532,1,-1.2050001621245956,-0.8299997448920943,-0.7177030444144975,0.0,-1.734999179840088,-0.34999901056289673,-0.7177046537399292,0.0,-1.9499999253864349,0.19700005619322286,-0.4345159395690814,0.0
1759838848.3404946,1,-1.2050001621245956,-0.8299997448920943,-0.7177030444144975,0.0,-1.734999179840088,-0.34999901056289673,-0.7177046537399292,0.0,-1.9499999253864349,0.19700005619322286,-0.4345159395690814,0.0
1759838848.3516114,1,-1.2050001621245956,-0.8299997448920943,-0.7177030444144975,0.0,-1.734999179840088,-0.34999901056289673,-0.7177046537399292,0.0,-1.9499999253864349,0.19700005619322286,-0.4345159395690814,0.0
1759838848.3626187,1,-1.2050001621245956,-0.8299997448920943,-0.7177030444144975,0.0,-1.734999179840088,-0.34999901056289673,-0.7177046537399292,0.0,-1.9499999253864349,0.19700005619322286,-0.4345159395690814,0.0
1759838848.3733191,1,-1.2050001621245956,-0.8299997448920943,-0.7177030444144975,0.0,-1.734999179840088,-0.34999901056289673,-0.7177046537399292,0.0,-1.9499999253864349,0.19700005619322286,-0.4345159395690814,0.0
1759838848.3850272,1,-1.2050001621245956,-0.8299997448920943,-0.7177030444144975,0.0,-1.734999179840088,-0.34999901056289673,-0.7177046537399292,0.0,-1.9499999253864349,0.19700005619322286,-0.4345159395690814,0.0
1759838848.395329,1,-1.2050001621245956,-0.8299997448920943,-0.7177030444144975,0.0,-1.734999179840088,-0.34999901056289673,-0.7177046537399292,0.0,-1.9499999253864349,0.19700005619322286,-0.4345159395690814,0.0
1759838848.4065425,1,-1.2050001621245956,-0.8299997448920943,-0.7177030444144975,0.0,-1.734999179840088,-0.34999901056289673,-0.7177046537399292,0.0,-1.9499999253864349,0.19700005619322286,-0.4345159395690814,0.0
1759838848.417245,1,-1.2050001621245956,-0.8299997448920943,-0.7177030444144975,0.0,-1.734999179840088,-0.34999901056289673,-0.7177046537399292,0.0,-1.9499999253864349,0.19700005619322286,-0.4345159395690814,0.0
1759838848.4278913,1,-1.2050001621245956,-0.8299997448920943,-0.7177030444144975,0.0,-1.734999179840088,-0.34999901056289673,-0.7177046537399292,0.0,-1.9499999253864349,0.19700005619322286,-0.4345159395690814,0.0
1759838848.4386485,1,-1.2050001621245956,-0.8299997448920943,-0.7177030444144975,0.0,-1.734999179840088,-0.34999901056289673,-0.7177046537399292,0.0,-1.9499999253864349,0.19700005619322286,-0.4345159395690814,0.0
1759838848.449017,1,-1.2050001621245956,-0.8299997448920943,-0.7177030444144975,0.0,-1.734999179840088,-0.34999901056289673,-0.7177046537399292,0.0,-1.9499999253864349,0.19700005619322286,-0.4345159395690814,0.0
1759838848.4597178,1,-1.2050001621245956,-0.8299997448920943,-0.7177030444144975,0.0,-1.734999179840088,-0.34999901056289673,-0.7177046537399292,0.0,-1.9499999253864349,0.19700005619322286,-0.4345159395690814,0.0
1759838848.4698868,1,-1.2050001621245956,-0.8299997448920943,-0.7177030444144975,0.0,-1.734999179840088,-0.34999901056289673,-0.7177046537399292,0.0,-1.9499999253864349,0.19700005619322286,-0.4345159395690814,0.0
1759838848.4800162,1,-1.2050001621245956,-0.8299997448920943,-0.7177030444144975,0.0,-1.734999179840088,-0.34999901056289673,-0.7177046537399292,0.0,-1.9499999253864349,0.19700005619322286,-0.4345159395690814,0.0
1759838848.4950595,1,-1.2050001621245956,-0.8299997448920943,-0.7177030444144975,0.0,-1.734999179840088,-0.34999901056289673,-0.7177046537399292,0.0,-1.9499999253864349,0.19700005619322286,-0.4345159395690814,0.0
1759838848.5054302,1,-1.2050001621245956,-0.8299997448920943,-0.7177030444144975,0.0,-1.734999179840088,-0.34999901056289673,-0.7177046537399292,0.0,-1.9499999253864349,0.19700005619322286,-0.4345159395690814,0.0
1759838848.5161743,1,-1.2050001621245956,-0.8299997448920943,-0.7177030444144975,0.0,-1.734999179840088,-0.34999901056289673,-0.7177046537399292,0.0,-1.9499999253864349,0.19700005619322286,-0.4345159395690814,0.0
1759838848.5270207,1,-1.2050001621245956,-0.8299997448920943,-0.7177030444144975,0.0,-1.734999179840088,-0.34999901056289673,-0.7177046537399292,0.0,-1.9499999253864349,0.19700005619322286,-0.4345159395690814,0.0
1759838848.5388389,1,-1.2050001621245956,-0.8299997448920943,-0.7177030444144975,0.0,-1.734999179840088,-0.34999901056289673,-0.7177046537399292,0.0,-1.9499999253864349,0.19700005619322286,-0.4345159395690814,0.0
1759838848.5502415,1,-1.2050001621245956,-0.8299997448920943,-0.7177030444144975,0.0,-1.734999179840088,-0.34999901056289673,-0.7177046537399292,0.0,-1.9499999253864349,0.19700005619322286,-0.4345159395690814,0.0
1759838848.5611706,1,-1.2050001621245956,-0.8299997448920943,-0.7177030444144975,0.0,-1.734999179840088,-0.34999901056289673,-0.7177046537399292,0.0,-1.9499999253864349,0.19700005619322286,-0.4345159395690814,0.0
1759838848.5724266,1,-1.2050001621245956,-0.8299997448920943,-0.7177030444144975,0.0,-1.734999179840088,-0.34999901056289673,-0.7177046537399292,0.0,-1.9499999253864349,0.19700005619322286,-0.4345159395690814,0.0
1759838848.583681,1,-1.2050001621245956,-0.8299997448920943,-0.7177030444144975,0.0,-1.734999179840088,-0.34999901056289673,-0.7177046537399292,0.0,-1.9499999253864349,0.19700005619322286,-0.4345159395690814,0.0
1759838848.5945525,1,-1.2050001621245956,-0.8299997448920943,-0.7177030444144975,0.0,-1.734999179840088,-0.34999901056289673,-0.7177046537399292,0.0,-1.9499999253864349,0.19700005619322286,-0.4345159395690814,0.0
1759838848.6053903,1,-1.2050001621245956,-0.8299997448920943,-0.7177030444144975,0.0,-1.734999179840088,-0.34999901056289673,-0.7177046537399292,0.0,-1.9499999253864349,0.19700005619322286,-0.4345159395690814,0.0
1759838848.6168337,1,-1.2050001621245956,-0.8299997448920943,-0.7177030444144975,0.0,-1.734999179840088,-0.34999901056289673,-0.7177046537399292,0.0,-1.9499999253864349,0.19700005619322286,-0.4345159395690814,0.0
1759838848.6277483,1,-1.2050001621245956,-0.8299997448920943,-0.7177030444144975,0.0,-1.734999179840088,-0.34999901056289673,-0.7177046537399292,0.0,-1.9499999253864349,0.19700005619322286,-0.4345159395690814,0.0
1759838848.6384797,1,-1.2050001621245956,-0.8299997448920943,-0.7177030444144975,0.0,-1.734999179840088,-0.34999901056289673,-0.7177046537399292,0.0,-1.9499999253864349,0.19700005619322286,-0.4345159395690814,0.0
1759838848.6491702,1,-1.2050001621245956,-0.8299997448920943,-0.7177030444144975,0.0,-1.734999179840088,-0.34999901056289673,-0.7177046537399292,0.0,-1.9499999253864349,0.19700005619322286,-0.4345159395690814,0.0
1759838848.6597996,1,-1.2050001621245956,-0.8299997448920943,-0.7177030444144975,0.0,-1.734999179840088,-0.34999901056289673,-0.7177046537399292,0.0,-1.9499999253864349,0.19700005619322286,-0.4345159395690814,0.0
1759838848.6717737,1,-1.2050001621245956,-0.8299997448920943,-0.7177030444144975,0.0,-1.734999179840088,-0.34999901056289673,-0.7177046537399292,0.0,-1.9499999253864349,0.19700005619322286,-0.4345159395690814,0.0
1759838848.6829045,1,-1.2050001621245956,-0.8299997448920943,-0.7177030444144975,0.0,-1.734999179840088,-0.34999901056289673,-0.7177046537399292,0.0,-1.9499999253864349,0.19700005619322286,-0.4345159395690814,0.0
1759838848.6957824,1,-1.2050001621245956,-0.8299997448920943,-0.7177030444144975,0.0,-1.734999179840088,-0.34999901056289673,-0.7177046537399292,0.0,-1.9499999253864349,0.19700005619322286,-0.4345159395690814,0.0
1759838848.7064645,1,-1.2050001621245956,-0.8299997448920943,-0.7177030444144975,0.0,-1.734999179840088,-0.34999901056289673,-0.7177046537399292,0.0,-1.9499999253864349,0.19700005619322286,-0.4345159395690814,0.0
1759838848.717144,1,-1.2050001621245956,-0.8299997448920943,-0.7177030444144975,0.0,-1.734999179840088,-0.34999901056289673,-0.7177046537399292,0.0,-1.9499999253864349,0.19700005619322286,-0.4345159395690814,0.0
1759838848.727446,1,-1.2050001621245956,-0.8299997448920943,-0.7177030444144975,0.0,-1.734999179840088,-0.34999901056289673,-0.7177046537399292,0.0,-1.9499999253864349,0.19700005619322286,-0.4345159395690814,0.0
1759838848.7380188,1,-1.2050001621245956,-0.8299997448920943,-0.7177030444144975,0.0,-1.734999179840088,-0.34999901056289673,-0.7177046537399292,0.0,-1.9499999253864349,0.19700005619322286,-0.4345159395690814,0.0
1759838848.7489696,1,-1.2050001621245956,-0.8299997448920943,-0.7177030444144975,0.0,-1.734999179840088,-0.34999901056289673,-0.7177046537399292,0.0,-1.9499999253864349,0.19700005619322286,-0.4345159395690814,0.0
1759838848.7592907,1,-1.2050001621245956,-0.8299997448920943,-0.7177030444144975,0.0,-1.734999179840088,-0.34999901056289673,-0.7177046537399292,0.0,-1.9499999253864349,0.19700005619322286,-0.4345159395690814,0.0
1759838848.770111,1,-1.2050001621245956,-0.8299997448920943,-0.7177030444144975,0.0,-1.734999179840088,-0.34999901056289673,-0.7177046537399292,0.0,-1.9499999253864349,0.19700005619322286,-0.4345159395690814,0.0
1759838848.78085,1,-1.2050001621245956,-0.8299997448920943,-0.7177030444144975,0.0,-1.734999179840088,-0.34999901056289673,-0.7177046537399292,0.0,-1.9499999253864349,0.19700005619322286,-0.4345159395690814,0.0
1759838848.791337,1,-1.2050001621245956,-0.8299997448920943,-0.7177030444144975,0.0,-1.734999179840088,-0.34999901056289673,-0.7177046537399292,0.0,-1.9499999253864349,0.19700005619322286,-0.4345159395690814,0.0
1759838848.8016565,1,-1.2050001621245956,-0.8299997448920943,-0.7177030444144975,0.0,-1.734999179840088,-0.34999901056289673,-0.7177046537399292,0.0,-1.9499999253864349,0.19700005619322286,-0.4345159395690814,0.0
1759838848.811848,1,-1.2050001621245956,-0.8299997448920943,-0.7177030444144975,0.0,-1.734999179840088,-0.34999901056289673,-0.7177046537399292,0.0,-1.9499999253864349,0.19700005619322286,-0.4345159395690814,0.0
1759838848.8221395,1,-1.2050001621245956,-0.8299997448920943,-0.7177030444144975,0.0,-1.734999179840088,-0.34999901056289673,-0.7177046537399292,0.0,-1.9499999253864349,0.19700005619322286,-0.4345159395690814,0.0
1759838848.8323922,1,-1.2050001621245956,-0.8299997448920943,-0.7177030444144975,0.0,-1.734999179840088,-0.34999901056289673,-0.7177046537399292,0.0,-1.9499999253864349,0.19700005619322286,-0.4345159395690814,0.0
1759838848.8438785,1,-1.2050001621245956,-0.8299997448920943,-0.7177030444144975,0.0,-1.734999179840088,-0.34999901056289673,-0.7177046537399292,0.0,-1.9499999253864349,0.19700005619322286,-0.4345159395690814,0.0
1759838848.8550618,1,-1.2050001621245956,-0.8299997448920943,-0.7177030444144975,0.0,-1.734999179840088,-0.34999901056289673,-0.7177046537399292,0.0,-1.9499999253864349,0.19700005619322286,-0.4345159395690814,0.0
1759838848.8651109,1,-1.2050001621245956,-0.8299997448920943,-0.7177030444144975,0.0,-1.734999179840088,-0.34999901056289673,-0.7177046537399292,0.0,-1.9499999253864349,0.19700005619322286,-0.4345159395690814,0.0
1759838848.8761814,1,-1.2050001621245956,-0.8299997448920943,-0.7177030444144975,0.0,-1.734999179840088,-0.34999901056289673,-0.7177046537399292,0.0,-1.9499999253864349,0.19700005619322286,-0.4345159395690814,0.0
1759838848.8873065,1,-1.2050001621245956,-0.8299997448920943,-0.7177030444144975,0.0,-1.734999179840088,-0.34999901056289673,-0.7177046537399292,0.0,-1.9499999253864349,0.19700005619322286,-0.4345159395690814,0.0
1759838848.9004838,1,-1.2050001621245956,-0.8299997448920943,-0.7177030444144975,0.0,-1.734999179840088,-0.34999901056289673,-0.7177046537399292,0.0,-1.9499999253864349,0.19700005619322286,-0.4345159395690814,0.0
1759838848.9123616,1,-1.2050001621245956,-0.8299997448920943,-0.7177030444144975,0.0,-1.734999179840088,-0.34999901056289673,-0.7177046537399292,0.0,-1.9499999253864349,0.19700005619322286,-0.4345159395690814,0.0
1759838848.9232779,1,-1.2050001621245956,-0.8299997448920943,-0.7177030444144975,0.0,-1.734999179840088,-0.34999901056289673,-0.7177046537399292,0.0,-1.9499999253864349,0.19700005619322286,-0.4345159395690814,0.0
1759838848.933834,1,-1.2050001621245956,-0.8299997448920943,-0.7177030444144975,0.0,-1.734999179840088,-0.34999901056289673,-0.7177046537399292,0.0,-1.9499999253864349,0.19700005619322286,-0.4345159395690814,0.0
1759838848.9486244,1,-1.2050001621245956,-0.8299997448920943,-0.7177030444144975,0.0,-1.734999179840088,-0.34999901056289673,-0.7177046537399292,0.0,-1.9499999253864349,0.19700005619322286,-0.4345159395690814,0.0
1759838848.9594455,1,-1.2050001621245956,-0.8299997448920943,-0.7177030444144975,0.0,-1.734999179840088,-0.34999901056289673,-0.7177046537399292,0.0,-1.9499999253864349,0.19700005619322286,-0.4345159395690814,0.0
1759838848.9696312,1,-1.2050001621245956,-0.8299997448920943,-0.7177030444144975,0.0,-1.734999179840088,-0.34999901056289673,-0.7177046537399292,0.0,-1.9499999253864349,0.19700005619322286,-0.4345159395690814,0.0
1759838848.9801645,1,-1.2050001621245956,-0.8299997448920943,-0.7177030444144975,0.0,-1.734999179840088,-0.34999901056289673,-0.7177046537399292,0.0,-1.9499999253864349,0.19700005619322286,-0.4345159395690814,0.0
1759838848.9911795,1,-1.2050001621245956,-0.8299997448920943,-0.7177030444144975,0.0,-1.734999179840088,-0.34999901056289673,-0.7177046537399292,0.0,-1.9499999253864349,0.19700005619322286,-0.4345159395690814,0.0
1759838849.0023656,1,-1.2050001621245956,-0.8299997448920943,-0.7177030444144975,0.0,-1.734999179840088,-0.34999901056289673,-0.7177046537399292,0.0,-1.9499999253864349,0.19700005619322286,-0.4345159395690814,0.0
1759838849.0129523,1,-1.2050001621245956,-0.8299997448920943,-0.7177030444144975,0.0,-1.734999179840088,-0.34999901056289673,-0.7177046537399292,0.0,-1.9499999253864349,0.19700005619322286,-0.4345159395690814,0.0
1759838849.0231447,1,-1.2050001621245956,-0.8299997448920943,-0.7177030444144975,0.0,-1.734999179840088,-0.34999901056289673,-0.7177046537399292,0.0,-1.9499999253864349,0.19700005619322286,-0.4345159395690814,0.0
1759838849.034367,1,-1.2050001621245956,-0.8299997448920943,-0.7177030444144975,0.0,-1.734999179840088,-0.34999901056289673,-0.7177046537399292,0.0,-1.9499999253864349,0.19700005619322286,-0.4345159395690814,0.0
1759838849.044949,1,-1.2050001621245956,-0.8299997448920943,-0.7177030444144975,0.0,-1.734999179840088,-0.34999901056289673,-0.7177046537399292,0.0,-1.9499999253864349,0.19700005619322286,-0.4345159395690814,0.0
1759838849.056091,1,-1.2050001621245956,-0.8299997448920943,-0.7177030444144975,0.0,-1.734999179840088,-0.34999901056289673,-0.7177046537399292,0.0,-1.9499999253864349,0.19700005619322286,-0.4345159395690814,0.0
1759838849.066904,1,-1.2050001621245956,-0.8299997448920943,-0.7177030444144975,0.0,-1.734999179840088,-0.34999901056289673,-0.7177046537399292,0.0,-1.9499999253864349,0.19700005619322286,-0.4345159395690814,0.0
1759838849.0781283,1,-1.2050001621245956,-0.8299997448920943,-0.7177030444144975,0.0,-1.734999179840088,-0.34999901056289673,-0.7177046537399292,0.0,-1.9499999253864349,0.19700005619322286,-0.4345159395690814,0.0
1759838849.0884073,1,-1.2050001621245956,-0.8299997448920943,-0.7177030444144975,0.0,-1.734999179840088,-0.34999901056289673,-0.7177046537399292,0.0,-1.9499999253864349,0.19700005619322286,-0.4345159395690814,0.0
1759838849.1008012,1,-1.2050001621245956,-0.8299997448920943,-0.7177030444144975,0.0,-1.734999179840088,-0.34999901056289673,-0.7177046537399292,0.0,-1.9499999253864349,0.19700005619322286,-0.4345159395690814,0.0
1759838849.1120386,1,-1.2050001621245956,-0.8299997448920943,-0.7177030444144975,0.0,-1.734999179840088,-0.34999901056289673,-0.7177046537399292,0.0,-1.9499999253864349,0.19700005619322286,-0.4345159395690814,0.0
1759838849.1233134,1,-1.2050001621245956,-0.8299997448920943,-0.7177030444144975,0.0,-1.734999179840088,-0.34999901056289673,-0.7177046537399292,0.0,-1.9499999253864349,0.19700005619322286,-0.4345159395690814,0.0
1759838849.1339688,1,-1.2050001621245956,-0.8299997448920943,-0.7177030444144975,0.0,-1.734999179840088,-0.34999901056289673,-0.7177046537399292,0.0,-1.9499999253864349,0.19700005619322286,-0.4345159395690814,0.0
1759838849.1451352,1,-1.2050001621245956,-0.8299997448920943,-0.7177030444144975,0.0,-1.734999179840088,-0.34999901056289673,-0.7177046537399292,0.0,-1.9499999253864349,0.19700005619322286,-0.4345159395690814,0.0
1759838849.156812,1,-1.2050001621245956,-0.8299997448920943,-0.7177030444144975,0.0,-1.734999179840088,-0.34999901056289673,-0.7177046537399292,0.0,-1.9499999253864349,0.19700005619322286,-0.4345159395690814,0.0
1759838849.168222,1,-1.2050001621245956,-0.8299997448920943,-0.7177030444144975,0.0,-1.734999179840088,-0.34999901056289673,-0.7177046537399292,0.0,-1.9499999253864349,0.19700005619322286,-0.4345159395690814,0.0
1759838849.1788828,1,-1.2050001621245956,-0.8299997448920943,-0.7177030444144975,0.0,-1.734999179840088,-0.34999901056289673,-0.7177046537399292,0.0,-1.9499999253864349,0.19700005619322286,-0.4345159395690814,0.0
1759838849.1903732,1,-1.2050001621245956,-0.8299997448920943,-0.7177030444144975,0.0,-1.734999179840088,-0.34999901056289673,-0.7177046537399292,0.0,-1.9499999253864349,0.19700005619322286,-0.4345159395690814,0.0
1759838849.2007537,1,-1.2050001621245956,-0.8299997448920943,-0.7177030444144975,0.0,-1.734999179840088,-0.34999901056289673,-0.7177046537399292,0.0,-1.9499999253864349,0.19700005619322286,-0.4345159395690814,0.0
1759838849.2124956,1,-1.2050001621245956,-0.8299997448920943,-0.7177030444144975,0.0,-1.734999179840088,-0.34999901056289673,-0.7177046537399292,0.0,-1.9499999253864349,0.19700005619322286,-0.4345159395690814,0.0
1759838849.222811,1,-1.2050001621245956,-0.8299997448920943,-0.7177030444144975,0.0,-1.734999179840088,-0.34999901056289673,-0.7177046537399292,0.0,-1.9499999253864349,0.19700005619322286,-0.4345159395690814,0.0
1759838849.2334802,1,-1.2050001621245956,-0.8299997448920943,-0.7177030444144975,0.0,-1.734999179840088,-0.34999901056289673,-0.7177046537399292,0.0,-1.9499999253864349,0.19700005619322286,-0.4345159395690814,0.0
1759838849.243611,1,-1.2050001621245956,-0.8299997448920943,-0.7177030444144975,0.0,-1.734999179840088,-0.34999901056289673,-0.7177046537399292,0.0,-1.9499999253864349,0.19700005619322286,-0.4345159395690814,0.0
1759838849.2549064,1,-1.2050001621245956,-0.8299997448920943,-0.7177030444144975,0.0,-1.734999179840088,-0.34999901056289673,-0.7177046537399292,0.0,-1.9499999253864349,0.19700005619322286,-0.4345159395690814,0.0
1759838849.265768,1,-1.2050001621245956,-0.8299997448920943,-0.7177030444144975,0.0,-1.734999179840088,-0.34999901056289673,-0.7177046537399292,0.0,-1.9499999253864349,0.19700005619322286,-0.4345159395690814,0.0
1759838849.278049,1,-1.2050001621245956,-0.8299997448920943,-0.7177030444144975,0.0,-1.734999179840088,-0.34999901056289673,-0.7177046537399292,0.0,-1.9499999253864349,0.19700005619322286,-0.4345159395690814,0.0
1759838849.2893906,1,-1.2050001621245956,-0.8299997448920943,-0.7177030444144975,0.0,-1.734999179840088,-0.34999901056289673,-0.7177046537399292,0.0,-1.9499999253864349,0.19700005619322286,-0.4345159395690814,0.0
1759838849.3033125,1,-1.2050001621245956,-0.8299997448920943,-0.7177030444144975,0.0,-1.734999179840088,-0.34999901056289673,-0.7177046537399292,0.0,-1.9499999253864349,0.19700005619322286,-0.4345159395690814,0.0
1759838849.3143141,1,-1.2050001621245956,-0.8299997448920943,-0.7177030444144975,0.0,-1.734999179840088,-0.34999901056289673,-0.7177046537399292,0.0,-1.9499999253864349,0.19700005619322286,-0.4345159395690814,0.0
1759838849.3255365,1,-1.2050001621245956,-0.8299997448920943,-0.7177030444144975,0.0,-1.734999179840088,-0.34999901056289673,-0.7177046537399292,0.0,-1.9499999253864349,0.19700005619322286,-0.4345159395690814,0.0
1759838849.335698,1,-1.2050001621245956,-0.8299997448920943,-0.7177030444144975,0.0,-1.734999179840088,-0.34999901056289673,-0.7177046537399292,0.0,-1.9499999253864349,0.19700005619322286,-0.4345159395690814,0.0
1759838849.345704,1,-1.2050001621245956,-0.8299997448920943,-0.7177030444144975,0.0,-1.734999179840088,-0.34999901056289673,-0.7177046537399292,0.0,-1.9499999253864349,0.19700005619322286,-0.4345159395690814,0.0
1759838849.3561118,1,-1.2050001621245956,-0.8299997448920943,-0.7177030444144975,0.0,-1.734999179840088,-0.34999901056289673,-0.7177046537399292,0.0,-1.9499999253864349,0.19700005619322286,-0.4345159395690814,0.0
1759838849.366392,1,-1.2050001621245956,-0.8299997448920943,-0.7177030444144975,0.0,-1.734999179840088,-0.34999901056289673,-0.7177046537399292,0.0,-1.9499999253864349,0.19700005619322286,-0.4345159395690814,0.0
1759838849.3767457,1,-1.2050001621245956,-0.8299997448920943,-0.7177030444144975,0.0,-1.734999179840088,-0.34999901056289673,-0.7177046537399292,0.0,-1.9499999253864349,0.19700005619322286,-0.4345159395690814,0.0
1759838849.3875313,1,-1.2050001621245956,-0.8299997448920943,-0.7177030444144975,0.0,-1.734999179840088,-0.34999901056289673,-0.7177046537399292,0.0,-1.9499999253864349,0.19700005619322286,-0.4345159395690814,0.0
1759838849.3976648,1,-1.2050001621245956,-0.8299997448920943,-0.7177030444144975,0.0,-1.734999179840088,-0.34999901056289673,-0.7177046537399292,0.0,-1.9499999253864349,0.19700005619322286,-0.4345159395690814,0.0
1759838849.4084048,1,-1.2050001621245956,-0.8299997448920943,-0.7177030444144975,0.0,-1.734999179840088,-0.34999901056289673,-0.7177046537399292,0.0,-1.9499999253864349,0.19700005619322286,-0.4345159395690814,0.0
1759838849.4198344,1,-1.2050001621245956,-0.8299997448920943,-0.7177030444144975,0.0,-1.734999179840088,-0.34999901056289673,-0.7177046537399292,0.0,-1.9499999253864349,0.19700005619322286,-0.4345159395690814,0.0
1759838849.431661,1,-1.2050001621245956,-0.8299997448920943,-0.7177030444144975,0.0,-1.734999179840088,-0.34999901056289673,-0.7177046537399292,0.0,-1.9499999253864349,0.19700005619322286,-0.4345159395690814,0.0
1759838849.4419053,1,-1.2050001621245956,-0.8299997448920943,-0.7177030444144975,0.0,-1.734999179840088,-0.34999901056289673,-0.7177046537399292,0.0,-1.9499999253864349,0.19700005619322286,-0.4345159395690814,0.0
1759838849.4522464,1,-1.2050001621245956,-0.8299997448920943,-0.7177030444144975,0.0,-1.734999179840088,-0.34999901056289673,-0.7177046537399292,0.0,-1.9499999253864349,0.19700005619322286,-0.4345159395690814,0.0
1759838849.4628217,1,-1.2050001621245956,-0.8299997448920943,-0.7177030444144975,0.0,-1.734999179840088,-0.34999901056289673,-0.7177046537399292,0.0,-1.9499999253864349,0.19700005619322286,-0.4345159395690814,0.0
1759838849.4734943,1,-1.2050001621245956,-0.8299997448920943,-0.7177030444144975,0.0,-1.734999179840088,-0.34999901056289673,-0.7177046537399292,0.0,-1.9499999253864349,0.19700005619322286,-0.4345159395690814,0.0
1759838849.4840937,1,-1.2050001621245956,-0.8299997448920943,-0.7177030444144975,0.0,-1.734999179840088,-0.34999901056289673,-0.7177046537399292,0.0,-1.9499999253864349,0.19700005619322286,-0.4345159395690814,0.0
1759838849.4944484,1,-1.2050001621245956,-0.8299997448920943,-0.7177030444144975,0.0,-1.734999179840088,-0.34999901056289673,-0.7177046537399292,0.0,-1.9499999253864349,0.19700005619322286,-0.4345159395690814,0.0
1759838849.5092275,1,-1.2050001621245956,-0.8299997448920943,-0.7177030444144975,0.0,-1.734999179840088,-0.34999901056289673,-0.7177046537399292,0.0,-1.9499999253864349,0.19700005619322286,-0.4345159395690814,0.0
1759838849.520054,1,-1.2050001621245956,-0.8299997448920943,-0.7177030444144975,0.0,-1.734999179840088,-0.34999901056289673,-0.7177046537399292,0.0,-1.9499999253864349,0.19700005619322286,-0.4345159395690814,0.0
1759838849.5313926,1,-1.2050001621245956,-0.8299997448920943,-0.7177030444144975,0.0,-1.734999179840088,-0.34999901056289673,-0.7177046537399292,0.0,-1.9499999253864349,0.19700005619322286,-0.4345159395690814,0.0
1759838849.5426998,1,-1.2050001621245956,-0.8299997448920943,-0.7177030444144975,0.0,-1.734999179840088,-0.34999901056289673,-0.7177046537399292,0.0,-1.9499999253864349,0.19700005619322286,-0.4345159395690814,0.0
1759838849.5539565,1,-1.2050001621245956,-0.8299997448920943,-0.7177030444144975,0.0,-1.734999179840088,-0.34999901056289673,-0.7177046537399292,0.0,-1.9499999253864349,0.19700005619322286,-0.4345159395690814,0.0
1759838849.5661983,1,-1.2050001621245956,-0.8299997448920943,-0.7177030444144975,0.0,-1.734999179840088,-0.34999901056289673,-0.7177046537399292,0.0,-1.9499999253864349,0.19700005619322286,-0.4345159395690814,0.0
1759838849.5784936,1,-1.2050001621245956,-0.8299997448920943,-0.7177030444144975,0.0,-1.734999179840088,-0.34999901056289673,-0.7177046537399292,0.0,-1.9499999253864349,0.19700005619322286,-0.4345159395690814,0.0
1759838849.589753,1,-1.2050001621245956,-0.8299997448920943,-0.7177030444144975,0.0,-1.734999179840088,-0.34999901056289673,-0.7177046537399292,0.0,-1.9499999253864349,0.19700005619322286,-0.4345159395690814,0.0
1759838849.600637,1,-1.2050001621245956,-0.8299997448920943,-0.7177030444144975,0.0,-1.734999179840088,-0.34999901056289673,-0.7177046537399292,0.0,-1.9499999253864349,0.19700005619322286,-0.4345159395690814,0.0
1759838849.6121488,1,-1.2050001621245956,-0.8299997448920943,-0.7177030444144975,0.0,-1.734999179840088,-0.34999901056289673,-0.7177046537399292,0.0,-1.9499999253864349,0.19700005619322286,-0.4345159395690814,0.0
1759838849.622688,1,-1.2050001621245956,-0.8299997448920943,-0.7177030444144975,0.0,-1.734999179840088,-0.34999901056289673,-0.7177046537399292,0.0,-1.9499999253864349,0.19700005619322286,-0.4345159395690814,0.0
1759838849.6336713,1,-1.2050001621245956,-0.8299997448920943,-0.7177030444144975,0.0,-1.734999179840088,-0.34999901056289673,-0.7177046537399292,0.0,-1.9499999253864349,0.19700005619322286,-0.4345159395690814,0.0
1759838849.6439764,1,-1.2050001621245956,-0.8299997448920943,-0.7177030444144975,0.0,-1.734999179840088,-0.34999901056289673,-0.7177046537399292,0.0,-1.9499999253864349,0.19700005619322286,-0.4345159395690814,0.0
1759838849.654175,1,-1.2050001621245956,-0.8299997448920943,-0.7177030444144975,0.0,-1.734999179840088,-0.34999901056289673,-0.7177046537399292,0.0,-1.9499999253864349,0.19700005619322286,-0.4345159395690814,0.0
1759838849.6646955,1,-1.2050001621245956,-0.8299997448920943,-0.7177030444144975,0.0,-1.734999179840088,-0.34999901056289673,-0.7177046537399292,0.0,-1.9499999253864349,0.19700005619322286,-0.4345159395690814,0.0
1759838849.6758509,1,-1.2050001621245956,-0.8299997448920943,-0.7177030444144975,0.0,-1.734999179840088,-0.34999901056289673,-0.7177046537399292,0.0,-1.9499999253864349,0.19700005619322286,-0.4345159395690814,0.0
1759838849.6865063,1,-1.2050001621245956,-0.8299997448920943,-0.7177030444144975,0.0,-1.734999179840088,-0.34999901056289673,-0.7177046537399292,0.0,-1.9499999253864349,0.19700005619322286,-0.4345159395690814,0.0
1759838849.6989882,1,-1.2050001621245956,-0.8299997448920943,-0.7177030444144975,0.0,-1.734999179840088,-0.34999901056289673,-0.7177046537399292,0.0,-1.9499999253864349,0.19700005619322286,-0.4345159395690814,0.0
1759838849.7108188,1,-1.2050001621245956,-0.8299997448920943,-0.7177030444144975,0.0,-1.734999179840088,-0.34999901056289673,-0.7177046537399292,0.0,-1.9499999253864349,0.19700005619322286,-0.4345159395690814,0.0
1759838849.724461,1,-1.2050001621245956,-0.8299997448920943,-0.7177030444144975,0.0,-1.734999179840088,-0.34999901056289673,-0.7177046537399292,0.0,-1.9499999253864349,0.19700005619322286,-0.4345159395690814,0.0
1759838849.7346678,1,-1.2050001621245956,-0.8299997448920943,-0.7177030444144975,0.0,-1.734999179840088,-0.34999901056289673,-0.7177046537399292,0.0,-1.9499999253864349,0.19700005619322286,-0.4345159395690814,0.0
1759838849.7449174,1,-1.2050001621245956,-0.8299997448920943,-0.7177030444144975,0.0,-1.734999179840088,-0.34999901056289673,-0.7177046537399292,0.0,-1.9499999253864349,0.19700005619322286,-0.4345159395690814,0.0
1759838849.756319,1,-1.2050001621245956,-0.8299997448920943,-0.7177030444144975,0.0,-1.734999179840088,-0.34999901056289673,-0.7177046537399292,0.0,-1.9499999253864349,0.19700005619322286,-0.4345159395690814,0.0
1759838849.766413,1,-1.2050001621245956,-0.8299997448920943,-0.7177030444144975,0.0,-1.734999179840088,-0.34999901056289673,-0.7177046537399292,0.0,-1.9499999253864349,0.19700005619322286,-0.4345159395690814,0.0
1759838849.7768817,1,-1.2050001621245956,-0.8299997448920943,-0.7177030444144975,0.0,-1.734999179840088,-0.34999901056289673,-0.7177046537399292,0.0,-1.9499999253864349,0.19700005619322286,-0.4345159395690814,0.0
1759838849.787128,1,-1.2050001621245956,-0.8299997448920943,-0.7177030444144975,0.0,-1.734999179840088,-0.34999901056289673,-0.7177046537399292,0.0,-1.9499999253864349,0.19700005619322286,-0.4345159395690814,0.0
1759838849.7982059,1,-1.2050001621245956,-0.8299997448920943,-0.7177030444144975,0.0,-1.734999179840088,-0.34999901056289673,-0.7177046537399292,0.0,-1.9499999253864349,0.19700005619322286,-0.4345159395690814,0.0
1759838849.8086655,1,-1.2050001621245956,-0.8299997448920943,-0.7177030444144975,0.0,-1.734999179840088,-0.34999901056289673,-0.7177046537399292,0.0,-1.9499999253864349,0.19700005619322286,-0.4345159395690814,0.0
1759838849.8195798,1,-1.2050001621245956,-0.8299997448920943,-0.7177030444144975,0.0,-1.734999179840088,-0.34999901056289673,-0.7177046537399292,0.0,-1.9499999253864349,0.19700005619322286,-0.4345159395690814,0.0
1759838849.8309796,1,-1.2050001621245956,-0.8299997448920943,-0.7177030444144975,0.0,-1.734999179840088,-0.34999901056289673,-0.7177046537399292,0.0,-1.9499999253864349,0.19700005619322286,-0.4345159395690814,0.0
1759838849.8415651,1,-1.2050001621245956,-0.8299997448920943,-0.7177030444144975,0.0,-1.734999179840088,-0.34999901056289673,-0.7177046537399292,0.0,-1.9499999253864349,0.19700005619322286,-0.4345159395690814,0.0
1759838849.8529158,1,-1.2050001621245956,-0.8299997448920943,-0.7177030444144975,0.0,-1.734999179840088,-0.34999901056289673,-0.7177046537399292,0.0,-1.9499999253864349,0.19700005619322286,-0.4345159395690814,0.0
1759838849.8633168,1,-1.2050001621245956,-0.8299997448920943,-0.7177030444144975,0.0,-1.734999179840088,-0.34999901056289673,-0.7177046537399292,0.0,-1.9499999253864349,0.19700005619322286,-0.4345159395690814,0.0
1759838849.8750944,1,-1.2050001621245956,-0.8299997448920943,-0.7177030444144975,0.0,-1.734999179840088,-0.34999901056289673,-0.7177046537399292,0.0,-1.9499999253864349,0.19700005619322286,-0.4345159395690814,0.0
1759838849.886394,1,-1.2050001621245956,-0.8299997448920943,-0.7177030444144975,0.0,-1.734999179840088,-0.34999901056289673,-0.7177046537399292,0.0,-1.9499999253864349,0.19700005619322286,-0.4345159395690814,0.0
1759838849.897127,1,-1.2050001621245956,-0.8299997448920943,-0.7177030444144975,0.0,-1.734999179840088,-0.34999901056289673,-0.7177046537399292,0.0,-1.9499999253864349,0.19700005619322286,-0.4345159395690814,0.0
1759838849.9112098,1,-1.2050001621245956,-0.8299997448920943,-0.7177030444144975,0.0,-1.734999179840088,-0.34999901056289673,-0.7177046537399292,0.0,-1.9499999253864349,0.19700005619322286,-0.4345159395690814,0.0
1759838849.9198472,1,-1.2050001621245956,-0.8299997448920943,-0.7177030444144975,0.0,-1.734999179840088,-0.34999901056289673,-0.7177046537399292,0.0,-1.9499999253864349,0.19700005619322286,-0.4345159395690814,0.0
1759838849.930745,1,-1.2050001621245956,-0.8299997448920943,-0.7177030444144975,0.0,-1.734999179840088,-0.34999901056289673,-0.7177046537399292,0.0,-1.9499999253864349,0.19700005619322286,-0.4345159395690814,0.0
1759838849.9410415,1,-1.2050001621245956,-0.8299997448920943,-0.7177030444144975,0.0,-1.734999179840088,-0.34999901056289673,-0.7177046537399292,0.0,-1.9499999253864349,0.19700005619322286,-0.4345159395690814,0.0
1759838849.9525166,1,-1.2050001621245956,-0.8299997448920943,-0.7177030444144975,0.0,-1.734999179840088,-0.34999901056289673,-0.7177046537399292,0.0,-1.9499999253864349,0.19700005619322286,-0.4345159395690814,0.0
1759838849.9632058,1,-1.2050001621245956,-0.8299997448920943,-0.7177030444144975,0.0,-1.734999179840088,-0.34999901056289673,-0.7177046537399292,0.0,-1.9499999253864349,0.19700005619322286,-0.4345159395690814,0.0
1759838849.9732716,1,-1.2050001621245956,-0.8299997448920943,-0.7177030444144975,0.0,-1.734999179840088,-0.34999901056289673,-0.7177046537399292,0.0,-1.9499999253864349,0.19700005619322286,-0.4345159395690814,0.0
1759838849.9843428,1,-1.2050001621245956,-0.8299997448920943,-0.7177030444144975,0.0,-1.734999179840088,-0.34999901056289673,-0.7177046537399292,0.0,-1.9499999253864349,0.19700005619322286,-0.4345159395690814,0.0
1759838849.9951115,1,-1.2050001621245956,-0.8299997448920943,-0.7177030444144975,0.0,-1.734999179840088,-0.34999901056289673,-0.7177046537399292,0.0,-1.9499999253864349,0.19700005619322286,-0.4345159395690814,0.0
1759838850.0060704,1,-1.2050001621245956,-0.8299997448920943,-0.7177030444144975,0.0,-1.734999179840088,-0.34999901056289673,-0.7177046537399292,0.0,-1.9499999253864349,0.19700005619322286,-0.4345159395690814,0.0
1759838850.018272,1,-1.2050001621245956,-0.8299997448920943,-0.7177030444144975,0.0,-1.734999179840088,-0.34999901056289673,-0.7177046537399292,0.0,-1.9499999253864349,0.19700005619322286,-0.4345159395690814,0.0
1759838850.0293875,1,-1.2050001621245956,-0.8299997448920943,-0.7177030444144975,0.0,-1.734999179840088,-0.34999901056289673,-0.7177046537399292,0.0,-1.9499999253864349,0.19700005619322286,-0.4345159395690814,0.0
1759838850.039552,1,-1.2050001621245956,-0.8299997448920943,-0.7177030444144975,0.0,-1.734999179840088,-0.34999901056289673,-0.7177046537399292,0.0,-1.9499999253864349,0.19700005619322286,-0.4345159395690814,0.0
1759838850.0504527,1,-1.2050001621245956,-0.8299997448920943,-0.7177030444144975,0.0,-1.734999179840088,-0.34999901056289673,-0.7177046537399292,0.0,-1.9499999253864349,0.19700005619322286,-0.4345159395690814,0.0
1759838850.0615337,1,-1.2050001621245956,-0.8299997448920943,-0.7177030444144975,0.0,-1.734999179840088,-0.34999901056289673,-0.7177046537399292,0.0,-1.9499999253864349,0.19700005619322286,-0.4345159395690814,0.0
1759838850.07179,1,-1.2050001621245956,-0.8299997448920943,-0.7177030444144975,0.0,-1.734999179840088,-0.34999901056289673,-0.7177046537399292,0.0,-1.9499999253864349,0.19700005619322286,-0.4345159395690814,0.0
1759838850.0834293,1,-1.2050001621245956,-0.8299997448920943,-0.7177030444144975,0.0,-1.734999179840088,-0.34999901056289673,-0.7177046537399292,0.0,-1.9499999253864349,0.19700005619322286,-0.4345159395690814,0.0
1759838850.0964932,1,-1.2050001621245956,-0.8299997448920943,-0.7177030444144975,0.0,-1.734999179840088,-0.34999901056289673,-0.7177046537399292,0.0,-1.9499999253864349,0.19700005619322286,-0.4345159395690814,0.0
1759838850.1073422,1,-1.2050001621245956,-0.8299997448920943,-0.7177030444144975,0.0,-1.734999179840088,-0.34999901056289673,-0.7177046537399292,0.0,-1.9499999253864349,0.19700005619322286,-0.4345159395690814,0.0
1759838850.1227918,1,-1.2050001621245956,-0.8299997448920943,-0.7177030444144975,0.0,-1.734999179840088,-0.34999901056289673,-0.7177046537399292,0.0,-1.9499999253864349,0.19700005619322286,-0.4345159395690814,0.0
1759838850.1314552,1,-1.2050001621245956,-0.8299997448920943,-0.7177030444144975,0.0,-1.734999179840088,-0.34999901056289673,-0.7177046537399292,0.0,-1.9499999253864349,0.19700005619322286,-0.4345159395690814,0.0
1759838850.1421266,1,-1.2050001621245956,-0.8299997448920943,-0.7177030444144975,0.0,-1.734999179840088,-0.34999901056289673,-0.7177046537399292,0.0,-1.9499999253864349,0.19700005619322286,-0.4345159395690814,0.0
1759838850.1529424,1,-1.2050001621245956,-0.8299997448920943,-0.7177030444144975,0.0,-1.734999179840088,-0.34999901056289673,-0.7177046537399292,0.0,-1.9499999253864349,0.19700005619322286,-0.4345159395690814,0.0
1759838850.1639583,1,-1.2050001621245956,-0.8299997448920943,-0.7177030444144975,0.0,-1.734999179840088,-0.34999901056289673,-0.7177046537399292,0.0,-1.9499999253864349,0.19700005619322286,-0.4345159395690814,0.0
1759838850.1754928,1,-1.2050001621245956,-0.8299997448920943,-0.7177030444144975,0.0,-1.734999179840088,-0.34999901056289673,-0.7177046537399292,0.0,-1.9499999253864349,0.19700005619322286,-0.4345159395690814,0.0
1759838850.1867416,1,-1.2050001621245956,-0.8299997448920943,-0.7177030444144975,0.0,-1.734999179840088,-0.34999901056289673,-0.7177046537399292,0.0,-1.9499999253864349,0.19700005619322286,-0.4345159395690814,0.0
1759838850.198076,1,-1.2050001621245956,-0.8299997448920943,-0.7177030444144975,0.0,-1.734999179840088,-0.34999901056289673,-0.7177046537399292,0.0,-1.9499999253864349,0.19700005619322286,-0.4345159395690814,0.0
1759838850.2093203,1,-1.2050001621245956,-0.8299997448920943,-0.7177030444144975,0.0,-1.734999179840088,-0.34999901056289673,-0.7177046537399292,0.0,-1.9499999253864349,0.19700005619322286,-0.4345159395690814,0.0
1759838850.2203004,1,-1.2050001621245956,-0.8299997448920943,-0.7177030444144975,0.0,-1.734999179840088,-0.34999901056289673,-0.7177046537399292,0.0,-1.9499999253864349,0.19700005619322286,-0.4345159395690814,0.0
1759838850.2310004,1,-1.2050001621245956,-0.8299997448920943,-0.7177030444144975,0.0,-1.734999179840088,-0.34999901056289673,-0.7177046537399292,0.0,-1.9499999253864349,0.19700005619322286,-0.4345159395690814,0.0
1759838850.2422228,1,-1.2050001621245956,-0.8299997448920943,-0.7177030444144975,0.0,-1.734999179840088,-0.34999901056289673,-0.7177046537399292,0.0,-1.9499999253864349,0.19700005619322286,-0.4345159395690814,0.0
1759838850.2559788,1,-1.2050001621245956,-0.8299997448920943,-0.7177030444144975,0.0,-1.734999179840088,-0.34999901056289673,-0.7177046537399292,0.0,-1.9499999253864349,0.19700005619322286,-0.4345159395690814,0.0
1759838850.2661626,1,-1.2050001621245956,-0.8299997448920943,-0.7177030444144975,0.0,-1.734999179840088,-0.34999901056289673,-0.7177046537399292,0.0,-1.9499999253864349,0.19700005619322286,-0.4345159395690814,0.0
1759838850.276705,1,-1.2050001621245956,-0.8299997448920943,-0.7177030444144975,0.0,-1.734999179840088,-0.34999901056289673,-0.7177046537399292,0.0,-1.9499999253864349,0.19700005619322286,-0.4345159395690814,0.0
1759838850.28754,1,-1.2050001621245956,-0.8299997448920943,-0.7177030444144975,0.0,-1.734999179840088,-0.34999901056289673,-0.7177046537399292,0.0,-1.9499999253864349,0.19700005619322286,-0.4345159395690814,0.0
1759838850.2985156,1,-1.2050001621245956,-0.8299997448920943,-0.7177030444144975,0.0,-1.734999179840088,-0.34999901056289673,-0.7177046537399292,0.0,-1.9499999253864349,0.19700005619322286,-0.4345159395690814,0.0
1759838850.3099442,1,-1.2050001621245956,-0.8299997448920943,-0.7177030444144975,0.0,-1.734999179840088,-0.34999901056289673,-0.7177046537399292,0.0,-1.9499999253864349,0.19700005619322286,-0.4345159395690814,0.0
1759838850.324357,1,-1.2050001621245956,-0.8299997448920943,-0.7177030444144975,0.0,-1.734999179840088,-0.34999901056289673,-0.7177046537399292,0.0,-1.9499999253864349,0.19700005619322286,-0.4345159395690814,0.0
1759838850.33299,1,-1.2050001621245956,-0.8299997448920943,-0.7177030444144975,0.0,-1.734999179840088,-0.34999901056289673,-0.7177046537399292,0.0,-1.9499999253864349,0.19700005619322286,-0.4345159395690814,0.0
1759838850.3433824,1,-1.2050001621245956,-0.8299997448920943,-0.7177030444144975,0.0,-1.734999179840088,-0.34999901056289673,-0.7177046537399292,0.0,-1.9499999253864349,0.19700005619322286,-0.4345159395690814,0.0
1759838850.3536644,1,-1.2050001621245956,-0.8299997448920943,-0.7177030444144975,0.0,-1.734999179840088,-0.34999901056289673,-0.7177046537399292,0.0,-1.9499999253864349,0.19700005619322286,-0.4345159395690814,0.0
1759838850.3648822,1,-1.2050001621245956,-0.8299997448920943,-0.7177030444144975,0.0,-1.734999179840088,-0.34999901056289673,-0.7177046537399292,0.0,-1.9499999253864349,0.19700005619322286,-0.4345159395690814,0.0
1759838850.3758342,1,-1.2050001621245956,-0.8299997448920943,-0.7177030444144975,0.0,-1.734999179840088,-0.34999901056289673,-0.7177046537399292,0.0,-1.9499999253864349,0.19700005619322286,-0.4345159395690814,0.0
1759838850.3869653,1,-1.2050001621245956,-0.8299997448920943,-0.7177030444144975,0.0,-1.734999179840088,-0.34999901056289673,-0.7177046537399292,0.0,-1.9499999253864349,0.19700005619322286,-0.4345159395690814,0.0
1759838850.3970985,1,-1.2050001621245956,-0.8299997448920943,-0.7177030444144975,0.0,-1.734999179840088,-0.34999901056289673,-0.7177046537399292,0.0,-1.9499999253864349,0.19700005619322286,-0.4345159395690814,0.0
1759838850.4078493,1,-1.2050001621245956,-0.8299997448920943,-0.7177030444144975,0.0,-1.734999179840088,-0.34999901056289673,-0.7177046537399292,0.0,-1.9499999253864349,0.19700005619322286,-0.4345159395690814,0.0
1759838850.4193723,1,-1.2050001621245956,-0.8299997448920943,-0.7177030444144975,0.0,-1.734999179840088,-0.34999901056289673,-0.7177046537399292,0.0,-1.9499999253864349,0.19700005619322286,-0.4345159395690814,0.0
1759838850.4300213,1,-1.2050001621245956,-0.8299997448920943,-0.7177030444144975,0.0,-1.734999179840088,-0.34999901056289673,-0.7177046537399292,0.0,-1.9499999253864349,0.19700005619322286,-0.4345159395690814,0.0
1759838850.440851,1,-1.2050001621245956,-0.8299997448920943,-0.7177030444144975,0.0,-1.734999179840088,-0.34999901056289673,-0.7177046537399292,0.0,-1.9499999253864349,0.19700005619322286,-0.4345159395690814,0.0
1759838850.4533846,1,-1.2050001621245956,-0.8299997448920943,-0.7177030444144975,0.0,-1.734999179840088,-0.34999901056289673,-0.7177046537399292,0.0,-1.9499999253864349,0.19700005619322286,-0.4345159395690814,0.0
1759838850.4642022,1,-1.2050001621245956,-0.8299997448920943,-0.7177030444144975,0.0,-1.734999179840088,-0.34999901056289673,-0.7177046537399292,0.0,-1.9499999253864349,0.19700005619322286,-0.4345159395690814,0.0
1759838850.47592,1,-1.2050001621245956,-0.8299997448920943,-0.7177030444144975,0.0,-1.734999179840088,-0.34999901056289673,-0.7177046537399292,0.0,-1.9499999253864349,0.19700005619322286,-0.4345159395690814,0.0
1759838850.4901195,1,-1.2050001621245956,-0.8299997448920943,-0.7177030444144975,0.0,-1.734999179840088,-0.34999901056289673,-0.7177046537399292,0.0,-1.9499999253864349,0.19700005619322286,-0.4345159395690814,0.0
1759838850.5007033,1,-1.2050001621245956,-0.8299997448920943,-0.7177030444144975,0.0,-1.734999179840088,-0.34999901056289673,-0.7177046537399292,0.0,-1.9499999253864349,0.19700005619322286,-0.4345159395690814,0.0
1759838850.5110395,1,-1.2050001621245956,-0.8299997448920943,-0.7177030444144975,0.0,-1.734999179840088,-0.34999901056289673,-0.7177046537399292,0.0,-1.9499999253864349,0.19700005619322286,-0.4345159395690814,0.0
1759838850.5288582,1,-1.2050001621245956,-0.8299997448920943,-0.7177030444144975,0.0,-1.734999179840088,-0.34999901056289673,-0.7177046537399292,0.0,-1.9499999253864349,0.19700005619322286,-0.4345159395690814,0.0
1759838850.537221,1,-1.2050001621245956,-0.8299997448920943,-0.7177030444144975,0.0,-1.734999179840088,-0.34999901056289673,-0.7177046537399292,0.0,-1.9499999253864349,0.19700005619322286,-0.4345159395690814,0.0
1759838850.5505943,1,-1.2050001621245956,-0.8299997448920943,-0.7177030444144975,0.0,-1.734999179840088,-0.34999901056289673,-0.7177046537399292,0.0,-1.9499999253864349,0.19700005619322286,-0.4345159395690814,0.0
1759838850.561656,1,-1.2050001621245956,-0.8299997448920943,-0.7177030444144975,0.0,-1.734999179840088,-0.34999901056289673,-0.7177046537399292,0.0,-1.9499999253864349,0.19700005619322286,-0.4345159395690814,0.0
1759838850.5720544,1,-1.2050001621245956,-0.8299997448920943,-0.7177030444144975,0.0,-1.734999179840088,-0.34999901056289673,-0.7177046537399292,0.0,-1.9499999253864349,0.19700005619322286,-0.4345159395690814,0.0
1759838850.5828762,1,-1.2050001621245956,-0.8299997448920943,-0.7177030444144975,0.0,-1.734999179840088,-0.34999901056289673,-0.7177046537399292,0.0,-1.9499999253864349,0.19700005619322286,-0.4345159395690814,0.0
1759838850.5931249,1,-1.2050001621245956,-0.8299997448920943,-0.7177030444144975,0.0,-1.734999179840088,-0.34999901056289673,-0.7177046537399292,0.0,-1.9499999253864349,0.19700005619322286,-0.4345159395690814,0.0
1759838850.6044967,1,-1.2050001621245956,-0.8299997448920943,-0.7177030444144975,0.0,-1.734999179840088,-0.34999901056289673,-0.7177046537399292,0.0,-1.9499999253864349,0.19700005619322286,-0.4345159395690814,0.0
1759838850.6153116,1,-1.2050001621245956,-0.8299997448920943,-0.7177030444144975,0.0,-1.734999179840088,-0.34999901056289673,-0.7177046537399292,0.0,-1.9499999253864349,0.19700005619322286,-0.4345159395690814,0.0
1759838850.6266403,1,-1.2050001621245956,-0.8299997448920943,-0.7177030444144975,0.0,-1.734999179840088,-0.34999901056289673,-0.7177046537399292,0.0,-1.9499999253864349,0.19700005619322286,-0.4345159395690814,0.0
1759838850.6381035,1,-1.2050001621245956,-0.8299997448920943,-0.7177030444144975,0.0,-1.734999179840088,-0.34999901056289673,-0.7177046537399292,0.0,-1.9499999253864349,0.19700005619322286,-0.4345159395690814,0.0
1759838850.6482227,1,-1.2050001621245956,-0.8299997448920943,-0.7177030444144975,0.0,-1.734999179840088,-0.34999901056289673,-0.7177046537399292,0.0,-1.9499999253864349,0.19700005619322286,-0.4345159395690814,0.0
1759838850.659117,1,-1.2050001621245956,-0.8299997448920943,-0.7177030444144975,0.0,-1.734999179840088,-0.34999901056289673,-0.7177046537399292,0.0,-1.9499999253864349,0.19700005619322286,-0.4345159395690814,0.0
1759838850.6693785,1,-1.2050001621245956,-0.8299997448920943,-0.7177030444144975,0.0,-1.734999179840088,-0.34999901056289673,-0.7177046537399292,0.0,-1.9499999253864349,0.19700005619322286,-0.4345159395690814,0.0
1759838850.6801496,1,-1.2050001621245956,-0.8299997448920943,-0.7177030444144975,0.0,-1.734999179840088,-0.34999901056289673,-0.7177046537399292,0.0,-1.9499999253864349,0.19700005619322286,-0.4345159395690814,0.0
1759838850.691743,1,-1.2050001621245956,-0.8299997448920943,-0.7177030444144975,0.0,-1.734999179840088,-0.34999901056289673,-0.7177046537399292,0.0,-1.9499999253864349,0.19700005619322286,-0.4345159395690814,0.0
1759838850.7025418,1,-1.2050001621245956,-0.8299997448920943,-0.7177030444144975,0.0,-1.734999179840088,-0.34999901056289673,-0.7177046537399292,0.0,-1.9499999253864349,0.19700005619322286,-0.4345159395690814,0.0
1759838850.7132978,1,-1.2050001621245956,-0.8299997448920943,-0.7177030444144975,0.0,-1.734999179840088,-0.34999901056289673,-0.7177046537399292,0.0,-1.9499999253864349,0.19700005619322286,-0.4345159395690814,0.0
1759838850.7291102,1,-1.2050001621245956,-0.8299997448920943,-0.7177030444144975,0.0,-1.734999179840088,-0.34999901056289673,-0.7177046537399292,0.0,-1.9499999253864349,0.19700005619322286,-0.4345159395690814,0.0
1759838850.7365286,1,-1.2050001621245956,-0.8299997448920943,-0.7177030444144975,0.0,-1.734999179840088,-0.34999901056289673,-0.7177046537399292,0.0,-1.9499999253864349,0.19700005619322286,-0.4345159395690814,0.0
1759838850.7466607,1,-1.2050001621245956,-0.8299997448920943,-0.7177030444144975,0.0,-1.734999179840088,-0.34999901056289673,-0.7177046537399292,0.0,-1.9499999253864349,0.19700005619322286,-0.4345159395690814,0.0
1759838850.7567992,1,-1.2050001621245956,-0.8299997448920943,-0.7177030444144975,0.0,-1.734999179840088,-0.34999901056289673,-0.7177046537399292,0.0,-1.9499999253864349,0.19700005619322286,-0.4345159395690814,0.0
1759838850.768287,1,-1.2050001621245956,-0.8299997448920943,-0.7177030444144975,0.0,-1.734999179840088,-0.34999901056289673,-0.7177046537399292,0.0,-1.9499999253864349,0.19700005619322286,-0.4345159395690814,0.0
1759838850.7790935,1,-1.2050001621245956,-0.8299997448920943,-0.7177030444144975,0.0,-1.734999179840088,-0.34999901056289673,-0.7177046537399292,0.0,-1.9499999253864349,0.19700005619322286,-0.4345159395690814,0.0
1759838850.7893536,1,-1.2050001621245956,-0.8299997448920943,-0.7177030444144975,0.0,-1.734999179840088,-0.34999901056289673,-0.7177046537399292,0.0,-1.9499999253864349,0.19700005619322286,-0.4345159395690814,0.0
1759838850.8010535,1,-1.2050001621245956,-0.8299997448920943,-0.7177030444144975,0.0,-1.734999179840088,-0.34999901056289673,-0.7177046537399292,0.0,-1.9499999253864349,0.19700005619322286,-0.4345159395690814,0.0
1759838850.8118818,1,-1.2050001621245956,-0.8299997448920943,-0.7177030444144975,0.0,-1.734999179840088,-0.34999901056289673,-0.7177046537399292,0.0,-1.9499999253864349,0.19700005619322286,-0.4345159395690814,0.0
1759838850.822706,1,-1.2050001621245956,-0.8299997448920943,-0.7177030444144975,0.0,-1.734999179840088,-0.34999901056289673,-0.7177046537399292,0.0,-1.9499999253864349,0.19700005619322286,-0.4345159395690814,0.0
1759838850.8340511,1,-1.2050001621245956,-0.8299997448920943,-0.7177030444144975,0.0,-1.734999179840088,-0.34999901056289673,-0.7177046537399292,0.0,-1.9499999253864349,0.19700005619322286,-0.4345159395690814,0.0
1759838850.8451777,1,-1.2050001621245956,-0.8299997448920943,-0.7177030444144975,0.0,-1.734999179840088,-0.34999901056289673,-0.7177046537399292,0.0,-1.9499999253864349,0.19700005619322286,-0.4345159395690814,0.0
1759838850.8558764,1,-1.2050001621245956,-0.8299997448920943,-0.7177030444144975,0.0,-1.734999179840088,-0.34999901056289673,-0.7177046537399292,0.0,-1.9499999253864349,0.19700005619322286,-0.4345159395690814,0.0
1759838850.8670886,1,-1.2050001621245956,-0.8299997448920943,-0.7177030444144975,0.0,-1.734999179840088,-0.34999901056289673,-0.7177046537399292,0.0,-1.9499999253864349,0.19700005619322286,-0.4345159395690814,0.0
1759838850.8772247,1,-1.2050001621245956,-0.8299997448920943,-0.7177030444144975,0.0,-1.734999179840088,-0.34999901056289673,-0.7177046537399292,0.0,-1.9499999253864349,0.19700005619322286,-0.4345159395690814,0.0
1759838850.8883505,1,-1.2050001621245956,-0.8299997448920943,-0.7177030444144975,0.0,-1.734999179840088,-0.34999901056289673,-0.7177046537399292,0.0,-1.9499999253864349,0.19700005619322286,-0.4345159395690814,0.0
1759838850.8993256,1,-1.2050001621245956,-0.8299997448920943,-0.7177030444144975,0.0,-1.734999179840088,-0.34999901056289673,-0.7177046537399292,0.0,-1.9499999253864349,0.19700005619322286,-0.4345159395690814,0.0
1759838850.9103675,1,-1.2050001621245956,-0.8299997448920943,-0.7177030444144975,0.0,-1.734999179840088,-0.34999901056289673,-0.7177046537399292,0.0,-1.9499999253864349,0.19700005619322286,-0.4345159395690814,0.0
1759838850.9211922,1,-1.2050001621245956,-0.8299997448920943,-0.7177030444144975,0.0,-1.734999179840088,-0.34999901056289673,-0.7177046537399292,0.0,-1.9499999253864349,0.19700005619322286,-0.4345159395690814,0.0
1759838850.9339476,1,-1.2050001621245956,-0.8299997448920943,-0.7177030444144975,0.0,-1.734999179840088,-0.34999901056289673,-0.7177046537399292,0.0,-1.9499999253864349,0.19700005619322286,-0.4345159395690814,0.0
1759838850.9440928,1,-1.2050001621245956,-0.8299997448920943,-0.7177030444144975,0.0,-1.734999179840088,-0.34999901056289673,-0.7177046537399292,0.0,-1.9499999253864349,0.19700005619322286,-0.4345159395690814,0.0
1759838850.9548051,1,-1.2050001621245956,-0.8299997448920943,-0.7177030444144975,0.0,-1.734999179840088,-0.34999901056289673,-0.7177046537399292,0.0,-1.9499999253864349,0.19700005619322286,-0.4345159395690814,0.0
1759838850.9649208,1,-1.2050001621245956,-0.8299997448920943,-0.7177030444144975,0.0,-1.734999179840088,-0.34999901056289673,-0.7177046537399292,0.0,-1.9499999253864349,0.19700005619322286,-0.4345159395690814,0.0
1759838850.9759257,1,-1.2050001621245956,-0.8299997448920943,-0.7177030444144975,0.0,-1.734999179840088,-0.34999901056289673,-0.7177046537399292,0.0,-1.9499999253864349,0.19700005619322286,-0.4345159395690814,0.0
1759838850.9872954,1,-1.2050001621245956,-0.8299997448920943,-0.7177030444144975,0.0,-1.734999179840088,-0.34999901056289673,-0.7177046537399292,0.0,-1.9499999253864349,0.19700005619322286,-0.4345159395690814,0.0
1759838850.9983768,1,-1.2050001621245956,-0.8299997448920943,-0.7177030444144975,0.0,-1.734999179840088,-0.34999901056289673,-0.7177046537399292,0.0,-1.9499999253864349,0.19700005619322286,-0.4345159395690814,0.0
1759838851.0101008,1,-1.2050001621245956,-0.8299997448920943,-0.7177030444144975,0.0,-1.734999179840088,-0.34999901056289673,-0.7177046537399292,0.0,-1.9499999253864349,0.19700005619322286,-0.4345159395690814,0.0
1759838851.0211372,1,-1.2050001621245956,-0.8299997448920943,-0.7177030444144975,0.0,-1.734999179840088,-0.34999901056289673,-0.7177046537399292,0.0,-1.9499999253864349,0.19700005619322286,-0.4345159395690814,0.0
1759838851.0313473,1,-1.2050001621245956,-0.8299997448920943,-0.7177030444144975,0.0,-1.734999179840088,-0.34999901056289673,-0.7177046537399292,0.0,-1.9499999253864349,0.19700005619322286,-0.4345159395690814,0.0
1759838851.042861,1,-1.2050001621245956,-0.8299997448920943,-0.7177030444144975,0.0,-1.734999179840088,-0.34999901056289673,-0.7177046537399292,0.0,-1.9499999253864349,0.19700005619322286,-0.4345159395690814,0.0
1759838851.0538976,1,-1.2050001621245956,-0.8299997448920943,-0.7177030444144975,0.0,-1.734999179840088,-0.34999901056289673,-0.7177046537399292,0.0,-1.9499999253864349,0.19700005619322286,-0.4345159395690814,0.0
1759838851.0646226,1,-1.2050001621245956,-0.8299997448920943,-0.7177030444144975,0.0,-1.734999179840088,-0.34999901056289673,-0.7177046537399292,0.0,-1.9499999253864349,0.19700005619322286,-0.4345159395690814,0.0
1759838851.0781136,1,-1.2050001621245956,-0.8299997448920943,-0.7177030444144975,0.0,-1.734999179840088,-0.34999901056289673,-0.7177046537399292,0.0,-1.9499999253864349,0.19700005619322286,-0.4345159395690814,0.0
1759838851.0892923,1,-1.2050001621245956,-0.8299997448920943,-0.7177030444144975,0.0,-1.734999179840088,-0.34999901056289673,-0.7177046537399292,0.0,-1.9499999253864349,0.19700005619322286,-0.4345159395690814,0.0
1759838851.1003647,1,-1.2050001621245956,-0.8299997448920943,-0.7177030444144975,0.0,-1.734999179840088,-0.34999901056289673,-0.7177046537399292,0.0,-1.9499999253864349,0.19700005619322286,-0.4345159395690814,0.0
1759838851.1115057,1,-1.2050001621245956,-0.8299997448920943,-0.7177030444144975,0.0,-1.734999179840088,-0.34999901056289673,-0.7177046537399292,0.0,-1.9499999253864349,0.19700005619322286,-0.4345159395690814,0.0
1759838851.122758,1,-1.2050001621245956,-0.8299997448920943,-0.7177030444144975,0.0,-1.734999179840088,-0.34999901056289673,-0.7177046537399292,0.0,-1.9499999253864349,0.19700005619322286,-0.4345159395690814,0.0
1759838851.1412377,1,-1.2050001621245956,-0.8299997448920943,-0.7177030444144975,0.0,-1.734999179840088,-0.34999901056289673,-0.7177046537399292,0.0,-1.9499999253864349,0.19700005619322286,-0.4345159395690814,0.0
1759838851.149635,1,-1.2050001621245956,-0.8299997448920943,-0.7177030444144975,0.0,-1.734999179840088,-0.34999901056289673,-0.7177046537399292,0.0,-1.9499999253864349,0.19700005619322286,-0.4345159395690814,0.0
1759838851.1604407,1,-1.2050001621245956,-0.8299997448920943,-0.7177030444144975,0.0,-1.734999179840088,-0.34999901056289673,-0.7177046537399292,0.0,-1.9499999253864349,0.19700005619322286,-0.4345159395690814,0.0
1759838851.1716661,1,-1.2050001621245956,-0.8299997448920943,-0.7177030444144975,0.0,-1.734999179840088,-0.34999901056289673,-0.7177046537399292,0.0,-1.9499999253864349,0.19700005619322286,-0.4345159395690814,0.0
1759838851.1829531,1,-1.2050001621245956,-0.8299997448920943,-0.7177030444144975,0.0,-1.734999179840088,-0.34999901056289673,-0.7177046537399292,0.0,-1.9499999253864349,0.19700005619322286,-0.4345159395690814,0.0
1759838851.1937857,1,-1.2050001621245956,-0.8299997448920943,-0.7177030444144975,0.0,-1.734999179840088,-0.34999901056289673,-0.7177046537399292,0.0,-1.9499999253864349,0.19700005619322286,-0.4345159395690814,0.0
1759838851.20427,1,-1.2050001621245956,-0.8299997448920943,-0.7177030444144975,0.0,-1.734999179840088,-0.34999901056289673,-0.7177046537399292,0.0,-1.9499999253864349,0.19700005619322286,-0.4345159395690814,0.0
1759838851.2150304,1,-1.2050001621245956,-0.8299997448920943,-0.7177030444144975,0.0,-1.734999179840088,-0.34999901056289673,-0.7177046537399292,0.0,-1.9499999253864349,0.19700005619322286,-0.4345159395690814,0.0
1759838851.2260282,1,-1.2050001621245956,-0.8299997448920943,-0.7177030444144975,0.0,-1.734999179840088,-0.34999901056289673,-0.7177046537399292,0.0,-1.9499999253864349,0.19700005619322286,-0.4345159395690814,0.0
1759838851.2368565,1,-1.2050001621245956,-0.8299997448920943,-0.7177030444144975,0.0,-1.734999179840088,-0.34999901056289673,-0.7177046537399292,0.0,-1.9499999253864349,0.19700005619322286,-0.4345159395690814,0.0
1759838851.2509365,1,-1.2050001621245956,-0.8299997448920943,-0.7177030444144975,0.0,-1.734999179840088,-0.34999901056289673,-0.7177046537399292,0.0,-1.9499999253864349,0.19700005619322286,-0.4345159395690814,0.0
1759838851.262465,1,-1.2050001621245956,-0.8299997448920943,-0.7177030444144975,0.0,-1.734999179840088,-0.34999901056289673,-0.7177046537399292,0.0,-1.9499999253864349,0.19700005619322286,-0.4345159395690814,0.0
1759838851.2736542,1,-1.2050001621245956,-0.8299997448920943,-0.7177030444144975,0.0,-1.734999179840088,-0.34999901056289673,-0.7177046537399292,0.0,-1.9499999253864349,0.19700005619322286,-0.4345159395690814,0.0
1759838851.2857306,1,-1.2050001621245956,-0.8299997448920943,-0.7177030444144975,0.0,-1.734999179840088,-0.34999901056289673,-0.7177046537399292,0.0,-1.9499999253864349,0.19700005619322286,-0.4345159395690814,0.0
1759838851.3004403,1,-1.2050001621245956,-0.8299997448920943,-0.7177030444144975,0.0,-1.734999179840088,-0.34999901056289673,-0.7177046537399292,0.0,-1.9499999253864349,0.19700005619322286,-0.4345159395690814,0.0
1759838851.310776,1,-1.2050001621245956,-0.8299997448920943,-0.7177030444144975,0.0,-1.734999179840088,-0.34999901056289673,-0.7177046537399292,0.0,-1.9499999253864349,0.19700005619322286,-0.4345159395690814,0.0
1759838851.321027,1,-1.2050001621245956,-0.8299997448920943,-0.7177030444144975,0.0,-1.734999179840088,-0.34999901056289673,-0.7177046537399292,0.0,-1.9499999253864349,0.19700005619322286,-0.4345159395690814,0.0
1759838851.3317306,1,-1.2050001621245956,-0.8299997448920943,-0.7177030444144975,0.0,-1.734999179840088,-0.34999901056289673,-0.7177046537399292,0.0,-1.9499999253864349,0.19700005619322286,-0.4345159395690814,0.0
1759838851.3476994,1,-1.2050001621245956,-0.8299997448920943,-0.7177030444144975,0.0,-1.734999179840088,-0.34999901056289673,-0.7177046537399292,0.0,-1.9499999253864349,0.19700005619322286,-0.4345159395690814,0.0
1759838851.3552756,1,-1.2050001621245956,-0.8299997448920943,-0.7177030444144975,0.0,-1.734999179840088,-0.34999901056289673,-0.7177046537399292,0.0,-1.9499999253864349,0.19700005619322286,-0.4345159395690814,0.0
1759838851.3657231,1,-1.2050001621245956,-0.8299997448920943,-0.7177030444144975,0.0,-1.734999179840088,-0.34999901056289673,-0.7177046537399292,0.0,-1.9499999253864349,0.19700005619322286,-0.4345159395690814,0.0
1759838851.3757665,1,-1.2050001621245956,-0.8299997448920943,-0.7177030444144975,0.0,-1.734999179840088,-0.34999901056289673,-0.7177046537399292,0.0,-1.9499999253864349,0.19700005619322286,-0.4345159395690814,0.0
1759838851.3871322,1,-1.2050001621245956,-0.8299997448920943,-0.7177030444144975,0.0,-1.734999179840088,-0.34999901056289673,-0.7177046537399292,0.0,-1.9499999253864349,0.19700005619322286,-0.4345159395690814,0.0
1759838851.3984754,1,-1.2050001621245956,-0.8299997448920943,-0.7177030444144975,0.0,-1.734999179840088,-0.34999901056289673,-0.7177046537399292,0.0,-1.9499999253864349,0.19700005619322286,-0.4345159395690814,0.0
1759838851.409725,1,-1.2050001621245956,-0.8299997448920943,-0.7177030444144975,0.0,-1.734999179840088,-0.34999901056289673,-0.7177046537399292,0.0,-1.9499999253864349,0.19700005619322286,-0.4345159395690814,0.0
1759838851.4209704,1,-1.2050001621245956,-0.8299997448920943,-0.7177030444144975,0.0,-1.734999179840088,-0.34999901056289673,-0.7177046537399292,0.0,-1.9499999253864349,0.19700005619322286,-0.4345159395690814,0.0
1759838851.4336827,1,-1.2050001621245956,-0.8299997448920943,-0.7177030444144975,0.0,-1.734999179840088,-0.34999901056289673,-0.7177046537399292,0.0,-1.9499999253864349,0.19700005619322286,-0.4345159395690814,0.0
1759838851.4444356,1,-1.2050001621245956,-0.8299997448920943,-0.7177030444144975,0.0,-1.734999179840088,-0.34999901056289673,-0.7177046537399292,0.0,-1.9499999253864349,0.19700005619322286,-0.4345159395690814,0.0
1759838851.454775,1,-1.2050001621245956,-0.8299997448920943,-0.7177030444144975,0.0,-1.734999179840088,-0.34999901056289673,-0.7177046537399292,0.0,-1.9499999253864349,0.19700005619322286,-0.4345159395690814,0.0
1759838851.4670765,1,-1.2050001621245956,-0.8299997448920943,-0.7177030444144975,0.0,-1.734999179840088,-0.34999901056289673,-0.7177046537399292,0.0,-1.9499999253864349,0.19700005619322286,-0.4345159395690814,0.0
1759838851.4784026,1,-1.2050001621245956,-0.8299997448920943,-0.7177030444144975,0.0,-1.734999179840088,-0.34999901056289673,-0.7177046537399292,0.0,-1.9499999253864349,0.19700005619322286,-0.4345159395690814,0.0
1759838851.4884927,1,-1.2050001621245956,-0.8299997448920943,-0.7177030444144975,0.0,-1.734999179840088,-0.34999901056289673,-0.7177046537399292,0.0,-1.9499999253864349,0.19700005619322286,-0.4345159395690814,0.0
1759838851.499293,1,-1.2050001621245956,-0.8299997448920943,-0.7177030444144975,0.0,-1.734999179840088,-0.34999901056289673,-0.7177046537399292,0.0,-1.9499999253864349,0.19700005619322286,-0.4345159395690814,0.0
1759838851.5126178,1,-1.2050001621245956,-0.8299997448920943,-0.7177030444144975,0.0,-1.734999179840088,-0.34999901056289673,-0.7177046537399292,0.0,-1.9499999253864349,0.19700005619322286,-0.4345159395690814,0.0
1759838851.5239532,1,-1.2050001621245956,-0.8299997448920943,-0.7177030444144975,0.0,-1.734999179840088,-0.34999901056289673,-0.7177046537399292,0.0,-1.9499999253864349,0.19700005619322286,-0.4345159395690814,0.0
1759838851.5370045,1,-1.2050001621245956,-0.8299997448920943,-0.7177030444144975,0.0,-1.734999179840088,-0.34999901056289673,-0.7177046537399292,0.0,-1.9499999253864349,0.19700005619322286,-0.4345159395690814,0.0
1759838851.5550716,1,-1.2050001621245956,-0.8299997448920943,-0.7177030444144975,0.0,-1.734999179840088,-0.34999901056289673,-0.7177046537399292,0.0,-1.9499999253864349,0.19700005619322286,-0.4345159395690814,0.0
1759838851.5638263,1,-1.2050001621245956,-0.8299997448920943,-0.7177030444144975,0.0,-1.734999179840088,-0.34999901056289673,-0.7177046537399292,0.0,-1.9499999253864349,0.19700005619322286,-0.4345159395690814,0.0
1759838851.5746017,1,-1.2050001621245956,-0.8299997448920943,-0.7177030444144975,0.0,-1.734999179840088,-0.34999901056289673,-0.7177046537399292,0.0,-1.9499999253864349,0.19700005619322286,-0.4345159395690814,0.0
1759838851.58566,1,-1.2050001621245956,-0.8299997448920943,-0.7177030444144975,0.0,-1.734999179840088,-0.34999901056289673,-0.7177046537399292,0.0,-1.9499999253864349,0.19700005619322286,-0.4345159395690814,0.0
1759838851.595913,1,-1.2050001621245956,-0.8299997448920943,-0.7177030444144975,0.0,-1.734999179840088,-0.34999901056289673,-0.7177046537399292,0.0,-1.9499999253864349,0.19700005619322286,-0.4345159395690814,0.0
1759838851.6071332,1,-1.2050001621245956,-0.8299997448920943,-0.7177030444144975,0.0,-1.734999179840088,-0.34999901056289673,-0.7177046537399292,0.0,-1.9499999253864349,0.19700005619322286,-0.4345159395690814,0.0
1759838851.6174946,1,-1.2050001621245956,-0.8299997448920943,-0.7177030444144975,0.0,-1.734999179840088,-0.34999901056289673,-0.7177046537399292,0.0,-1.9499999253864349,0.19700005619322286,-0.4345159395690814,0.0
1759838851.628909,1,-1.2050001621245956,-0.8299997448920943,-0.7177030444144975,0.0,-1.734999179840088,-0.34999901056289673,-0.7177046537399292,0.0,-1.9499999253864349,0.19700005619322286,-0.4345159395690814,0.0
1759838851.641504,1,-1.2050001621245956,-0.8299997448920943,-0.7177030444144975,0.0,-1.734999179840088,-0.34999901056289673,-0.7177046537399292,0.0,-1.9499999253864349,0.19700005619322286,-0.4345159395690814,0.0
1759838851.651655,1,-1.2050001621245956,-0.8299997448920943,-0.7177030444144975,0.0,-1.734999179840088,-0.34999901056289673,-0.7177046537399292,0.0,-1.9499999253864349,0.19700005619322286,-0.4345159395690814,0.0
1759838851.6623402,1,-1.2050001621245956,-0.8299997448920943,-0.7177030444144975,0.0,-1.734999179840088,-0.34999901056289673,-0.7177046537399292,0.0,-1.9499999253864349,0.19700005619322286,-0.4345159395690814,0.0
1759838851.672667,1,-1.2050001621245956,-0.8299997448920943,-0.7177030444144975,0.0,-1.734999179840088,-0.34999901056289673,-0.7177046537399292,0.0,-1.9499999253864349,0.19700005619322286,-0.4345159395690814,0.0
1759838851.6830902,1,-1.2050001621245956,-0.8299997448920943,-0.7177030444144975,0.0,-1.734999179840088,-0.34999901056289673,-0.7177046537399292,0.0,-1.9499999253864349,0.19700005619322286,-0.4345159395690814,0.0
1759838851.6943548,1,-1.2050001621245956,-0.8299997448920943,-0.7177030444144975,0.0,-1.734999179840088,-0.34999901056289673,-0.7177046537399292,0.0,-1.9499999253864349,0.19700005619322286,-0.4345159395690814,0.0
1759838851.7046125,1,-1.2050001621245956,-0.8299997448920943,-0.7177030444144975,0.0,-1.734999179840088,-0.34999901056289673,-0.7177046537399292,0.0,-1.9499999253864349,0.19700005619322286,-0.4345159395690814,0.0
1759838851.716958,1,-1.2050001621245956,-0.8299997448920943,-0.7177030444144975,0.0,-1.734999179840088,-0.34999901056289673,-0.7177046537399292,0.0,-1.9499999253864349,0.19700005619322286,-0.4345159395690814,0.0
1759838851.7283502,1,-1.2050001621245956,-0.8299997448920943,-0.7177030444144975,0.0,-1.734999179840088,-0.34999901056289673,-0.7177046537399292,0.0,-1.9499999253864349,0.19700005619322286,-0.4345159395690814,0.0
1759838851.7385013,1,-1.2050001621245956,-0.8299997448920943,-0.7177030444144975,0.0,-1.734999179840088,-0.34999901056289673,-0.7177046537399292,0.0,-1.9499999253864349,0.19700005619322286,-0.4345159395690814,0.0
1759838851.7566922,1,-1.2050001621245956,-0.8299997448920943,-0.7177030444144975,0.0,-1.734999179840088,-0.34999901056289673,-0.7177046537399292,0.0,-1.9499999253864349,0.19700005619322286,-0.4345159395690814,0.0
1759838851.7680178,1,-1.2050001621245956,-0.8299997448920943,-0.7177030444144975,0.0,-1.734999179840088,-0.34999901056289673,-0.7177046537399292,0.0,-1.9499999253864349,0.19700005619322286,-0.4345159395690814,0.0
1759838851.7796788,1,-1.2050001621245956,-0.8299997448920943,-0.7177030444144975,0.0,-1.734999179840088,-0.34999901056289673,-0.7177046537399292,0.0,-1.9499999253864349,0.19700005619322286,-0.4345159395690814,0.0
1759838851.7910218,1,-1.2050001621245956,-0.8299997448920943,-0.7177030444144975,0.0,-1.734999179840088,-0.34999901056289673,-0.7177046537399292,0.0,-1.9499999253864349,0.19700005619322286,-0.4345159395690814,0.0
1759838851.8025634,1,-1.2050001621245956,-0.8299997448920943,-0.7177030444144975,0.0,-1.734999179840088,-0.34999901056289673,-0.7177046537399292,0.0,-1.9499999253864349,0.19700005619322286,-0.4345159395690814,0.0
1759838851.8126564,1,-1.2050001621245956,-0.8299997448920943,-0.7177030444144975,0.0,-1.734999179840088,-0.34999901056289673,-0.7177046537399292,0.0,-1.9499999253864349,0.19700005619322286,-0.4345159395690814,0.0
1759838851.8238728,1,-1.2050001621245956,-0.8299997448920943,-0.7177030444144975,0.0,-1.734999179840088,-0.34999901056289673,-0.7177046537399292,0.0,-1.9499999253864349,0.19700005619322286,-0.4345159395690814,0.0
1759838851.8344452,1,-1.2050001621245956,-0.8299997448920943,-0.7177030444144975,0.0,-1.734999179840088,-0.34999901056289673,-0.7177046537399292,0.0,-1.9499999253864349,0.19700005619322286,-0.4345159395690814,0.0
1759838851.8458266,1,-1.2050001621245956,-0.8299997448920943,-0.7177030444144975,0.0,-1.734999179840088,-0.34999901056289673,-0.7177046537399292,0.0,-1.9499999253864349,0.19700005619322286,-0.4345159395690814,0.0
1759838851.8578005,1,-1.2050001621245956,-0.8299997448920943,-0.7177030444144975,0.0,-1.734999179840088,-0.34999901056289673,-0.7177046537399292,0.0,-1.9499999253864349,0.19700005619322286,-0.4345159395690814,0.0
1759838851.8681386,1,-1.2050001621245956,-0.8299997448920943,-0.7177030444144975,0.0,-1.734999179840088,-0.34999901056289673,-0.7177046537399292,0.0,-1.9499999253864349,0.19700005619322286,-0.4345159395690814,0.0
1759838851.8790772,1,-1.2050001621245956,-0.8299997448920943,-0.7177030444144975,0.0,-1.734999179840088,-0.34999901056289673,-0.7177046537399292,0.0,-1.9499999253864349,0.19700005619322286,-0.4345159395690814,0.0
1759838851.8896875,1,-1.2050001621245956,-0.8299997448920943,-0.7177030444144975,0.0,-1.734999179840088,-0.34999901056289673,-0.7177046537399292,0.0,-1.9499999253864349,0.19700005619322286,-0.4345159395690814,0.0
1759838851.9011059,1,-1.2050001621245956,-0.8299997448920943,-0.7177030444144975,0.0,-1.734999179840088,-0.34999901056289673,-0.7177046537399292,0.0,-1.9499999253864349,0.19700005619322286,-0.4345159395690814,0.0
1759838851.9117477,1,-1.2050001621245956,-0.8299997448920943,-0.7177030444144975,0.0,-1.734999179840088,-0.34999901056289673,-0.7177046537399292,0.0,-1.9499999253864349,0.19700005619322286,-0.4345159395690814,0.0
1759838851.922493,1,-1.2050001621245956,-0.8299997448920943,-0.7177030444144975,0.0,-1.734999179840088,-0.34999901056289673,-0.7177046537399292,0.0,-1.9499999253864349,0.19700005619322286,-0.4345159395690814,0.0
1759838851.933184,1,-1.2050001621245956,-0.8299997448920943,-0.7177030444144975,0.0,-1.734999179840088,-0.34999901056289673,-0.7177046537399292,0.0,-1.9499999253864349,0.19700005619322286,-0.4345159395690814,0.0
1759838851.944513,1,-1.2050001621245956,-0.8299997448920943,-0.7177030444144975,0.0,-1.734999179840088,-0.34999901056289673,-0.7177046537399292,0.0,-1.9499999253864349,0.19700005619322286,-0.4345159395690814,0.0
1759838851.9557545,1,-1.2050001621245956,-0.8299997448920943,-0.7177030444144975,0.0,-1.734999179840088,-0.34999901056289673,-0.7177046537399292,0.0,-1.9499999253864349,0.19700005619322286,-0.4345159395690814,0.0
1759838851.9670353,1,-1.2050001621245956,-0.8299997448920943,-0.7177030444144975,0.0,-1.734999179840088,-0.34999901056289673,-0.7177046537399292,0.0,-1.9499999253864349,0.19700005619322286,-0.4345159395690814,0.0
1759838851.9777517,1,-1.2050001621245956,-0.8299997448920943,-0.7177030444144975,0.0,-1.734999179840088,-0.34999901056289673,-0.7177046537399292,0.0,-1.9499999253864349,0.19700005619322286,-0.4345159395690814,0.0
1759838851.9886258,1,-1.2050001621245956,-0.8299997448920943,-0.7177030444144975,0.0,-1.734999179840088,-0.34999901056289673,-0.7177046537399292,0.0,-1.9499999253864349,0.19700005619322286,-0.4345159395690814,0.0
1759838851.998971,1,-1.2050001621245956,-0.8299997448920943,-0.7177030444144975,0.0,-1.734999179840088,-0.34999901056289673,-0.7177046537399292,0.0,-1.9499999253864349,0.19700005619322286,-0.4345159395690814,0.0
1759838852.0094616,1,-1.2050001621245956,-0.8299997448920943,-0.7177030444144975,0.0,-1.734999179840088,-0.34999901056289673,-0.7177046537399292,0.0,-1.9499999253864349,0.19700005619322286,-0.4345159395690814,0.0
1759838852.0198212,1,-1.2050001621245956,-0.8299997448920943,-0.7177030444144975,0.0,-1.734999179840088,-0.34999901056289673,-0.7177046537399292,0.0,-1.9499999253864349,0.19700005619322286,-0.4345159395690814,0.0
1759838852.0310285,1,-1.2050001621245956,-0.8299997448920943,-0.7177030444144975,0.0,-1.734999179840088,-0.34999901056289673,-0.7177046537399292,0.0,-1.9499999253864349,0.19700005619322286,-0.4345159395690814,0.0
1759838852.0412183,1,-1.2050001621245956,-0.8299997448920943,-0.7177030444144975,0.0,-1.734999179840088,-0.34999901056289673,-0.7177046537399292,0.0,-1.9499999253864349,0.19700005619322286,-0.4345159395690814,0.0
1759838852.0518124,1,-1.2050001621245956,-0.8299997448920943,-0.7177030444144975,0.0,-1.734999179840088,-0.34999901056289673,-0.7177046537399292,0.0,-1.9499999253864349,0.19700005619322286,-0.4345159395690814,0.0
1759838852.0625467,1,-1.2050001621245956,-0.8299997448920943,-0.7177030444144975,0.0,-1.734999179840088,-0.34999901056289673,-0.7177046537399292,0.0,-1.9499999253864349,0.19700005619322286,-0.4345159395690814,0.0
1759838852.0739794,1,-1.2050001621245956,-0.8299997448920943,-0.7177030444144975,0.0,-1.734999179840088,-0.34999901056289673,-0.7177046537399292,0.0,-1.9499999253864349,0.19700005619322286,-0.4345159395690814,0.0
1759838852.0841496,1,-1.2050001621245956,-0.8299997448920943,-0.7177030444144975,0.0,-1.734999179840088,-0.34999901056289673,-0.7177046537399292,0.0,-1.9499999253864349,0.19700005619322286,-0.4345159395690814,0.0
1759838852.0945876,1,-1.2050001621245956,-0.8299997448920943,-0.7177030444144975,0.0,-1.734999179840088,-0.34999901056289673,-0.7177046537399292,0.0,-1.9499999253864349,0.19700005619322286,-0.4345159395690814,0.0
1759838852.1058633,1,-1.2050001621245956,-0.8299997448920943,-0.7177030444144975,0.0,-1.734999179840088,-0.34999901056289673,-0.7177046537399292,0.0,-1.9499999253864349,0.19700005619322286,-0.4345159395690814,0.0
1759838852.1168616,1,-1.2050001621245956,-0.8299997448920943,-0.7177030444144975,0.0,-1.734999179840088,-0.34999901056289673,-0.7177046537399292,0.0,-1.9499999253864349,0.19700005619322286,-0.4345159395690814,0.0
1759838852.1282086,1,-1.2050001621245956,-0.8299997448920943,-0.7177030444144975,0.0,-1.734999179840088,-0.34999901056289673,-0.7177046537399292,0.0,-1.9499999253864349,0.19700005619322286,-0.4345159395690814,0.0
1759838852.1389742,1,-1.2050001621245956,-0.8299997448920943,-0.7177030444144975,0.0,-1.734999179840088,-0.34999901056289673,-0.7177046537399292,0.0,-1.9499999253864349,0.19700005619322286,-0.4345159395690814,0.0
1759838852.1502717,1,-1.2050001621245956,-0.8299997448920943,-0.7177030444144975,0.0,-1.734999179840088,-0.34999901056289673,-0.7177046537399292,0.0,-1.9499999253864349,0.19700005619322286,-0.4345159395690814,0.0
1759838852.1658583,1,-1.2050001621245956,-0.8299997448920943,-0.7177030444144975,0.0,-1.734999179840088,-0.34999901056289673,-0.7177046537399292,0.0,-1.9499999253864349,0.19700005619322286,-0.4345159395690814,0.0
1759838852.1733725,1,-1.2050001621245956,-0.8299997448920943,-0.7177030444144975,0.0,-1.734999179840088,-0.34999901056289673,-0.7177046537399292,0.0,-1.9499999253864349,0.19700005619322286,-0.4345159395690814,0.0
1759838852.1835647,1,-1.2050001621245956,-0.8299997448920943,-0.7177030444144975,0.0,-1.734999179840088,-0.34999901056289673,-0.7177046537399292,0.0,-1.9499999253864349,0.19700005619322286,-0.4345159395690814,0.0
1759838852.1947782,1,-1.2050001621245956,-0.8299997448920943,-0.7177030444144975,0.0,-1.734999179840088,-0.34999901056289673,-0.7177046537399292,0.0,-1.9499999253864349,0.19700005619322286,-0.4345159395690814,0.0
1759838852.2062056,1,-1.2050001621245956,-0.8299997448920943,-0.7177030444144975,0.0,-1.734999179840088,-0.34999901056289673,-0.7177046537399292,0.0,-1.9499999253864349,0.19700005619322286,-0.4345159395690814,0.0
1759838852.2170107,1,-1.2050001621245956,-0.8299997448920943,-0.7177030444144975,0.0,-1.734999179840088,-0.34999901056289673,-0.7177046537399292,0.0,-1.9499999253864349,0.19700005619322286,-0.4345159395690814,0.0
1759838852.228414,1,-1.2050001621245956,-0.8299997448920943,-0.7177030444144975,0.0,-1.734999179840088,-0.34999901056289673,-0.7177046537399292,0.0,-1.9499999253864349,0.19700005619322286,-0.4345159395690814,0.0
1759838852.239093,1,-1.2050001621245956,-0.8299997448920943,-0.7177030444144975,0.0,-1.734999179840088,-0.34999901056289673,-0.7177046537399292,0.0,-1.9499999253864349,0.19700005619322286,-0.4345159395690814,0.0
1759838852.24949,1,-1.2050001621245956,-0.8299997448920943,-0.7177030444144975,0.0,-1.734999179840088,-0.34999901056289673,-0.7177046537399292,0.0,-1.9499999253864349,0.19700005619322286,-0.4345159395690814,0.0
1759838852.260833,1,-1.2050001621245956,-0.8299997448920943,-0.7177030444144975,0.0,-1.734999179840088,-0.34999901056289673,-0.7177046537399292,0.0,-1.9499999253864349,0.19700005619322286,-0.4345159395690814,0.0
1759838852.2726164,1,-1.2050001621245956,-0.8299997448920943,-0.7177030444144975,0.0,-1.734999179840088,-0.34999901056289673,-0.7177046537399292,0.0,-1.9499999253864349,0.19700005619322286,-0.4345159395690814,0.0
1759838852.2833323,1,-1.2050001621245956,-0.8299997448920943,-0.7177030444144975,0.0,-1.734999179840088,-0.34999901056289673,-0.7177046537399292,0.0,-1.9499999253864349,0.19700005619322286,-0.4345159395690814,0.0
1759838852.294076,1,-1.2050001621245956,-0.8299997448920943,-0.7177030444144975,0.0,-1.734999179840088,-0.34999901056289673,-0.7177046537399292,0.0,-1.9499999253864349,0.19700005619322286,-0.4345159395690814,0.0
1759838852.3043296,1,-1.2050001621245956,-0.8299997448920943,-0.7177030444144975,0.0,-1.734999179840088,-0.34999901056289673,-0.7177046537399292,0.0,-1.9499999253864349,0.19700005619322286,-0.4345159395690814,0.0
1759838852.3150868,1,-1.2050001621245956,-0.8299997448920943,-0.7177030444144975,0.0,-1.734999179840088,-0.34999901056289673,-0.7177046537399292,0.0,-1.9499999253864349,0.19700005619322286,-0.4345159395690814,0.0
1759838852.325835,1,-1.2050001621245956,-0.8299997448920943,-0.7177030444144975,0.0,-1.734999179840088,-0.34999901056289673,-0.7177046537399292,0.0,-1.9499999253864349,0.19700005619322286,-0.4345159395690814,0.0
1759838852.3363764,1,-1.2050001621245956,-0.8299997448920943,-0.7177030444144975,0.0,-1.734999179840088,-0.34999901056289673,-0.7177046537399292,0.0,-1.9499999253864349,0.19700005619322286,-0.4345159395690814,0.0
1759838852.3473153,1,-1.2050001621245956,-0.8299997448920943,-0.7177030444144975,0.0,-1.734999179840088,-0.34999901056289673,-0.7177046537399292,0.0,-1.9499999253864349,0.19700005619322286,-0.4345159395690814,0.0
1759838852.3580217,1,-1.2050001621245956,-0.8299997448920943,-0.7177030444144975,0.0,-1.734999179840088,-0.34999901056289673,-0.7177046537399292,0.0,-1.9499999253864349,0.19700005619322286,-0.4345159395690814,0.0
1759838852.3730068,1,-1.2050001621245956,-0.8299997448920943,-0.7177030444144975,0.0,-1.734999179840088,-0.34999901056289673,-0.7177046537399292,0.0,-1.9499999253864349,0.19700005619322286,-0.4345159395690814,0.0
1759838852.3840752,1,-1.2050001621245956,-0.8299997448920943,-0.7177030444144975,0.0,-1.734999179840088,-0.34999901056289673,-0.7177046537399292,0.0,-1.9499999253864349,0.19700005619322286,-0.4345159395690814,0.0
1759838852.3950682,1,-1.2050001621245956,-0.8299997448920943,-0.7177030444144975,0.0,-1.734999179840088,-0.34999901056289673,-0.7177046537399292,0.0,-1.9499999253864349,0.19700005619322286,-0.4345159395690814,0.0
1759838852.406458,1,-1.2050001621245956,-0.8299997448920943,-0.7177030444144975,0.0,-1.734999179840088,-0.34999901056289673,-0.7177046537399292,0.0,-1.9499999253864349,0.19700005619322286,-0.4345159395690814,0.0
1759838852.4179747,1,-1.2050001621245956,-0.8299997448920943,-0.7177030444144975,0.0,-1.734999179840088,-0.34999901056289673,-0.7177046537399292,0.0,-1.9499999253864349,0.19700005619322286,-0.4345159395690814,0.0
1759838852.4281752,1,-1.2050001621245956,-0.8299997448920943,-0.7177030444144975,0.0,-1.734999179840088,-0.34999901056289673,-0.7177046537399292,0.0,-1.9499999253864349,0.19700005619322286,-0.4345159395690814,0.0
1759838852.4389694,1,-1.2050001621245956,-0.8299997448920943,-0.7177030444144975,0.0,-1.734999179840088,-0.34999901056289673,-0.7177046537399292,0.0,-1.9499999253864349,0.19700005619322286,-0.4345159395690814,0.0
1759838852.4490614,1,-1.2050001621245956,-0.8299997448920943,-0.7177030444144975,0.0,-1.734999179840088,-0.34999901056289673,-0.7177046537399292,0.0,-1.9499999253864349,0.19700005619322286,-0.4345159395690814,0.0
1759838852.460043,1,-1.2050001621245956,-0.8299997448920943,-0.7177030444144975,0.0,-1.734999179840088,-0.34999901056289673,-0.7177046537399292,0.0,-1.9499999253864349,0.19700005619322286,-0.4345159395690814,0.0
1759838852.4704764,1,-1.2050001621245956,-0.8299997448920943,-0.7177030444144975,0.0,-1.734999179840088,-0.34999901056289673,-0.7177046537399292,0.0,-1.9499999253864349,0.19700005619322286,-0.4345159395690814,0.0
1759838852.4814093,1,-1.2050001621245956,-0.8299997448920943,-0.7177030444144975,0.0,-1.734999179840088,-0.34999901056289673,-0.7177046537399292,0.0,-1.9499999253864349,0.19700005619322286,-0.4345159395690814,0.0
1759838852.4928424,1,-1.2050001621245956,-0.8299997448920943,-0.7177030444144975,0.0,-1.734999179840088,-0.34999901056289673,-0.7177046537399292,0.0,-1.9499999253864349,0.19700005619322286,-0.4345159395690814,0.0
1759838852.5041454,1,-1.2050001621245956,-0.8299997448920943,-0.7177030444144975,0.0,-1.734999179840088,-0.34999901056289673,-0.7177046537399292,0.0,-1.9499999253864349,0.19700005619322286,-0.4345159395690814,0.0
1759838852.514835,1,-1.2050001621245956,-0.8299997448920943,-0.7177030444144975,0.0,-1.734999179840088,-0.34999901056289673,-0.7177046537399292,0.0,-1.9499999253864349,0.19700005619322286,-0.4345159395690814,0.0
1759838852.526727,1,-1.2050001621245956,-0.8299997448920943,-0.7177030444144975,0.0,-1.734999179840088,-0.34999901056289673,-0.7177046537399292,0.0,-1.9499999253864349,0.19700005619322286,-0.4345159395690814,0.0
1759838852.5377803,1,-1.2050001621245956,-0.8299997448920943,-0.7177030444144975,0.0,-1.734999179840088,-0.34999901056289673,-0.7177046537399292,0.0,-1.9499999253864349,0.19700005619322286,-0.4345159395690814,0.0
1759838852.5493062,1,-1.2050001621245956,-0.8299997448920943,-0.7177030444144975,0.0,-1.734999179840088,-0.34999901056289673,-0.7177046537399292,0.0,-1.9499999253864349,0.19700005619322286,-0.4345159395690814,0.0
1759838852.5595593,1,-1.2050001621245956,-0.8299997448920943,-0.7177030444144975,0.0,-1.734999179840088,-0.34999901056289673,-0.7177046537399292,0.0,-1.9499999253864349,0.19700005619322286,-0.4345159395690814,0.0
1759838852.577185,1,-1.2050001621245956,-0.8299997448920943,-0.7177030444144975,0.0,-1.734999179840088,-0.34999901056289673,-0.7177046537399292,0.0,-1.9499999253864349,0.19700005619322286,-0.4345159395690814,0.0
1759838852.5857673,1,-1.2050001621245956,-0.8299997448920943,-0.7177030444144975,0.0,-1.734999179840088,-0.34999901056289673,-0.7177046537399292,0.0,-1.9499999253864349,0.19700005619322286,-0.4345159395690814,0.0
1759838852.596544,1,-1.2050001621245956,-0.8299997448920943,-0.7177030444144975,0.0,-1.734999179840088,-0.34999901056289673,-0.7177046537399292,0.0,-1.9499999253864349,0.19700005619322286,-0.4345159395690814,0.0
1759838852.6078486,1,-1.2050001621245956,-0.8299997448920943,-0.7177030444144975,0.0,-1.734999179840088,-0.34999901056289673,-0.7177046537399292,0.0,-1.9499999253864349,0.19700005619322286,-0.4345159395690814,0.0
1759838852.619765,1,-1.2050001621245956,-0.8299997448920943,-0.7177030444144975,0.0,-1.734999179840088,-0.34999901056289673,-0.7177046537399292,0.0,-1.9499999253864349,0.19700005619322286,-0.4345159395690814,0.0
1759838852.6299336,1,-1.2050001621245956,-0.8299997448920943,-0.7177030444144975,0.0,-1.734999179840088,-0.34999901056289673,-0.7177046537399292,0.0,-1.9499999253864349,0.19700005619322286,-0.4345159395690814,0.0
1759838852.64087,1,-1.2050001621245956,-0.8299997448920943,-0.7177030444144975,0.0,-1.734999179840088,-0.34999901056289673,-0.7177046537399292,0.0,-1.9499999253864349,0.19700005619322286,-0.4345159395690814,0.0
1759838852.6516466,1,-1.2050001621245956,-0.8299997448920943,-0.7177030444144975,0.0,-1.734999179840088,-0.34999901056289673,-0.7177046537399292,0.0,-1.9499999253864349,0.19700005619322286,-0.4345159395690814,0.0
1759838852.6625931,1,-1.2050001621245956,-0.8299997448920943,-0.7177030444144975,0.0,-1.734999179840088,-0.34999901056289673,-0.7177046537399292,0.0,-1.9499999253864349,0.19700005619322286,-0.4345159395690814,0.0
1759838852.673346,1,-1.2050001621245956,-0.8299997448920943,-0.7177030444144975,0.0,-1.734999179840088,-0.34999901056289673,-0.7177046537399292,0.0,-1.9499999253864349,0.19700005619322286,-0.4345159395690814,0.0
1759838852.6838858,1,-1.2050001621245956,-0.8299997448920943,-0.7177030444144975,0.0,-1.734999179840088,-0.34999901056289673,-0.7177046537399292,0.0,-1.9499999253864349,0.19700005619322286,-0.4345159395690814,0.0
1759838852.69491,1,-1.2050001621245956,-0.8299997448920943,-0.7177030444144975,0.0,-1.734999179840088,-0.34999901056289673,-0.7177046537399292,0.0,-1.9499999253864349,0.19700005619322286,-0.4345159395690814,0.0
1759838852.7057996,1,-1.2050001621245956,-0.8299997448920943,-0.7177030444144975,0.0,-1.734999179840088,-0.34999901056289673,-0.7177046537399292,0.0,-1.9499999253864349,0.19700005619322286,-0.4345159395690814,0.0
1759838852.7171028,1,-1.2050001621245956,-0.8299997448920943,-0.7177030444144975,0.0,-1.734999179840088,-0.34999901056289673,-0.7177046537399292,0.0,-1.9499999253864349,0.19700005619322286,-0.4345159395690814,0.0
1759838852.7273846,1,-1.2050001621245956,-0.8299997448920943,-0.7177030444144975,0.0,-1.734999179840088,-0.34999901056289673,-0.7177046537399292,0.0,-1.9499999253864349,0.19700005619322286,-0.4345159395690814,0.0
1759838852.7376008,1,-1.2050001621245956,-0.8299997448920943,-0.7177030444144975,0.0,-1.734999179840088,-0.34999901056289673,-0.7177046537399292,0.0,-1.9499999253864349,0.19700005619322286,-0.4345159395690814,0.0
1759838852.7477555,1,-1.2050001621245956,-0.8299997448920943,-0.7177030444144975,0.0,-1.734999179840088,-0.34999901056289673,-0.7177046537399292,0.0,-1.9499999253864349,0.19700005619322286,-0.4345159395690814,0.0
1759838852.7578938,1,-1.2050001621245956,-0.8299997448920943,-0.7177030444144975,0.0,-1.734999179840088,-0.34999901056289673,-0.7177046537399292,0.0,-1.9499999253864349,0.19700005619322286,-0.4345159395690814,0.0
1759838852.7684042,1,-1.2050001621245956,-0.8299997448920943,-0.7177030444144975,0.0,-1.734999179840088,-0.34999901056289673,-0.7177046537399292,0.0,-1.9499999253864349,0.19700005619322286,-0.4345159395690814,0.0
1759838852.7834172,1,-1.2050001621245956,-0.8299997448920943,-0.7177030444144975,0.0,-1.734999179840088,-0.34999901056289673,-0.7177046537399292,0.0,-1.9499999253864349,0.19700005619322286,-0.4345159395690814,0.0
1759838852.794395,1,-1.2050001621245956,-0.8299997448920943,-0.7177030444144975,0.0,-1.734999179840088,-0.34999901056289673,-0.7177046537399292,0.0,-1.9499999253864349,0.19700005619322286,-0.4345159395690814,0.0
1759838852.8047082,1,-1.2050001621245956,-0.8299997448920943,-0.7177030444144975,0.0,-1.734999179840088,-0.34999901056289673,-0.7177046537399292,0.0,-1.9499999253864349,0.19700005619322286,-0.4345159395690814,0.0
1759838852.8179083,1,-1.2050001621245956,-0.8299997448920943,-0.7177030444144975,0.0,-1.734999179840088,-0.34999901056289673,-0.7177046537399292,0.0,-1.9499999253864349,0.19700005619322286,-0.4345159395690814,0.0
1759838852.8279974,1,-1.2050001621245956,-0.8299997448920943,-0.7177030444144975,0.0,-1.734999179840088,-0.34999901056289673,-0.7177046537399292,0.0,-1.9499999253864349,0.19700005619322286,-0.4345159395690814,0.0
1759838852.8385236,1,-1.2050001621245956,-0.8299997448920943,-0.7177030444144975,0.0,-1.734999179840088,-0.34999901056289673,-0.7177046537399292,0.0,-1.9499999253864349,0.19700005619322286,-0.4345159395690814,0.0
1759838852.8486533,1,-1.2050001621245956,-0.8299997448920943,-0.7177030444144975,0.0,-1.734999179840088,-0.34999901056289673,-0.7177046537399292,0.0,-1.9499999253864349,0.19700005619322286,-0.4345159395690814,0.0
1759838852.8589325,1,-1.2050001621245956,-0.8299997448920943,-0.7177030444144975,0.0,-1.734999179840088,-0.34999901056289673,-0.7177046537399292,0.0,-1.9499999253864349,0.19700005619322286,-0.4345159395690814,0.0
1759838852.8693001,1,-1.2050001621245956,-0.8299997448920943,-0.7177030444144975,0.0,-1.734999179840088,-0.34999901056289673,-0.7177046537399292,0.0,-1.9499999253864349,0.19700005619322286,-0.4345159395690814,0.0
1759838852.880133,1,-1.2050001621245956,-0.8299997448920943,-0.7177030444144975,0.0,-1.734999179840088,-0.34999901056289673,-0.7177046537399292,0.0,-1.9499999253864349,0.19700005619322286,-0.4345159395690814,0.0
1759838852.8910282,1,-1.2050001621245956,-0.8299997448920943,-0.7177030444144975,0.0,-1.734999179840088,-0.34999901056289673,-0.7177046537399292,0.0,-1.9499999253864349,0.19700005619322286,-0.4345159395690814,0.0
1759838852.9016564,1,-1.2050001621245956,-0.8299997448920943,-0.7177030444144975,0.0,-1.734999179840088,-0.34999901056289673,-0.7177046537399292,0.0,-1.9499999253864349,0.19700005619322286,-0.4345159395690814,0.0
1759838852.9122446,1,-1.2050001621245956,-0.8299997448920943,-0.7177030444144975,0.0,-1.734999179840088,-0.34999901056289673,-0.7177046537399292,0.0,-1.9499999253864349,0.19700005619322286,-0.4345159395690814,0.0
1759838852.9232297,1,-1.2050001621245956,-0.8299997448920943,-0.7177030444144975,0.0,-1.734999179840088,-0.34999901056289673,-0.7177046537399292,0.0,-1.9499999253864349,0.19700005619322286,-0.4345159395690814,0.0
1759838852.9346979,1,-1.2050001621245956,-0.8299997448920943,-0.7177030444144975,0.0,-1.734999179840088,-0.34999901056289673,-0.7177046537399292,0.0,-1.9499999253864349,0.19700005619322286,-0.4345159395690814,0.0
1759838852.9461586,1,-1.2050001621245956,-0.8299997448920943,-0.7177030444144975,0.0,-1.734999179840088,-0.34999901056289673,-0.7177046537399292,0.0,-1.9499999253864349,0.19700005619322286,-0.4345159395690814,0.0
1759838852.9563937,1,-1.2050001621245956,-0.8299997448920943,-0.7177030444144975,0.0,-1.734999179840088,-0.34999901056289673,-0.7177046537399292,0.0,-1.9499999253864349,0.19700005619322286,-0.4345159395690814,0.0
1759838852.966773,1,-1.2050001621245956,-0.8299997448920943,-0.7177030444144975,0.0,-1.734999179840088,-0.34999901056289673,-0.7177046537399292,0.0,-1.9499999253864349,0.19700005619322286,-0.4345159395690814,0.0
1759838852.9807003,1,-1.2050001621245956,-0.8299997448920943,-0.7177030444144975,0.0,-1.734999179840088,-0.34999901056289673,-0.7177046537399292,0.0,-1.9499999253864349,0.19700005619322286,-0.4345159395690814,0.0
1759838852.992018,1,-1.2050001621245956,-0.8299997448920943,-0.7177030444144975,0.0,-1.734999179840088,-0.34999901056289673,-0.7177046537399292,0.0,-1.9499999253864349,0.19700005619322286,-0.4345159395690814,0.0
1759838853.0021114,1,-1.2050001621245956,-0.8299997448920943,-0.7177030444144975,0.0,-1.734999179840088,-0.34999901056289673,-0.7177046537399292,0.0,-1.9499999253864349,0.19700005619322286,-0.4345159395690814,0.0
1759838853.0122304,1,-1.2050001621245956,-0.8299997448920943,-0.7177030444144975,0.0,-1.734999179840088,-0.34999901056289673,-0.7177046537399292,0.0,-1.9499999253864349,0.19700005619322286,-0.4345159395690814,0.0
1759838853.0229266,1,-1.2050001621245956,-0.8299997448920943,-0.7177030444144975,0.0,-1.734999179840088,-0.34999901056289673,-0.7177046537399292,0.0,-1.9499999253864349,0.19700005619322286,-0.4345159395690814,0.0
1759838853.0336883,1,-1.2050001621245956,-0.8299997448920943,-0.7177030444144975,0.0,-1.734999179840088,-0.34999901056289673,-0.7177046537399292,0.0,-1.9499999253864349,0.19700005619322286,-0.4345159395690814,0.0
1759838853.0447617,1,-1.2050001621245956,-0.8299997448920943,-0.7177030444144975,0.0,-1.734999179840088,-0.34999901056289673,-0.7177046537399292,0.0,-1.9499999253864349,0.19700005619322286,-0.4345159395690814,0.0
1759838853.055994,1,-1.2050001621245956,-0.8299997448920943,-0.7177030444144975,0.0,-1.734999179840088,-0.34999901056289673,-0.7177046537399292,0.0,-1.9499999253864349,0.19700005619322286,-0.4345159395690814,0.0
1759838853.0676568,1,-1.2050001621245956,-0.8299997448920943,-0.7177030444144975,0.0,-1.734999179840088,-0.34999901056289673,-0.7177046537399292,0.0,-1.9499999253864349,0.19700005619322286,-0.4345159395690814,0.0
1759838853.07791,1,-1.2050001621245956,-0.8299997448920943,-0.7177030444144975,0.0,-1.734999179840088,-0.34999901056289673,-0.7177046537399292,0.0,-1.9499999253864349,0.19700005619322286,-0.4345159395690814,0.0
1759838853.0882401,1,-1.2050001621245956,-0.8299997448920943,-0.7177030444144975,0.0,-1.734999179840088,-0.34999901056289673,-0.7177046537399292,0.0,-1.9499999253864349,0.19700005619322286,-0.4345159395690814,0.0
1759838853.0992622,1,-1.2050001621245956,-0.8299997448920943,-0.7177030444144975,0.0,-1.734999179840088,-0.34999901056289673,-0.7177046537399292,0.0,-1.9499999253864349,0.19700005619322286,-0.4345159395690814,0.0
1759838853.1096504,1,-1.2050001621245956,-0.8299997448920943,-0.7177030444144975,0.0,-1.734999179840088,-0.34999901056289673,-0.7177046537399292,0.0,-1.9499999253864349,0.19700005619322286,-0.4345159395690814,0.0
1759838853.1206822,1,-1.2050001621245956,-0.8299997448920943,-0.7177030444144975,0.0,-1.734999179840088,-0.34999901056289673,-0.7177046537399292,0.0,-1.9499999253864349,0.19700005619322286,-0.4345159395690814,0.0
1759838853.1313882,1,-1.2050001621245956,-0.8299997448920943,-0.7177030444144975,0.0,-1.734999179840088,-0.34999901056289673,-0.7177046537399292,0.0,-1.9499999253864349,0.19700005619322286,-0.4345159395690814,0.0
1759838853.142098,1,-1.2050001621245956,-0.8299997448920943,-0.7177030444144975,0.0,-1.734999179840088,-0.34999901056289673,-0.7177046537399292,0.0,-1.9499999253864349,0.19700005619322286,-0.4345159395690814,0.0
1759838853.1535323,1,-1.2050001621245956,-0.8299997448920943,-0.7177030444144975,0.0,-1.734999179840088,-0.34999901056289673,-0.7177046537399292,0.0,-1.9499999253864349,0.19700005619322286,-0.4345159395690814,0.0
1759838853.1645875,1,-1.2050001621245956,-0.8299997448920943,-0.7177030444144975,0.0,-1.734999179840088,-0.34999901056289673,-0.7177046537399292,0.0,-1.9499999253864349,0.19700005619322286,-0.4345159395690814,0.0
1759838853.1752284,1,-1.2050001621245956,-0.8299997448920943,-0.7177030444144975,0.0,-1.734999179840088,-0.34999901056289673,-0.7177046537399292,0.0,-1.9499999253864349,0.19700005619322286,-0.4345159395690814,0.0
1759838853.1913385,1,-1.2050001621245956,-0.8299997448920943,-0.7177030444144975,0.0,-1.734999179840088,-0.34999901056289673,-0.7177046537399292,0.0,-1.9499999253864349,0.19700005619322286,-0.4345159395690814,0.0
1759838853.2023258,1,-1.2050001621245956,-0.8299997448920943,-0.7177030444144975,0.0,-1.734999179840088,-0.34999901056289673,-0.7177046537399292,0.0,-1.9499999253864349,0.19700005619322286,-0.4345159395690814,0.0
1759838853.2128413,1,-1.2050001621245956,-0.8299997448920943,-0.7177030444144975,0.0,-1.734999179840088,-0.34999901056289673,-0.7177046537399292,0.0,-1.9499999253864349,0.19700005619322286,-0.4345159395690814,0.0
1759838853.2242203,1,-1.2050001621245956,-0.8299997448920943,-0.7177030444144975,0.0,-1.734999179840088,-0.34999901056289673,-0.7177046537399292,0.0,-1.9499999253864349,0.19700005619322286,-0.4345159395690814,0.0
1759838853.2345843,1,-1.2050001621245956,-0.8299997448920943,-0.7177030444144975,0.0,-1.734999179840088,-0.34999901056289673,-0.7177046537399292,0.0,-1.9499999253864349,0.19700005619322286,-0.4345159395690814,0.0
1759838853.2449813,1,-1.2050001621245956,-0.8299997448920943,-0.7177030444144975,0.0,-1.734999179840088,-0.34999901056289673,-0.7177046537399292,0.0,-1.9499999253864349,0.19700005619322286,-0.4345159395690814,0.0
1759838853.2560666,1,-1.2050001621245956,-0.8299997448920943,-0.7177030444144975,0.0,-1.734999179840088,-0.34999901056289673,-0.7177046537399292,0.0,-1.9499999253864349,0.19700005619322286,-0.4345159395690814,0.0
1759838853.266329,1,-1.2050001621245956,-0.8299997448920943,-0.7177030444144975,0.0,-1.734999179840088,-0.34999901056289673,-0.7177046537399292,0.0,-1.9499999253864349,0.19700005619322286,-0.4345159395690814,0.0
1759838853.2776732,1,-1.2050001621245956,-0.8299997448920943,-0.7177030444144975,0.0,-1.734999179840088,-0.34999901056289673,-0.7177046537399292,0.0,-1.9499999253864349,0.19700005619322286,-0.4345159395690814,0.0
1759838853.2900286,1,-1.2050001621245956,-0.8299997448920943,-0.7177030444144975,0.0,-1.734999179840088,-0.34999901056289673,-0.7177046537399292,0.0,-1.9499999253864349,0.19700005619322286,-0.4345159395690814,0.0
1759838853.3014095,1,-1.2050001621245956,-0.8299997448920943,-0.7177030444144975,0.0,-1.734999179840088,-0.34999901056289673,-0.7177046537399292,0.0,-1.9499999253864349,0.19700005619322286,-0.4345159395690814,0.0
1759838853.312097,1,-1.2050001621245956,-0.8299997448920943,-0.7177030444144975,0.0,-1.734999179840088,-0.34999901056289673,-0.7177046537399292,0.0,-1.9499999253864349,0.19700005619322286,-0.4345159395690814,0.0
1759838853.3223264,1,-1.2050001621245956,-0.8299997448920943,-0.7177030444144975,0.0,-1.734999179840088,-0.34999901056289673,-0.7177046537399292,0.0,-1.9499999253864349,0.19700005619322286,-0.4345159395690814,0.0
1759838853.3334465,1,-1.2050001621245956,-0.8299997448920943,-0.7177030444144975,0.0,-1.734999179840088,-0.34999901056289673,-0.7177046537399292,0.0,-1.9499999253864349,0.19700005619322286,-0.4345159395690814,0.0
1759838853.3441348,1,-1.2050001621245956,-0.8299997448920943,-0.7177030444144975,0.0,-1.734999179840088,-0.34999901056289673,-0.7177046537399292,0.0,-1.9499999253864349,0.19700005619322286,-0.4345159395690814,0.0
1759838853.3542457,1,-1.2050001621245956,-0.8299997448920943,-0.7177030444144975,0.0,-1.734999179840088,-0.34999901056289673,-0.7177046537399292,0.0,-1.9499999253864349,0.19700005619322286,-0.4345159395690814,0.0
1759838853.365469,1,-1.2050001621245956,-0.8299997448920943,-0.7177030444144975,0.0,-1.734999179840088,-0.34999901056289673,-0.7177046537399292,0.0,-1.9499999253864349,0.19700005619322286,-0.4345159395690814,0.0
1759838853.3762152,1,-1.2050001621245956,-0.8299997448920943,-0.7177030444144975,0.0,-1.734999179840088,-0.34999901056289673,-0.7177046537399292,0.0,-1.9499999253864349,0.19700005619322286,-0.4345159395690814,0.0
1759838853.391505,1,-1.2050001621245956,-0.8299997448920943,-0.7177030444144975,0.0,-1.734999179840088,-0.34999901056289673,-0.7177046537399292,0.0,-1.9499999253864349,0.19700005619322286,-0.4345159395690814,0.0
1759838853.3993797,1,-1.2050001621245956,-0.8299997448920943,-0.7177030444144975,0.0,-1.734999179840088,-0.34999901056289673,-0.7177046537399292,0.0,-1.9499999253864349,0.19700005619322286,-0.4345159395690814,0.0
1759838853.409662,1,-1.2050001621245956,-0.8299997448920943,-0.7177030444144975,0.0,-1.734999179840088,-0.34999901056289673,-0.7177046537399292,0.0,-1.9499999253864349,0.19700005619322286,-0.4345159395690814,0.0
1759838853.420338,1,-1.2050001621245956,-0.8299997448920943,-0.7177030444144975,0.0,-1.734999179840088,-0.34999901056289673,-0.7177046537399292,0.0,-1.9499999253864349,0.19700005619322286,-0.4345159395690814,0.0
1759838853.4312234,1,-1.2050001621245956,-0.8299997448920943,-0.7177030444144975,0.0,-1.734999179840088,-0.34999901056289673,-0.7177046537399292,0.0,-1.9499999253864349,0.19700005619322286,-0.4345159395690814,0.0
1759838853.4426935,1,-1.2050001621245956,-0.8299997448920943,-0.7177030444144975,0.0,-1.734999179840088,-0.34999901056289673,-0.7177046537399292,0.0,-1.9499999253864349,0.19700005619322286,-0.4345159395690814,0.0
1759838853.4539115,1,-1.2050001621245956,-0.8299997448920943,-0.7177030444144975,0.0,-1.734999179840088,-0.34999901056289673,-0.7177046537399292,0.0,-1.9499999253864349,0.19700005619322286,-0.4345159395690814,0.0
1759838853.464966,1,-1.2050001621245956,-0.8299997448920943,-0.7177030444144975,0.0,-1.734999179840088,-0.34999901056289673,-0.7177046537399292,0.0,-1.9499999253864349,0.19700005619322286,-0.4345159395690814,0.0
1759838853.4764543,1,-1.2050001621245956,-0.8299997448920943,-0.7177030444144975,0.0,-1.734999179840088,-0.34999901056289673,-0.7177046537399292,0.0,-1.9499999253864349,0.19700005619322286,-0.4345159395690814,0.0
1759838853.486586,1,-1.2050001621245956,-0.8299997448920943,-0.7177030444144975,0.0,-1.734999179840088,-0.34999901056289673,-0.7177046537399292,0.0,-1.9499999253864349,0.19700005619322286,-0.4345159395690814,0.0
1759838853.4982307,1,-1.2050001621245956,-0.8299997448920943,-0.7177030444144975,0.0,-1.734999179840088,-0.34999901056289673,-0.7177046537399292,0.0,-1.9499999253864349,0.19700005619322286,-0.4345159395690814,0.0
1759838853.5087013,1,-1.2050001621245956,-0.8299997448920943,-0.7177030444144975,0.0,-1.734999179840088,-0.34999901056289673,-0.7177046537399292,0.0,-1.9499999253864349,0.19700005619322286,-0.4345159395690814,0.0
1759838853.5199587,1,-1.2050001621245956,-0.8299997448920943,-0.7177030444144975,0.0,-1.734999179840088,-0.34999901056289673,-0.7177046537399292,0.0,-1.9499999253864349,0.19700005619322286,-0.4345159395690814,0.0
1759838853.531328,1,-1.2050001621245956,-0.8299997448920943,-0.7177030444144975,0.0,-1.734999179840088,-0.34999901056289673,-0.7177046537399292,0.0,-1.9499999253864349,0.19700005619322286,-0.4345159395690814,0.0
1759838853.5425057,1,-1.2050001621245956,-0.8299997448920943,-0.7177030444144975,0.0,-1.734999179840088,-0.34999901056289673,-0.7177046537399292,0.0,-1.9499999253864349,0.19700005619322286,-0.4345159395690814,0.0
1759838853.5527513,1,-1.2050001621245956,-0.8299997448920943,-0.7177030444144975,0.0,-1.734999179840088,-0.34999901056289673,-0.7177046537399292,0.0,-1.9499999253864349,0.19700005619322286,-0.4345159395690814,0.0
1759838853.5630445,1,-1.2050001621245956,-0.8299997448920943,-0.7177030444144975,0.0,-1.734999179840088,-0.34999901056289673,-0.7177046537399292,0.0,-1.9499999253864349,0.19700005619322286,-0.4345159395690814,0.0
1759838853.5742,1,-1.2050001621245956,-0.8299997448920943,-0.7177030444144975,0.0,-1.734999179840088,-0.34999901056289673,-0.7177046537399292,0.0,-1.9499999253864349,0.19700005619322286,-0.4345159395690814,0.0
1759838853.584906,1,-1.2050001621245956,-0.8299997448920943,-0.7177030444144975,0.0,-1.734999179840088,-0.34999901056289673,-0.7177046537399292,0.0,-1.9499999253864349,0.19700005619322286,-0.4345159395690814,0.0
1759838853.6001887,1,-1.2050001621245956,-0.8299997448920943,-0.7177030444144975,0.0,-1.734999179840088,-0.34999901056289673,-0.7177046537399292,0.0,-1.9499999253864349,0.19700005619322286,-0.4345159395690814,0.0
1759838853.6088808,1,-1.2050001621245956,-0.8299997448920943,-0.7177030444144975,0.0,-1.734999179840088,-0.34999901056289673,-0.7177046537399292,0.0,-1.9499999253864349,0.19700005619322286,-0.4345159395690814,0.0
1759838853.619944,1,-1.2050001621245956,-0.8299997448920943,-0.7177030444144975,0.0,-1.734999179840088,-0.34999901056289673,-0.7177046537399292,0.0,-1.9499999253864349,0.19700005619322286,-0.4345159395690814,0.0
1759838853.6302388,1,-1.2050001621245956,-0.8299997448920943,-0.7177030444144975,0.0,-1.734999179840088,-0.34999901056289673,-0.7177046537399292,0.0,-1.9499999253864349,0.19700005619322286,-0.4345159395690814,0.0
1759838853.6413784,1,-1.2050001621245956,-0.8299997448920943,-0.7177030444144975,0.0,-1.734999179840088,-0.34999901056289673,-0.7177046537399292,0.0,-1.9499999253864349,0.19700005619322286,-0.4345159395690814,0.0
1759838853.6526582,1,-1.2050001621245956,-0.8299997448920943,-0.7177030444144975,0.0,-1.734999179840088,-0.34999901056289673,-0.7177046537399292,0.0,-1.9499999253864349,0.19700005619322286,-0.4345159395690814,0.0
1759838853.6630373,1,-1.2050001621245956,-0.8299997448920943,-0.7177030444144975,0.0,-1.734999179840088,-0.34999901056289673,-0.7177046537399292,0.0,-1.9499999253864349,0.19700005619322286,-0.4345159395690814,0.0
1759838853.6737936,1,-1.2050001621245956,-0.8299997448920943,-0.7177030444144975,0.0,-1.734999179840088,-0.34999901056289673,-0.7177046537399292,0.0,-1.9499999253864349,0.19700005619322286,-0.4345159395690814,0.0
1759838853.6850464,1,-1.2050001621245956,-0.8299997448920943,-0.7177030444144975,0.0,-1.734999179840088,-0.34999901056289673,-0.7177046537399292,0.0,-1.9499999253864349,0.19700005619322286,-0.4345159395690814,0.0
1759838853.6956823,1,-1.2050001621245956,-0.8299997448920943,-0.7177030444144975,0.0,-1.734999179840088,-0.34999901056289673,-0.7177046537399292,0.0,-1.9499999253864349,0.19700005619322286,-0.4345159395690814,0.0
1759838853.707058,1,-1.2050001621245956,-0.8299997448920943,-0.7177030444144975,0.0,-1.734999179840088,-0.34999901056289673,-0.7177046537399292,0.0,-1.9499999253864349,0.19700005619322286,-0.4345159395690814,0.0
1759838853.7182987,1,-1.2050001621245956,-0.8299997448920943,-0.7177030444144975,0.0,-1.734999179840088,-0.34999901056289673,-0.7177046537399292,0.0,-1.9499999253864349,0.19700005619322286,-0.4345159395690814,0.0
1759838853.7297385,1,-1.2050001621245956,-0.8299997448920943,-0.7177030444144975,0.0,-1.734999179840088,-0.34999901056289673,-0.7177046537399292,0.0,-1.9499999253864349,0.19700005619322286,-0.4345159395690814,0.0
1759838853.7411377,1,-1.2050001621245956,-0.8299997448920943,-0.7177030444144975,0.0,-1.734999179840088,-0.34999901056289673,-0.7177046537399292,0.0,-1.9499999253864349,0.19700005619322286,-0.4345159395690814,0.0
1759838853.7525027,1,-1.2050001621245956,-0.8299997448920943,-0.7177030444144975,0.0,-1.734999179840088,-0.34999901056289673,-0.7177046537399292,0.0,-1.9499999253864349,0.19700005619322286,-0.4345159395690814,0.0
1759838853.7637858,1,-1.2050001621245956,-0.8299997448920943,-0.7177030444144975,0.0,-1.734999179840088,-0.34999901056289673,-0.7177046537399292,0.0,-1.9499999253864349,0.19700005619322286,-0.4345159395690814,0.0
1759838853.7750146,1,-1.2050001621245956,-0.8299997448920943,-0.7177030444144975,0.0,-1.734999179840088,-0.34999901056289673,-0.7177046537399292,0.0,-1.9499999253864349,0.19700005619322286,-0.4345159395690814,0.0
1759838853.7859638,1,-1.2050001621245956,-0.8299997448920943,-0.7177030444144975,0.0,-1.734999179840088,-0.34999901056289673,-0.7177046537399292,0.0,-1.9499999253864349,0.19700005619322286,-0.4345159395690814,0.0
1759838853.8029258,1,-1.2050001621245956,-0.8299997448920943,-0.7177030444144975,0.0,-1.734999179840088,-0.34999901056289673,-0.7177046537399292,0.0,-1.9499999253864349,0.19700005619322286,-0.4345159395690814,0.0
1759838853.8107677,1,-1.2050001621245956,-0.8299997448920943,-0.7177030444144975,0.0,-1.734999179840088,-0.34999901056289673,-0.7177046537399292,0.0,-1.9499999253864349,0.19700005619322286,-0.4345159395690814,0.0
1759838853.8222744,1,-1.2050001621245956,-0.8299997448920943,-0.7177030444144975,0.0,-1.734999179840088,-0.34999901056289673,-0.7177046537399292,0.0,-1.9499999253864349,0.19700005619322286,-0.4345159395690814,0.0
1759838853.8324769,1,-1.2050001621245956,-0.8299997448920943,-0.7177030444144975,0.0,-1.734999179840088,-0.34999901056289673,-0.7177046537399292,0.0,-1.9499999253864349,0.19700005619322286,-0.4345159395690814,0.0
1759838853.8439374,1,-1.2050001621245956,-0.8299997448920943,-0.7177030444144975,0.0,-1.734999179840088,-0.34999901056289673,-0.7177046537399292,0.0,-1.9499999253864349,0.19700005619322286,-0.4345159395690814,0.0
1759838853.8547604,1,-1.2050001621245956,-0.8299997448920943,-0.7177030444144975,0.0,-1.734999179840088,-0.34999901056289673,-0.7177046537399292,0.0,-1.9499999253864349,0.19700005619322286,-0.4345159395690814,0.0
1759838853.8652294,1,-1.2050001621245956,-0.8299997448920943,-0.7177030444144975,0.0,-1.734999179840088,-0.34999901056289673,-0.7177046537399292,0.0,-1.9499999253864349,0.19700005619322286,-0.4345159395690814,0.0
1759838853.875999,1,-1.2050001621245956,-0.8299997448920943,-0.7177030444144975,0.0,-1.734999179840088,-0.34999901056289673,-0.7177046537399292,0.0,-1.9499999253864349,0.19700005619322286,-0.4345159395690814,0.0
1759838853.8867912,1,-1.2050001621245956,-0.8299997448920943,-0.7177030444144975,0.0,-1.734999179840088,-0.34999901056289673,-0.7177046537399292,0.0,-1.9499999253864349,0.19700005619322286,-0.4345159395690814,0.0
1759838853.8976262,1,-1.2050001621245956,-0.8299997448920943,-0.7177030444144975,0.0,-1.734999179840088,-0.34999901056289673,-0.7177046537399292,0.0,-1.9499999253864349,0.19700005619322286,-0.4345159395690814,0.0
1759838853.9089844,1,-1.2050001621245956,-0.8299997448920943,-0.7177030444144975,0.0,-1.734999179840088,-0.34999901056289673,-0.7177046537399292,0.0,-1.9499999253864349,0.19700005619322286,-0.4345159395690814,0.0
1759838853.9198587,1,-1.2050001621245956,-0.8299997448920943,-0.7177030444144975,0.0,-1.734999179840088,-0.34999901056289673,-0.7177046537399292,0.0,-1.9499999253864349,0.19700005619322286,-0.4345159395690814,0.0
1759838853.9318683,1,-1.2050001621245956,-0.8299997448920943,-0.7177030444144975,0.0,-1.734999179840088,-0.34999901056289673,-0.7177046537399292,0.0,-1.9499999253864349,0.19700005619322286,-0.4345159395690814,0.0
1759838853.944051,1,-1.2050001621245956,-0.8299997448920943,-0.7177030444144975,0.0,-1.734999179840088,-0.34999901056289673,-0.7177046537399292,0.0,-1.9499999253864349,0.19700005619322286,-0.4345159395690814,0.0
1759838853.954476,1,-1.2050001621245956,-0.8299997448920943,-0.7177030444144975,0.0,-1.734999179840088,-0.34999901056289673,-0.7177046537399292,0.0,-1.9499999253864349,0.19700005619322286,-0.4345159395690814,0.0
1759838853.9654224,1,-1.2050001621245956,-0.8299997448920943,-0.7177030444144975,0.0,-1.734999179840088,-0.34999901056289673,-0.7177046537399292,0.0,-1.9499999253864349,0.19700005619322286,-0.4345159395690814,0.0
1759838853.9758372,1,-1.2050001621245956,-0.8299997448920943,-0.7177030444144975,0.0,-1.734999179840088,-0.34999901056289673,-0.7177046537399292,0.0,-1.9499999253864349,0.19700005619322286,-0.4345159395690814,0.0
1759838853.9864926,1,-1.2050001621245956,-0.8299997448920943,-0.7177030444144975,0.0,-1.734999179840088,-0.34999901056289673,-0.7177046537399292,0.0,-1.9499999253864349,0.19700005619322286,-0.4345159395690814,0.0
1759838853.9976785,1,-1.2050001621245956,-0.8299997448920943,-0.7177030444144975,0.0,-1.734999179840088,-0.34999901056289673,-0.7177046537399292,0.0,-1.9499999253864349,0.19700005619322286,-0.4345159395690814,0.0
1759838854.0107927,1,-1.2050001621245956,-0.8299997448920943,-0.7177030444144975,0.0,-1.734999179840088,-0.34999901056289673,-0.7177046537399292,0.0,-1.9499999253864349,0.19700005619322286,-0.4345159395690814,0.0
1759838854.0215666,1,-1.2050001621245956,-0.8299997448920943,-0.7177030444144975,0.0,-1.734999179840088,-0.34999901056289673,-0.7177046537399292,0.0,-1.9499999253864349,0.19700005619322286,-0.4345159395690814,0.0
1759838854.0319211,1,-1.2050001621245956,-0.8299997448920943,-0.7177030444144975,0.0,-1.734999179840088,-0.34999901056289673,-0.7177046537399292,0.0,-1.9499999253864349,0.19700005619322286,-0.4345159395690814,0.0
1759838854.0426757,1,-1.2050001621245956,-0.8299997448920943,-0.7177030444144975,0.0,-1.734999179840088,-0.34999901056289673,-0.7177046537399292,0.0,-1.9499999253864349,0.19700005619322286,-0.4345159395690814,0.0
1759838854.052832,1,-1.2050001621245956,-0.8299997448920943,-0.7177030444144975,0.0,-1.734999179840088,-0.34999901056289673,-0.7177046537399292,0.0,-1.9499999253864349,0.19700005619322286,-0.4345159395690814,0.0
1759838854.0633729,1,-1.2050001621245956,-0.8299997448920943,-0.7177030444144975,0.0,-1.734999179840088,-0.34999901056289673,-0.7177046537399292,0.0,-1.9499999253864349,0.19700005619322286,-0.4345159395690814,0.0
1759838854.0738256,1,-1.2050001621245956,-0.8299997448920943,-0.7177030444144975,0.0,-1.734999179840088,-0.34999901056289673,-0.7177046537399292,0.0,-1.9499999253864349,0.19700005619322286,-0.4345159395690814,0.0
1759838854.0862794,1,-1.2050001621245956,-0.8299997448920943,-0.7177030444144975,0.0,-1.734999179840088,-0.34999901056289673,-0.7177046537399292,0.0,-1.9499999253864349,0.19700005619322286,-0.4345159395690814,0.0
1759838854.0977364,1,-1.2050001621245956,-0.8299997448920943,-0.7177030444144975,0.0,-1.734999179840088,-0.34999901056289673,-0.7177046537399292,0.0,-1.9499999253864349,0.19700005619322286,-0.4345159395690814,0.0
1759838854.1084347,1,-1.2050001621245956,-0.8299997448920943,-0.7177030444144975,0.0,-1.734999179840088,-0.34999901056289673,-0.7177046537399292,0.0,-1.9499999253864349,0.19700005619322286,-0.4345159395690814,0.0
1759838854.1188152,1,-1.2050001621245956,-0.8299997448920943,-0.7177030444144975,0.0,-1.734999179840088,-0.34999901056289673,-0.7177046537399292,0.0,-1.9499999253864349,0.19700005619322286,-0.4345159395690814,0.0
1759838854.1313505,1,-1.2050001621245956,-0.8299997448920943,-0.7177030444144975,0.0,-1.734999179840088,-0.34999901056289673,-0.7177046537399292,0.0,-1.9499999253864349,0.19700005619322286,-0.4345159395690814,0.0
1759838854.1421497,1,-1.2050001621245956,-0.8299997448920943,-0.7177030444144975,0.0,-1.734999179840088,-0.34999901056289673,-0.7177046537399292,0.0,-1.9499999253864349,0.19700005619322286,-0.4345159395690814,0.0
1759838854.1524832,1,-1.2050001621245956,-0.8299997448920943,-0.7177030444144975,0.0,-1.734999179840088,-0.34999901056289673,-0.7177046537399292,0.0,-1.9499999253864349,0.19700005619322286,-0.4345159395690814,0.0
1759838854.1629858,1,-1.2050001621245956,-0.8299997448920943,-0.7177030444144975,0.0,-1.734999179840088,-0.34999901056289673,-0.7177046537399292,0.0,-1.9499999253864349,0.19700005619322286,-0.4345159395690814,0.0
1759838854.1735861,1,-1.2050001621245956,-0.8299997448920943,-0.7177030444144975,0.0,-1.734999179840088,-0.34999901056289673,-0.7177046537399292,0.0,-1.9499999253864349,0.19700005619322286,-0.4345159395690814,0.0
1759838854.18373,1,-1.2050001621245956,-0.8299997448920943,-0.7177030444144975,0.0,-1.734999179840088,-0.34999901056289673,-0.7177046537399292,0.0,-1.9499999253864349,0.19700005619322286,-0.4345159395690814,0.0
1759838854.1948318,1,-1.2050001621245956,-0.8299997448920943,-0.7177030444144975,0.0,-1.734999179840088,-0.34999901056289673,-0.7177046537399292,0.0,-1.9499999253864349,0.19700005619322286,-0.4345159395690814,0.0
1759838854.2060516,1,-1.2050001621245956,-0.8299997448920943,-0.7177030444144975,0.0,-1.734999179840088,-0.34999901056289673,-0.7177046537399292,0.0,-1.9499999253864349,0.19700005619322286,-0.4345159395690814,0.0
1759838854.2166033,1,-1.2050001621245956,-0.8299997448920943,-0.7177030444144975,0.0,-1.734999179840088,-0.34999901056289673,-0.7177046537399292,0.0,-1.9499999253864349,0.19700005619322286,-0.4345159395690814,0.0
1759838854.2273242,1,-1.2050001621245956,-0.8299997448920943,-0.7177030444144975,0.0,-1.734999179840088,-0.34999901056289673,-0.7177046537399292,0.0,-1.9499999253864349,0.19700005619322286,-0.4345159395690814,0.0
1759838854.2377148,1,-1.2050001621245956,-0.8299997448920943,-0.7177030444144975,0.0,-1.734999179840088,-0.34999901056289673,-0.7177046537399292,0.0,-1.9499999253864349,0.19700005619322286,-0.4345159395690814,0.0
1759838854.2495806,1,-1.2050001621245956,-0.8299997448920943,-0.7177030444144975,0.0,-1.734999179840088,-0.34999901056289673,-0.7177046537399292,0.0,-1.9499999253864349,0.19700005619322286,-0.4345159395690814,0.0
1759838854.2632363,1,-1.2050001621245956,-0.8299997448920943,-0.7177030444144975,0.0,-1.734999179840088,-0.34999901056289673,-0.7177046537399292,0.0,-1.9499999253864349,0.19700005619322286,-0.4345159395690814,0.0
1759838854.2743108,1,-1.2050001621245956,-0.8299997448920943,-0.7177030444144975,0.0,-1.734999179840088,-0.34999901056289673,-0.7177046537399292,0.0,-1.9499999253864349,0.19700005619322286,-0.4345159395690814,0.0
1759838854.285654,1,-1.2050001621245956,-0.8299997448920943,-0.7177030444144975,0.0,-1.734999179840088,-0.34999901056289673,-0.7177046537399292,0.0,-1.9499999253864349,0.19700005619322286,-0.4345159395690814,0.0
1759838854.2994785,1,-1.2050001621245956,-0.8299997448920943,-0.7177030444144975,0.0,-1.734999179840088,-0.34999901056289673,-0.7177046537399292,0.0,-1.9499999253864349,0.19700005619322286,-0.4345159395690814,0.0
1759838854.3097172,1,-1.2050001621245956,-0.8299997448920943,-0.7177030444144975,0.0,-1.734999179840088,-0.34999901056289673,-0.7177046537399292,0.0,-1.9499999253864349,0.19700005619322286,-0.4345159395690814,0.0
1759838854.321847,1,-1.2050001621245956,-0.8299997448920943,-0.7177030444144975,0.0,-1.734999179840088,-0.34999901056289673,-0.7177046537399292,0.0,-1.9499999253864349,0.19700005619322286,-0.4345159395690814,0.0
1759838854.3333235,1,-1.2050001621245956,-0.8299997448920943,-0.7177030444144975,0.0,-1.734999179840088,-0.34999901056289673,-0.7177046537399292,0.0,-1.9499999253864349,0.19700005619322286,-0.4345159395690814,0.0
1759838854.3441355,1,-1.2050001621245956,-0.8299997448920943,-0.7177030444144975,0.0,-1.734999179840088,-0.34999901056289673,-0.7177046537399292,0.0,-1.9499999253864349,0.19700005619322286,-0.4345159395690814,0.0
1759838854.3562744,1,-1.2050001621245956,-0.8299997448920943,-0.7177030444144975,0.0,-1.734999179840088,-0.34999901056289673,-0.7177046537399292,0.0,-1.9499999253864349,0.19700005619322286,-0.4345159395690814,0.0
1759838854.366917,1,-1.2050001621245956,-0.8299997448920943,-0.7177030444144975,0.0,-1.734999179840088,-0.34999901056289673,-0.7177046537399292,0.0,-1.9499999253864349,0.19700005619322286,-0.4345159395690814,0.0
1759838854.3770137,1,-1.2050001621245956,-0.8299997448920943,-0.7177030444144975,0.0,-1.734999179840088,-0.34999901056289673,-0.7177046537399292,0.0,-1.9499999253864349,0.19700005619322286,-0.4345159395690814,0.0
1759838854.388881,1,-1.2050001621245956,-0.8299997448920943,-0.7177030444144975,0.0,-1.734999179840088,-0.34999901056289673,-0.7177046537399292,0.0,-1.9499999253864349,0.19700005619322286,-0.4345159395690814,0.0
1759838854.3994043,1,-1.2050001621245956,-0.8299997448920943,-0.7177030444144975,0.0,-1.734999179840088,-0.34999901056289673,-0.7177046537399292,0.0,-1.9499999253864349,0.19700005619322286,-0.4345159395690814,0.0
1759838854.4161298,1,-1.2050001621245956,-0.8299997448920943,-0.7177030444144975,0.0,-1.734999179840088,-0.34999901056289673,-0.7177046537399292,0.0,-1.9499999253864349,0.19700005619322286,-0.4345159395690814,0.0
1759838854.4264333,1,-1.2050001621245956,-0.8299997448920943,-0.7177030444144975,0.0,-1.734999179840088,-0.34999901056289673,-0.7177046537399292,0.0,-1.9499999253864349,0.19700005619322286,-0.4345159395690814,0.0
1759838854.4378533,1,-1.2050001621245956,-0.8299997448920943,-0.7177030444144975,0.0,-1.734999179840088,-0.34999901056289673,-0.7177046537399292,0.0,-1.9499999253864349,0.19700005619322286,-0.4345159395690814,0.0
1759838854.4496331,1,-1.2050001621245956,-0.8299997448920943,-0.7177030444144975,0.0,-1.734999179840088,-0.34999901056289673,-0.7177046537399292,0.0,-1.9499999253864349,0.19700005619322286,-0.4345159395690814,0.0
1759838854.4599583,1,-1.2050001621245956,-0.8299997448920943,-0.7177030444144975,0.0,-1.734999179840088,-0.34999901056289673,-0.7177046537399292,0.0,-1.9499999253864349,0.19700005619322286,-0.4345159395690814,0.0
1759838854.4713,1,-1.2050001621245956,-0.8299997448920943,-0.7177030444144975,0.0,-1.734999179840088,-0.34999901056289673,-0.7177046537399292,0.0,-1.9499999253864349,0.19700005619322286,-0.4345159395690814,0.0
1759838854.482521,1,-1.2050001621245956,-0.8299997448920943,-0.7177030444144975,0.0,-1.734999179840088,-0.34999901056289673,-0.7177046537399292,0.0,-1.9499999253864349,0.19700005619322286,-0.4345159395690814,0.0
1759838854.4947574,1,-1.2050001621245956,-0.8299997448920943,-0.7177030444144975,0.0,-1.734999179840088,-0.34999901056289673,-0.7177046537399292,0.0,-1.9499999253864349,0.19700005619322286,-0.4345159395690814,0.0
1759838854.5056005,1,-1.2050001621245956,-0.8299997448920943,-0.7177030444144975,0.0,-1.734999179840088,-0.34999901056289673,-0.7177046537399292,0.0,-1.9499999253864349,0.19700005619322286,-0.4345159395690814,0.0
1759838854.5168102,1,-1.2050001621245956,-0.8299997448920943,-0.7177030444144975,0.0,-1.734999179840088,-0.34999901056289673,-0.7177046537399292,0.0,-1.9499999253864349,0.19700005619322286,-0.4345159395690814,0.0
1759838854.5280359,1,-1.2050001621245956,-0.8299997448920943,-0.7177030444144975,0.0,-1.734999179840088,-0.34999901056289673,-0.7177046537399292,0.0,-1.9499999253864349,0.19700005619322286,-0.4345159395690814,0.0
1759838854.5418875,1,-1.2050001621245956,-0.8299997448920943,-0.7177030444144975,0.0,-1.734999179840088,-0.34999901056289673,-0.7177046537399292,0.0,-1.9499999253864349,0.19700005619322286,-0.4345159395690814,0.0
1759838854.5564594,1,-1.2050001621245956,-0.8299997448920943,-0.7177030444144975,0.0,-1.734999179840088,-0.34999901056289673,-0.7177046537399292,0.0,-1.9499999253864349,0.19700005619322286,-0.4345159395690814,0.0
1759838854.567842,1,-1.2050001621245956,-0.8299997448920943,-0.7177030444144975,0.0,-1.734999179840088,-0.34999901056289673,-0.7177046537399292,0.0,-1.9499999253864349,0.19700005619322286,-0.4345159395690814,0.0
1759838854.5837731,1,-1.2050001621245956,-0.8299997448920943,-0.7177030444144975,0.0,-1.734999179840088,-0.34999901056289673,-0.7177046537399292,0.0,-1.9499999253864349,0.19700005619322286,-0.4345159395690814,0.0
1759838854.593928,1,-1.2050001621245956,-0.8299997448920943,-0.7177030444144975,0.0,-1.734999179840088,-0.34999901056289673,-0.7177046537399292,0.0,-1.9499999253864349,0.19700005619322286,-0.4345159395690814,0.0
1759838854.6065054,1,-1.2050001621245956,-0.8299997448920943,-0.7177030444144975,0.0,-1.734999179840088,-0.34999901056289673,-0.7177046537399292,0.0,-1.9499999253864349,0.19700005619322286,-0.4345159395690814,0.0
1759838854.6191096,1,-1.2050001621245956,-0.8299997448920943,-0.7177030444144975,0.0,-1.734999179840088,-0.34999901056289673,-0.7177046537399292,0.0,-1.9499999253864349,0.19700005619322286,-0.4345159395690814,0.0
1759838854.6329927,1,-1.2050001621245956,-0.8299997448920943,-0.7177030444144975,0.0,-1.734999179840088,-0.34999901056289673,-0.7177046537399292,0.0,-1.9499999253864349,0.19700005619322286,-0.4345159395690814,0.0
1759838854.6483583,1,-1.2050001621245956,-0.8299997448920943,-0.7177030444144975,0.0,-1.734999179840088,-0.34999901056289673,-0.7177046537399292,0.0,-1.9499999253864349,0.19700005619322286,-0.4345159395690814,0.0
1759838854.6584883,1,-1.2050001621245956,-0.8299997448920943,-0.7177030444144975,0.0,-1.734999179840088,-0.34999901056289673,-0.7177046537399292,0.0,-1.9499999253864349,0.19700005619322286,-0.4345159395690814,0.0
1759838854.6719923,1,-1.2050001621245956,-0.8299997448920943,-0.7177030444144975,0.0,-1.734999179840088,-0.34999901056289673,-0.7177046537399292,0.0,-1.9499999253864349,0.19700005619322286,-0.4345159395690814,0.0
1759838854.6832852,1,-1.2050001621245956,-0.8299997448920943,-0.7177030444144975,0.0,-1.734999179840088,-0.34999901056289673,-0.7177046537399292,0.0,-1.9499999253864349,0.19700005619322286,-0.4345159395690814,0.0
1759838854.6950102,1,-1.2050001621245956,-0.8299997448920943,-0.7177030444144975,0.0,-1.734999179840088,-0.34999901056289673,-0.7177046537399292,0.0,-1.9499999253864349,0.19700005619322286,-0.4345159395690814,0.0
1759838854.705283,1,-1.2050001621245956,-0.8299997448920943,-0.7177030444144975,0.0,-1.734999179840088,-0.34999901056289673,-0.7177046537399292,0.0,-1.9499999253864349,0.19700005619322286,-0.4345159395690814,0.0
1759838854.7193778,1,-1.2050001621245956,-0.8299997448920943,-0.7177030444144975,0.0,-1.734999179840088,-0.34999901056289673,-0.7177046537399292,0.0,-1.9499999253864349,0.19700005619322286,-0.4345159395690814,0.0
1759838854.7353017,1,-1.2050001621245956,-0.8299997448920943,-0.7177030444144975,0.0,-1.734999179840088,-0.34999901056289673,-0.7177046537399292,0.0,-1.9499999253864349,0.19700005619322286,-0.4345159395690814,0.0
1759838854.7457051,1,-1.2050001621245956,-0.8299997448920943,-0.7177030444144975,0.0,-1.734999179840088,-0.34999901056289673,-0.7177046537399292,0.0,-1.9499999253864349,0.19700005619322286,-0.4345159395690814,0.0
1759838854.7571957,1,-1.2050001621245956,-0.8299997448920943,-0.7177030444144975,0.0,-1.734999179840088,-0.34999901056289673,-0.7177046537399292,0.0,-1.9499999253864349,0.19700005619322286,-0.4345159395690814,0.0
1759838854.768451,1,-1.2050001621245956,-0.8299997448920943,-0.7177030444144975,0.0,-1.734999179840088,-0.34999901056289673,-0.7177046537399292,0.0,-1.9499999253864349,0.19700005619322286,-0.4345159395690814,0.0
1759838854.7820709,1,-1.2050001621245956,-0.8299997448920943,-0.7177030444144975,0.0,-1.734999179840088,-0.34999901056289673,-0.7177046537399292,0.0,-1.9499999253864349,0.19700005619322286,-0.4345159395690814,0.0
1759838854.7933805,1,-1.2050001621245956,-0.8299997448920943,-0.7177030444144975,0.0,-1.734999179840088,-0.34999901056289673,-0.7177046537399292,0.0,-1.9499999253864349,0.19700005619322286,-0.4345159395690814,0.0
1759838854.804195,1,-1.2050001621245956,-0.8299997448920943,-0.7177030444144975,0.0,-1.734999179840088,-0.34999901056289673,-0.7177046537399292,0.0,-1.9499999253864349,0.19700005619322286,-0.4345159395690814,0.0
1759838854.8191063,1,-1.2050001621245956,-0.8299997448920943,-0.7177030444144975,0.0,-1.734999179840088,-0.34999901056289673,-0.7177046537399292,0.0,-1.9499999253864349,0.19700005619322286,-0.4345159395690814,0.0
1759838854.8293188,1,-1.2050001621245956,-0.8299997448920943,-0.7177030444144975,0.0,-1.734999179840088,-0.34999901056289673,-0.7177046537399292,0.0,-1.9499999253864349,0.19700005619322286,-0.4345159395690814,0.0
1759838854.8422966,1,-1.2050001621245956,-0.8299997448920943,-0.7177030444144975,0.0,-1.734999179840088,-0.34999901056289673,-0.7177046537399292,0.0,-1.9499999253864349,0.19700005619322286,-0.4345159395690814,0.0
1759838854.852836,1,-1.2050001621245956,-0.8299997448920943,-0.7177030444144975,0.0,-1.734999179840088,-0.34999901056289673,-0.7177046537399292,0.0,-1.9499999253864349,0.19700005619322286,-0.4345159395690814,0.0
1759838854.8667707,1,-1.2050001621245956,-0.8299997448920943,-0.7177030444144975,0.0,-1.734999179840088,-0.34999901056289673,-0.7177046537399292,0.0,-1.9499999253864349,0.19700005619322286,-0.4345159395690814,0.0
1759838854.8774319,1,-1.2050001621245956,-0.8299997448920943,-0.7177030444144975,0.0,-1.734999179840088,-0.34999901056289673,-0.7177046537399292,0.0,-1.9499999253864349,0.19700005619322286,-0.4345159395690814,0.0
1759838854.8892558,1,-1.2050001621245956,-0.8299997448920943,-0.7177030444144975,0.0,-1.734999179840088,-0.34999901056289673,-0.7177046537399292,0.0,-1.9499999253864349,0.19700005619322286,-0.4345159395690814,0.0
1759838854.899872,1,-1.2050001621245956,-0.8299997448920943,-0.7177030444144975,0.0,-1.734999179840088,-0.34999901056289673,-0.7177046537399292,0.0,-1.9499999253864349,0.19700005619322286,-0.4345159395690814,0.0
1759838854.912208,1,-1.2050001621245956,-0.8299997448920943,-0.7177030444144975,0.0,-1.734999179840088,-0.34999901056289673,-0.7177046537399292,0.0,-1.9499999253864349,0.19700005619322286,-0.4345159395690814,0.0
1759838854.9226334,1,-1.2050001621245956,-0.8299997448920943,-0.7177030444144975,0.0,-1.734999179840088,-0.34999901056289673,-0.7177046537399292,0.0,-1.9499999253864349,0.19700005619322286,-0.4345159395690814,0.0
1759838854.939292,1,-1.2050001621245956,-0.8299997448920943,-0.7177030444144975,0.0,-1.734999179840088,-0.34999901056289673,-0.7177046537399292,0.0,-1.9499999253864349,0.19700005619322286,-0.4345159395690814,0.0
1759838854.9504704,1,-1.2050001621245956,-0.8299997448920943,-0.7177030444144975,0.0,-1.734999179840088,-0.34999901056289673,-0.7177046537399292,0.0,-1.9499999253864349,0.19700005619322286,-0.4345159395690814,0.0
1759838854.9646735,1,-1.2050001621245956,-0.8299997448920943,-0.7177030444144975,0.0,-1.734999179840088,-0.34999901056289673,-0.7177046537399292,0.0,-1.9499999253864349,0.19700005619322286,-0.4345159395690814,0.0
1759838854.9748378,1,-1.2050001621245956,-0.8299997448920943,-0.7177030444144975,0.0,-1.734999179840088,-0.34999901056289673,-0.7177046537399292,0.0,-1.9499999253864349,0.19700005619322286,-0.4345159395690814,0.0
1759838854.9855309,1,-1.2050001621245956,-0.8299997448920943,-0.7177030444144975,0.0,-1.734999179840088,-0.34999901056289673,-0.7177046537399292,0.0,-1.9499999253864349,0.19700005619322286,-0.4345159395690814,0.0
1759838854.9962935,1,-1.2050001621245956,-0.8299997448920943,-0.7177030444144975,0.0,-1.734999179840088,-0.34999901056289673,-0.7177046537399292,0.0,-1.9499999253864349,0.19700005619322286,-0.4345159395690814,0.0
1759838855.0069916,1,-1.2050001621245956,-0.8299997448920943,-0.7177030444144975,0.0,-1.734999179840088,-0.34999901056289673,-0.7177046537399292,0.0,-1.9499999253864349,0.19700005619322286,-0.4345159395690814,0.0
1759838855.0296278,1,-1.2050001621245956,-0.8299997448920943,-0.7177030444144975,0.0,-1.734999179840088,-0.34999901056289673,-0.7177046537399292,0.0,-1.9499999253864349,0.19700005619322286,-0.4345159395690814,0.0
1759838855.0394516,1,-1.2050001621245956,-0.8299997448920943,-0.7177030444144975,0.0,-1.734999179840088,-0.34999901056289673,-0.7177046537399292,0.0,-1.9499999253864349,0.19700005619322286,-0.4345159395690814,0.0
1759838855.0499573,1,-1.2050001621245956,-0.8299997448920943,-0.7177030444144975,0.0,-1.734999179840088,-0.34999901056289673,-0.7177046537399292,0.0,-1.9499999253864349,0.19700005619322286,-0.4345159395690814,0.0
1759838855.0614042,1,-1.2050001621245956,-0.8299997448920943,-0.7177030444144975,0.0,-1.734999179840088,-0.34999901056289673,-0.7177046537399292,0.0,-1.9499999253864349,0.19700005619322286,-0.4345159395690814,0.0
1759838855.0754018,1,-1.2050001621245956,-0.8299997448920943,-0.7177030444144975,0.0,-1.734999179840088,-0.34999901056289673,-0.7177046537399292,0.0,-1.9499999253864349,0.19700005619322286,-0.4345159395690814,0.0
1759838855.0864756,1,-1.2050001621245956,-0.8299997448920943,-0.7177030444144975,0.0,-1.734999179840088,-0.34999901056289673,-0.7177046537399292,0.0,-1.9499999253864349,0.19700005619322286,-0.4345159395690814,0.0
1759838855.102259,1,-1.2050001621245956,-0.8299997448920943,-0.7177030444144975,0.0,-1.734999179840088,-0.34999901056289673,-0.7177046537399292,0.0,-1.9499999253864349,0.19700005619322286,-0.4345159395690814,0.0
1759838855.1132715,1,-1.2050001621245956,-0.8299997448920943,-0.7177030444144975,0.0,-1.734999179840088,-0.34999901056289673,-0.7177046537399292,0.0,-1.9499999253864349,0.19700005619322286,-0.4345159395690814,0.0
1759838855.1291764,1,-1.2050001621245956,-0.8299997448920943,-0.7177030444144975,0.0,-1.734999179840088,-0.34999901056289673,-0.7177046537399292,0.0,-1.9499999253864349,0.19700005619322286,-0.4345159395690814,0.0
1759838855.1399775,1,-1.2050001621245956,-0.8299997448920943,-0.7177030444144975,0.0,-1.734999179840088,-0.34999901056289673,-0.7177046537399292,0.0,-1.9499999253864349,0.19700005619322286,-0.4345159395690814,0.0
1759838855.1536653,1,-1.2050001621245956,-0.8299997448920943,-0.7177030444144975,0.0,-1.734999179840088,-0.34999901056289673,-0.7177046537399292,0.0,-1.9499999253864349,0.19700005619322286,-0.4345159395690814,0.0
1759838855.1642501,1,-1.2050001621245956,-0.8299997448920943,-0.7177030444144975,0.0,-1.734999179840088,-0.34999901056289673,-0.7177046537399292,0.0,-1.9499999253864349,0.19700005619322286,-0.4345159395690814,0.0
1759838855.1789832,1,-1.2050001621245956,-0.8299997448920943,-0.7177030444144975,0.0,-1.734999179840088,-0.34999901056289673,-0.7177046537399292,0.0,-1.9499999253864349,0.19700005619322286,-0.4345159395690814,0.0
1759838855.1946301,1,-1.2050001621245956,-0.8299997448920943,-0.7177030444144975,0.0,-1.734999179840088,-0.34999901056289673,-0.7177046537399292,0.0,-1.9499999253864349,0.19700005619322286,-0.4345159395690814,0.0
1759838855.2057543,1,-1.2050001621245956,-0.8299997448920943,-0.7177030444144975,0.0,-1.734999179840088,-0.34999901056289673,-0.7177046537399292,0.0,-1.9499999253864349,0.19700005619322286,-0.4345159395690814,0.0
1759838855.2195258,1,-1.2050001621245956,-0.8299997448920943,-0.7177030444144975,0.0,-1.734999179840088,-0.34999901056289673,-0.7177046537399292,0.0,-1.9499999253864349,0.19700005619322286,-0.4345159395690814,0.0
1759838855.2435207,1,-1.2050001621245956,-0.8299997448920943,-0.7177030444144975,0.0,-1.734999179840088,-0.34999901056289673,-0.7177046537399292,0.0,-1.9499999253864349,0.19700005619322286,-0.4345159395690814,0.0
1759838855.2541473,1,-1.2050001621245956,-0.8299997448920943,-0.7177030444144975,0.0,-1.734999179840088,-0.34999901056289673,-0.7177046537399292,0.0,-1.9499999253864349,0.19700005619322286,-0.4345159395690814,0.0
1759838855.265541,1,-1.2050001621245956,-0.8299997448920943,-0.7177030444144975,0.0,-1.734999179840088,-0.34999901056289673,-0.7177046537399292,0.0,-1.9499999253864349,0.19700005619322286,-0.4345159395690814,0.0
1759838855.2803757,1,-1.2050001621245956,-0.8299997448920943,-0.7177030444144975,0.0,-1.734999179840088,-0.34999901056289673,-0.7177046537399292,0.0,-1.9499999253864349,0.19700005619322286,-0.4345159395690814,0.0
1759838855.290846,1,-1.2050001621245956,-0.8299997448920943,-0.7177030444144975,0.0,-1.734999179840088,-0.34999901056289673,-0.7177046537399292,0.0,-1.9499999253864349,0.19700005619322286,-0.4345159395690814,0.0
1759838855.3018882,1,-1.2050001621245956,-0.8299997448920943,-0.7177030444144975,0.0,-1.734999179840088,-0.34999901056289673,-0.7177046537399292,0.0,-1.9499999253864349,0.19700005619322286,-0.4345159395690814,0.0
1759838855.3144693,1,-1.2050001621245956,-0.8299997448920943,-0.7177030444144975,0.0,-1.734999179840088,-0.34999901056289673,-0.7177046537399292,0.0,-1.9499999253864349,0.19700005619322286,-0.4345159395690814,0.0
1759838855.3262708,1,-1.2050001621245956,-0.8299997448920943,-0.7177030444144975,0.0,-1.734999179840088,-0.34999901056289673,-0.7177046537399292,0.0,-1.9499999253864349,0.19700005619322286,-0.4345159395690814,0.0
1759838855.3377788,1,-1.2050001621245956,-0.8299997448920943,-0.7177030444144975,0.0,-1.734999179840088,-0.34999901056289673,-0.7177046537399292,0.0,-1.9499999253864349,0.19700005619322286,-0.4345159395690814,0.0
1759838855.3491707,1,-1.2050001621245956,-0.8299997448920943,-0.7177030444144975,0.0,-1.734999179840088,-0.34999901056289673,-0.7177046537399292,0.0,-1.9499999253864349,0.19700005619322286,-0.4345159395690814,0.0
1759838855.3599067,1,-1.2050001621245956,-0.8299997448920943,-0.7177030444144975,0.0,-1.734999179840088,-0.34999901056289673,-0.7177046537399292,0.0,-1.9499999253864349,0.19700005619322286,-0.4345159395690814,0.0
1759838855.3706844,1,-1.2050001621245956,-0.8299997448920943,-0.7177030444144975,0.0,-1.734999179840088,-0.34999901056289673,-0.7177046537399292,0.0,-1.9499999253864349,0.19700005619322286,-0.4345159395690814,0.0
1759838855.3825266,1,-1.2050001621245956,-0.8299997448920943,-0.7177030444144975,0.0,-1.734999179840088,-0.34999901056289673,-0.7177046537399292,0.0,-1.9499999253864349,0.19700005619322286,-0.4345159395690814,0.0
1759838855.393138,1,-1.2050001621245956,-0.8299997448920943,-0.7177030444144975,0.0,-1.734999179840088,-0.34999901056289673,-0.7177046537399292,0.0,-1.9499999253864349,0.19700005619322286,-0.4345159395690814,0.0
1759838855.4038692,1,-1.2050001621245956,-0.8299997448920943,-0.7177030444144975,0.0,-1.734999179840088,-0.34999901056289673,-0.7177046537399292,0.0,-1.9499999253864349,0.19700005619322286,-0.4345159395690814,0.0
1759838855.4144514,1,-1.2050001621245956,-0.8299997448920943,-0.7177030444144975,0.0,-1.734999179840088,-0.34999901056289673,-0.7177046537399292,0.0,-1.9499999253864349,0.19700005619322286,-0.4345159395690814,0.0
1759838855.4271486,1,-1.2050001621245956,-0.8299997448920943,-0.7177030444144975,0.0,-1.734999179840088,-0.34999901056289673,-0.7177046537399292,0.0,-1.9499999253864349,0.19700005619322286,-0.4345159395690814,0.0
1759838855.4424558,1,-1.2050001621245956,-0.8299997448920943,-0.7177030444144975,0.0,-1.734999179840088,-0.34999901056289673,-0.7177046537399292,0.0,-1.9499999253864349,0.19700005619322286,-0.4345159395690814,0.0
1759838855.4531775,1,-1.2050001621245956,-0.8299997448920943,-0.7177030444144975,0.0,-1.734999179840088,-0.34999901056289673,-0.7177046537399292,0.0,-1.9499999253864349,0.19700005619322286,-0.4345159395690814,0.0
1759838855.4651842,1,-1.2050001621245956,-0.8299997448920943,-0.7177030444144975,0.0,-1.734999179840088,-0.34999901056289673,-0.7177046537399292,0.0,-1.9499999253864349,0.19700005619322286,-0.4345159395690814,0.0
1759838855.4754934,1,-1.2050001621245956,-0.8299997448920943,-0.7177030444144975,0.0,-1.734999179840088,-0.34999901056289673,-0.7177046537399292,0.0,-1.9499999253864349,0.19700005619322286,-0.4345159395690814,0.0
1759838855.4870465,1,-1.2050001621245956,-0.8299997448920943,-0.7177030444144975,0.0,-1.734999179840088,-0.34999901056289673,-0.7177046537399292,0.0,-1.9499999253864349,0.19700005619322286,-0.4345159395690814,0.0
1759838855.4983473,1,-1.2050001621245956,-0.8299997448920943,-0.7177030444144975,0.0,-1.734999179840088,-0.34999901056289673,-0.7177046537399292,0.0,-1.9499999253864349,0.19700005619322286,-0.4345159395690814,0.0
1759838855.5084624,1,-1.2050001621245956,-0.8299997448920943,-0.7177030444144975,0.0,-1.734999179840088,-0.34999901056289673,-0.7177046537399292,0.0,-1.9499999253864349,0.19700005619322286,-0.4345159395690814,0.0
1759838855.519916,1,-1.2050001621245956,-0.8299997448920943,-0.7177030444144975,0.0,-1.734999179840088,-0.34999901056289673,-0.7177046537399292,0.0,-1.9499999253864349,0.19700005619322286,-0.4345159395690814,0.0
1759838855.5318115,1,-1.2050001621245956,-0.8299997448920943,-0.7177030444144975,0.0,-1.734999179840088,-0.34999901056289673,-0.7177046537399292,0.0,-1.9499999253864349,0.19700005619322286,-0.4345159395690814,0.0
1759838855.542671,1,-1.2050001621245956,-0.8299997448920943,-0.7177030444144975,0.0,-1.734999179840088,-0.34999901056289673,-0.7177046537399292,0.0,-1.9499999253864349,0.19700005619322286,-0.4345159395690814,0.0
1759838855.5538936,1,-1.2050001621245956,-0.8299997448920943,-0.7177030444144975,0.0,-1.734999179840088,-0.34999901056289673,-0.7177046537399292,0.0,-1.9499999253864349,0.19700005619322286,-0.4345159395690814,0.0
1759838855.5682893,1,-1.2050001621245956,-0.8299997448920943,-0.7177030444144975,0.0,-1.734999179840088,-0.34999901056289673,-0.7177046537399292,0.0,-1.9499999253864349,0.19700005619322286,-0.4345159395690814,0.0
1759838855.5791287,1,-1.2050001621245956,-0.8299997448920943,-0.7177030444144975,0.0,-1.734999179840088,-0.34999901056289673,-0.7177046537399292,0.0,-1.9499999253864349,0.19700005619322286,-0.4345159395690814,0.0
1759838855.5915875,1,-1.2050001621245956,-0.8299997448920943,-0.7177030444144975,0.0,-1.734999179840088,-0.34999901056289673,-0.7177046537399292,0.0,-1.9499999253864349,0.19700005619322286,-0.4345159395690814,0.0
1759838855.6024427,1,-1.2050001621245956,-0.8299997448920943,-0.7177030444144975,0.0,-1.734999179840088,-0.34999901056289673,-0.7177046537399292,0.0,-1.9499999253864349,0.19700005619322286,-0.4345159395690814,0.0
1759838855.6157055,1,-1.2050001621245956,-0.8299997448920943,-0.7177030444144975,0.0,-1.734999179840088,-0.34999901056289673,-0.7177046537399292,0.0,-1.9499999253864349,0.19700005619322286,-0.4345159395690814,0.0
1759838855.6264317,1,-1.2050001621245956,-0.8299997448920943,-0.7177030444144975,0.0,-1.734999179840088,-0.34999901056289673,-0.7177046537399292,0.0,-1.9499999253864349,0.19700005619322286,-0.4345159395690814,0.0
1759838855.6436498,1,-1.2050001621245956,-0.8299997448920943,-0.7177030444144975,0.0,-1.734999179840088,-0.34999901056289673,-0.7177046537399292,0.0,-1.9499999253864349,0.19700005619322286,-0.4345159395690814,0.0
1759838855.6541934,1,-1.2050001621245956,-0.8299997448920943,-0.7177030444144975,0.0,-1.734999179840088,-0.34999901056289673,-0.7177046537399292,0.0,-1.9499999253864349,0.19700005619322286,-0.4345159395690814,0.0
1759838855.6651163,1,-1.2050001621245956,-0.8299997448920943,-0.7177030444144975,0.0,-1.734999179840088,-0.34999901056289673,-0.7177046537399292,0.0,-1.9499999253864349,0.19700005619322286,-0.4345159395690814,0.0
1759838855.6755567,1,-1.2050001621245956,-0.8299997448920943,-0.7177030444144975,0.0,-1.734999179840088,-0.34999901056289673,-0.7177046537399292,0.0,-1.9499999253864349,0.19700005619322286,-0.4345159395690814,0.0
1759838855.6863534,1,-1.2050001621245956,-0.8299997448920943,-0.7177030444144975,0.0,-1.734999179840088,-0.34999901056289673,-0.7177046537399292,0.0,-1.9499999253864349,0.19700005619322286,-0.4345159395690814,0.0
1759838855.6992364,1,-1.2050001621245956,-0.8299997448920943,-0.7177030444144975,0.0,-1.734999179840088,-0.34999901056289673,-0.7177046537399292,0.0,-1.9499999253864349,0.19700005619322286,-0.4345159395690814,0.0
1759838855.710047,1,-1.2050001621245956,-0.8299997448920943,-0.7177030444144975,0.0,-1.734999179840088,-0.34999901056289673,-0.7177046537399292,0.0,-1.9499999253864349,0.19700005619322286,-0.4345159395690814,0.0
1759838855.7208252,1,-1.2050001621245956,-0.8299997448920943,-0.7177030444144975,0.0,-1.734999179840088,-0.34999901056289673,-0.7177046537399292,0.0,-1.9499999253864349,0.19700005619322286,-0.4345159395690814,0.0
1759838855.7321222,1,-1.2050001621245956,-0.8299997448920943,-0.7177030444144975,0.0,-1.734999179840088,-0.34999901056289673,-0.7177046537399292,0.0,-1.9499999253864349,0.19700005619322286,-0.4345159395690814,0.0
1759838855.743375,1,-1.2050001621245956,-0.8299997448920943,-0.7177030444144975,0.0,-1.734999179840088,-0.34999901056289673,-0.7177046537399292,0.0,-1.9499999253864349,0.19700005619322286,-0.4345159395690814,0.0
1759838855.7545626,1,-1.2050001621245956,-0.8299997448920943,-0.7177030444144975,0.0,-1.734999179840088,-0.34999901056289673,-0.7177046537399292,0.0,-1.9499999253864349,0.19700005619322286,-0.4345159395690814,0.0
1759838855.7647426,1,-1.2050001621245956,-0.8299997448920943,-0.7177030444144975,0.0,-1.734999179840088,-0.34999901056289673,-0.7177046537399292,0.0,-1.9499999253864349,0.19700005619322286,-0.4345159395690814,0.0
1759838855.776243,1,-1.2050001621245956,-0.8299997448920943,-0.7177030444144975,0.0,-1.734999179840088,-0.34999901056289673,-0.7177046537399292,0.0,-1.9499999253864349,0.19700005619322286,-0.4345159395690814,0.0
1759838855.7884183,1,-1.2050001621245956,-0.8299997448920943,-0.7177030444144975,0.0,-1.734999179840088,-0.34999901056289673,-0.7177046537399292,0.0,-1.9499999253864349,0.19700005619322286,-0.4345159395690814,0.0
1759838855.799536,1,-1.2050001621245956,-0.8299997448920943,-0.7177030444144975,0.0,-1.734999179840088,-0.34999901056289673,-0.7177046537399292,0.0,-1.9499999253864349,0.19700005619322286,-0.4345159395690814,0.0
1759838855.8107512,1,-1.2050001621245956,-0.8299997448920943,-0.7177030444144975,0.0,-1.734999179840088,-0.34999901056289673,-0.7177046537399292,0.0,-1.9499999253864349,0.19700005619322286,-0.4345159395690814,0.0
1759838855.8214984,1,-1.2050001621245956,-0.8299997448920943,-0.7177030444144975,0.0,-1.734999179840088,-0.34999901056289673,-0.7177046537399292,0.0,-1.9499999253864349,0.19700005619322286,-0.4345159395690814,0.0
1759838855.8337264,1,-1.2050001621245956,-0.8299997448920943,-0.7177030444144975,0.0,-1.734999179840088,-0.34999901056289673,-0.7177046537399292,0.0,-1.9499999253864349,0.19700005619322286,-0.4345159395690814,0.0
1759838855.8492439,1,-1.2050001621245956,-0.8299997448920943,-0.7177030444144975,0.0,-1.734999179840088,-0.34999901056289673,-0.7177046537399292,0.0,-1.9499999253864349,0.19700005619322286,-0.4345159395690814,0.0
1759838855.8591855,1,-1.2050001621245956,-0.8299997448920943,-0.7177030444144975,0.0,-1.734999179840088,-0.34999901056289673,-0.7177046537399292,0.0,-1.9499999253864349,0.19700005619322286,-0.4345159395690814,0.0
1759838855.8694232,1,-1.2050001621245956,-0.8299997448920943,-0.7177030444144975,0.0,-1.734999179840088,-0.34999901056289673,-0.7177046537399292,0.0,-1.9499999253864349,0.19700005619322286,-0.4345159395690814,0.0
1759838855.8816788,1,-1.2050001621245956,-0.8299997448920943,-0.7177030444144975,0.0,-1.734999179840088,-0.34999901056289673,-0.7177046537399292,0.0,-1.9499999253864349,0.19700005619322286,-0.4345159395690814,0.0
1759838855.8931382,1,-1.2050001621245956,-0.8299997448920943,-0.7177030444144975,0.0,-1.734999179840088,-0.34999901056289673,-0.7177046537399292,0.0,-1.9499999253864349,0.19700005619322286,-0.4345159395690814,0.0
1759838855.906958,1,-1.2050001621245956,-0.8299997448920943,-0.7177030444144975,0.0,-1.734999179840088,-0.34999901056289673,-0.7177046537399292,0.0,-1.9499999253864349,0.19700005619322286,-0.4345159395690814,0.0
1759838855.9177446,1,-1.2050001621245956,-0.8299997448920943,-0.7177030444144975,0.0,-1.734999179840088,-0.34999901056289673,-0.7177046537399292,0.0,-1.9499999253864349,0.19700005619322286,-0.4345159395690814,0.0
1759838855.9299793,1,-1.2050001621245956,-0.8299997448920943,-0.7177030444144975,0.0,-1.734999179840088,-0.34999901056289673,-0.7177046537399292,0.0,-1.9499999253864349,0.19700005619322286,-0.4345159395690814,0.0
1759838855.9403305,1,-1.2050001621245956,-0.8299997448920943,-0.7177030444144975,0.0,-1.734999179840088,-0.34999901056289673,-0.7177046537399292,0.0,-1.9499999253864349,0.19700005619322286,-0.4345159395690814,0.0
1759838855.9537013,1,-1.2050001621245956,-0.8299997448920943,-0.7177030444144975,0.0,-1.734999179840088,-0.34999901056289673,-0.7177046537399292,0.0,-1.9499999253864349,0.19700005619322286,-0.4345159395690814,0.0
1759838855.9642797,1,-1.2050001621245956,-0.8299997448920943,-0.7177030444144975,0.0,-1.734999179840088,-0.34999901056289673,-0.7177046537399292,0.0,-1.9499999253864349,0.19700005619322286,-0.4345159395690814,0.0
1759838855.9772918,1,-1.2050001621245956,-0.8299997448920943,-0.7177030444144975,0.0,-1.734999179840088,-0.34999901056289673,-0.7177046537399292,0.0,-1.9499999253864349,0.19700005619322286,-0.4345159395690814,0.0
1759838855.988434,1,-1.2050001621245956,-0.8299997448920943,-0.7177030444144975,0.0,-1.734999179840088,-0.34999901056289673,-0.7177046537399292,0.0,-1.9499999253864349,0.19700005619322286,-0.4345159395690814,0.0
1759838855.9998903,1,-1.2050001621245956,-0.8299997448920943,-0.7177030444144975,0.0,-1.734999179840088,-0.34999901056289673,-0.7177046537399292,0.0,-1.9499999253864349,0.19700005619322286,-0.4345159395690814,0.0
1759838856.0104017,1,-1.2050001621245956,-0.8299997448920943,-0.7177030444144975,0.0,-1.734999179840088,-0.34999901056289673,-0.7177046537399292,0.0,-1.9499999253864349,0.19700005619322286,-0.4345159395690814,0.0
1759838856.0206153,1,-1.2050001621245956,-0.8299997448920943,-0.7177030444144975,0.0,-1.734999179840088,-0.34999901056289673,-0.7177046537399292,0.0,-1.9499999253864349,0.19700005619322286,-0.4345159395690814,0.0
1759838856.0349846,1,-1.2050001621245956,-0.8299997448920943,-0.7177030444144975,0.0,-1.734999179840088,-0.34999901056289673,-0.7177046537399292,0.0,-1.9499999253864349,0.19700005619322286,-0.4345159395690814,0.0
1759838856.049295,1,-1.2050001621245956,-0.8299997448920943,-0.7177030444144975,0.0,-1.734999179840088,-0.34999901056289673,-0.7177046537399292,0.0,-1.9499999253864349,0.19700005619322286,-0.4345159395690814,0.0
1759838856.0605526,1,-1.2050001621245956,-0.8299997448920943,-0.7177030444144975,0.0,-1.734999179840088,-0.34999901056289673,-0.7177046537399292,0.0,-1.9499999253864349,0.19700005619322286,-0.4345159395690814,0.0
1759838856.0707493,1,-1.2050001621245956,-0.8299997448920943,-0.7177030444144975,0.0,-1.734999179840088,-0.34999901056289673,-0.7177046537399292,0.0,-1.9499999253864349,0.19700005619322286,-0.4345159395690814,0.0
1759838856.082117,1,-1.2050001621245956,-0.8299997448920943,-0.7177030444144975,0.0,-1.734999179840088,-0.34999901056289673,-0.7177046537399292,0.0,-1.9499999253864349,0.19700005619322286,-0.4345159395690814,0.0
1759838856.092889,1,-1.2050001621245956,-0.8299997448920943,-0.7177030444144975,0.0,-1.734999179840088,-0.34999901056289673,-0.7177046537399292,0.0,-1.9499999253864349,0.19700005619322286,-0.4345159395690814,0.0
1759838856.103154,1,-1.2050001621245956,-0.8299997448920943,-0.7177030444144975,0.0,-1.734999179840088,-0.34999901056289673,-0.7177046537399292,0.0,-1.9499999253864349,0.19700005619322286,-0.4345159395690814,0.0
1759838856.1201198,1,-1.2050001621245956,-0.8299997448920943,-0.7177030444144975,0.0,-1.734999179840088,-0.34999901056289673,-0.7177046537399292,0.0,-1.9499999253864349,0.19700005619322286,-0.4345159395690814,0.0
1759838856.1308134,1,-1.2050001621245956,-0.8299997448920943,-0.7177030444144975,0.0,-1.734999179840088,-0.34999901056289673,-0.7177046537399292,0.0,-1.9499999253864349,0.19700005619322286,-0.4345159395690814,0.0
1759838856.1432004,1,-1.2050001621245956,-0.8299997448920943,-0.7177030444144975,0.0,-1.734999179840088,-0.34999901056289673,-0.7177046537399292,0.0,-1.9499999253864349,0.19700005619322286,-0.4345159395690814,0.0
1759838856.1546378,1,-1.2050001621245956,-0.8299997448920943,-0.7177030444144975,0.0,-1.734999179840088,-0.34999901056289673,-0.7177046537399292,0.0,-1.9499999253864349,0.19700005619322286,-0.4345159395690814,0.0
1759838856.1649818,1,-1.2050001621245956,-0.8299997448920943,-0.7177030444144975,0.0,-1.734999179840088,-0.34999901056289673,-0.7177046537399292,0.0,-1.9499999253864349,0.19700005619322286,-0.4345159395690814,0.0
1759838856.179309,1,-1.2050001621245956,-0.8299997448920943,-0.7177030444144975,0.0,-1.734999179840088,-0.34999901056289673,-0.7177046537399292,0.0,-1.9499999253864349,0.19700005619322286,-0.4345159395690814,0.0
1759838856.1899502,1,-1.2050001621245956,-0.8299997448920943,-0.7177030444144975,0.0,-1.734999179840088,-0.34999901056289673,-0.7177046537399292,0.0,-1.9499999253864349,0.19700005619322286,-0.4345159395690814,0.0
1759838856.2011817,1,-1.2050001621245956,-0.8299997448920943,-0.7177030444144975,0.0,-1.734999179840088,-0.34999901056289673,-0.7177046537399292,0.0,-1.9499999253864349,0.19700005619322286,-0.4345159395690814,0.0
1759838856.214875,1,-1.2050001621245956,-0.8299997448920943,-0.7177030444144975,0.0,-1.734999179840088,-0.34999901056289673,-0.7177046537399292,0.0,-1.9499999253864349,0.19700005619322286,-0.4345159395690814,0.0
1759838856.2255516,1,-1.2050001621245956,-0.8299997448920943,-0.7177030444144975,0.0,-1.734999179840088,-0.34999901056289673,-0.7177046537399292,0.0,-1.9499999253864349,0.19700005619322286,-0.4345159395690814,0.0
1759838856.2366261,1,-1.2050001621245956,-0.8299997448920943,-0.7177030444144975,0.0,-1.734999179840088,-0.34999901056289673,-0.7177046537399292,0.0,-1.9499999253864349,0.19700005619322286,-0.4345159395690814,0.0
1759838856.2539744,1,-1.2050001621245956,-0.8299997448920943,-0.7177030444144975,0.0,-1.734999179840088,-0.34999901056289673,-0.7177046537399292,0.0,-1.9499999253864349,0.19700005619322286,-0.4345159395690814,0.0
1759838856.2643828,1,-1.2050001621245956,-0.8299997448920943,-0.7177030444144975,0.0,-1.734999179840088,-0.34999901056289673,-0.7177046537399292,0.0,-1.9499999253864349,0.19700005619322286,-0.4345159395690814,0.0
1759838856.2757723,1,-1.2050001621245956,-0.8299997448920943,-0.7177030444144975,0.0,-1.734999179840088,-0.34999901056289673,-0.7177046537399292,0.0,-1.9499999253864349,0.19700005619322286,-0.4345159395690814,0.0
1759838856.2922957,1,-1.2050001621245956,-0.8299997448920943,-0.7177030444144975,0.0,-1.734999179840088,-0.34999901056289673,-0.7177046537399292,0.0,-1.9499999253864349,0.19700005619322286,-0.4345159395690814,0.0
1759838856.3029292,1,-1.2050001621245956,-0.8299997448920943,-0.7177030444144975,0.0,-1.734999179840088,-0.34999901056289673,-0.7177046537399292,0.0,-1.9499999253864349,0.19700005619322286,-0.4345159395690814,0.0
1759838856.31442,1,-1.2050001621245956,-0.8299997448920943,-0.7177030444144975,0.0,-1.734999179840088,-0.34999901056289673,-0.7177046537399292,0.0,-1.9499999253864349,0.19700005619322286,-0.4345159395690814,0.0
1759838856.3254573,1,-1.2050001621245956,-0.8299997448920943,-0.7177030444144975,0.0,-1.734999179840088,-0.34999901056289673,-0.7177046537399292,0.0,-1.9499999253864349,0.19700005619322286,-0.4345159395690814,0.0
1759838856.342588,1,-1.2050001621245956,-0.8299997448920943,-0.7177030444144975,0.0,-1.734999179840088,-0.34999901056289673,-0.7177046537399292,0.0,-1.9499999253864349,0.19700005619322286,-0.4345159395690814,0.0
1759838856.3655012,1,-1.2050001621245956,-0.8299997448920943,-0.7177030444144975,0.0,-1.734999179840088,-0.34999901056289673,-0.7177046537399292,0.0,-1.9499999253864349,0.19700005619322286,-0.4345159395690814,0.0
1759838856.3801336,1,-1.2050001621245956,-0.8299997448920943,-0.7177030444144975,0.0,-1.734999179840088,-0.34999901056289673,-0.7177046537399292,0.0,-1.9499999253864349,0.19700005619322286,-0.4345159395690814,0.0
1759838856.3916473,1,-1.2050001621245956,-0.8299997448920943,-0.7177030444144975,0.0,-1.734999179840088,-0.34999901056289673,-0.7177046537399292,0.0,-1.9499999253864349,0.19700005619322286,-0.4345159395690814,0.0
1759838856.4057071,1,-1.2050001621245956,-0.8299997448920943,-0.7177030444144975,0.0,-1.734999179840088,-0.34999901056289673,-0.7177046537399292,0.0,-1.9499999253864349,0.19700005619322286,-0.4345159395690814,0.0
1759838856.416562,1,-1.2050001621245956,-0.8299997448920943,-0.7177030444144975,0.0,-1.734999179840088,-0.34999901056289673,-0.7177046537399292,0.0,-1.9499999253864349,0.19700005619322286,-0.4345159395690814,0.0
1759838856.4272232,1,-1.2050001621245956,-0.8299997448920943,-0.7177030444144975,0.0,-1.734999179840088,-0.34999901056289673,-0.7177046537399292,0.0,-1.9499999253864349,0.19700005619322286,-0.4345159395690814,0.0
1759838856.4423883,1,-1.2050001621245956,-0.8299997448920943,-0.7177030444144975,0.0,-1.734999179840088,-0.34999901056289673,-0.7177046537399292,0.0,-1.9499999253864349,0.19700005619322286,-0.4345159395690814,0.0
1759838856.4627488,1,-1.2050001621245956,-0.8299997448920943,-0.7177030444144975,0.0,-1.734999179840088,-0.34999901056289673,-0.7177046537399292,0.0,-1.9499999253864349,0.19700005619322286,-0.4345159395690814,0.0
1759838856.4756083,1,-1.2050001621245956,-0.8299997448920943,-0.7177030444144975,0.0,-1.734999179840088,-0.34999901056289673,-0.7177046537399292,0.0,-1.9499999253864349,0.19700005619322286,-0.4345159395690814,0.0
1759838856.4869623,1,-1.2050001621245956,-0.8299997448920943,-0.7177030444144975,0.0,-1.734999179840088,-0.34999901056289673,-0.7177046537399292,0.0,-1.9499999253864349,0.19700005619322286,-0.4345159395690814,0.0
1759838856.5030048,1,-1.2050001621245956,-0.8299997448920943,-0.7177030444144975,0.0,-1.734999179840088,-0.34999901056289673,-0.7177046537399292,0.0,-1.9499999253864349,0.19700005619322286,-0.4345159395690814,0.0
1759838856.5132062,1,-1.2050001621245956,-0.8299997448920943,-0.7177030444144975,0.0,-1.734999179840088,-0.34999901056289673,-0.7177046537399292,0.0,-1.9499999253864349,0.19700005619322286,-0.4345159395690814,0.0
1759838856.5277112,1,-1.2050001621245956,-0.8299997448920943,-0.7177030444144975,0.0,-1.734999179840088,-0.34999901056289673,-0.7177046537399292,0.0,-1.9499999253864349,0.19700005619322286,-0.4345159395690814,0.0
1759838856.5380886,1,-1.2050001621245956,-0.8299997448920943,-0.7177030444144975,0.0,-1.734999179840088,-0.34999901056289673,-0.7177046537399292,0.0,-1.9499999253864349,0.19700005619322286,-0.4345159395690814,0.0
1759838856.549695,1,-1.2050001621245956,-0.8299997448920943,-0.7177030444144975,0.0,-1.734999179840088,-0.34999901056289673,-0.7177046537399292,0.0,-1.9499999253864349,0.19700005619322286,-0.4345159395690814,0.0
1759838856.559964,1,-1.2050001621245956,-0.8299997448920943,-0.7177030444144975,0.0,-1.734999179840088,-0.34999901056289673,-0.7177046537399292,0.0,-1.9499999253864349,0.19700005619322286,-0.4345159395690814,0.0
1759838856.5713434,1,-1.2050001621245956,-0.8299997448920943,-0.7177030444144975,0.0,-1.734999179840088,-0.34999901056289673,-0.7177046537399292,0.0,-1.9499999253864349,0.19700005619322286,-0.4345159395690814,0.0
1759838856.5818832,1,-1.2050001621245956,-0.8299997448920943,-0.7177030444144975,0.0,-1.734999179840088,-0.34999901056289673,-0.7177046537399292,0.0,-1.9499999253864349,0.19700005619322286,-0.4345159395690814,0.0
1759838856.5923913,1,-1.2050001621245956,-0.8299997448920943,-0.7177030444144975,0.0,-1.734999179840088,-0.34999901056289673,-0.7177046537399292,0.0,-1.9499999253864349,0.19700005619322286,-0.4345159395690814,0.0
1759838856.6037261,1,-1.2050001621245956,-0.8299997448920943,-0.7177030444144975,0.0,-1.734999179840088,-0.34999901056289673,-0.7177046537399292,0.0,-1.9499999253864349,0.19700005619322286,-0.4345159395690814,0.0
1759838856.621502,1,-1.2050001621245956,-0.8299997448920943,-0.7177030444144975,0.0,-1.734999179840088,-0.34999901056289673,-0.7177046537399292,0.0,-1.9499999253864349,0.19700005619322286,-0.4345159395690814,0.0
1759838856.6323898,1,-1.2050001621245956,-0.8299997448920943,-0.7177030444144975,0.0,-1.734999179840088,-0.34999901056289673,-0.7177046537399292,0.0,-1.9499999253864349,0.19700005619322286,-0.4345159395690814,0.0
1759838856.648198,1,-1.2050001621245956,-0.8299997448920943,-0.7177030444144975,0.0,-1.734999179840088,-0.34999901056289673,-0.7177046537399292,0.0,-1.9499999253864349,0.19700005619322286,-0.4345159395690814,0.0
1759838856.6683712,1,-1.2050001621245956,-0.8299997448920943,-0.7177030444144975,0.0,-1.734999179840088,-0.34999901056289673,-0.7177046537399292,0.0,-1.9499999253864349,0.19700005619322286,-0.4345159395690814,0.0
1759838856.6780643,1,-1.2050001621245956,-0.8299997448920943,-0.7177030444144975,0.0,-1.734999179840088,-0.34999901056289673,-0.7177046537399292,0.0,-1.9499999253864349,0.19700005619322286,-0.4345159395690814,0.0
1759838856.6894882,1,-1.2050001621245956,-0.8299997448920943,-0.7177030444144975,0.0,-1.734999179840088,-0.34999901056289673,-0.7177046537399292,0.0,-1.9499999253864349,0.19700005619322286,-0.4345159395690814,0.0
1759838856.7031674,1,-1.2050001621245956,-0.8299997448920943,-0.7177030444144975,0.0,-1.734999179840088,-0.34999901056289673,-0.7177046537399292,0.0,-1.9499999253864349,0.19700005619322286,-0.4345159395690814,0.0
1759838856.7142057,1,-1.2050001621245956,-0.8299997448920943,-0.7177030444144975,0.0,-1.734999179840088,-0.34999901056289673,-0.7177046537399292,0.0,-1.9499999253864349,0.19700005619322286,-0.4345159395690814,0.0
1759838856.7270813,1,-1.2050001621245956,-0.8299997448920943,-0.7177030444144975,0.0,-1.734999179840088,-0.34999901056289673,-0.7177046537399292,0.0,-1.9499999253864349,0.19700005619322286,-0.4345159395690814,0.0
1759838856.7373655,1,-1.2050001621245956,-0.8299997448920943,-0.7177030444144975,0.0,-1.734999179840088,-0.34999901056289673,-0.7177046537399292,0.0,-1.9499999253864349,0.19700005619322286,-0.4345159395690814,0.0
1759838856.7477102,1,-1.2050001621245956,-0.8299997448920943,-0.7177030444144975,0.0,-1.734999179840088,-0.34999901056289673,-0.7177046537399292,0.0,-1.9499999253864349,0.19700005619322286,-0.4345159395690814,0.0
1759838856.764587,1,-1.2050001621245956,-0.8299997448920943,-0.7177030444144975,0.0,-1.734999179840088,-0.34999901056289673,-0.7177046537399292,0.0,-1.9499999253864349,0.19700005619322286,-0.4345159395690814,0.0
1759838856.775607,1,-1.2050001621245956,-0.8299997448920943,-0.7177030444144975,0.0,-1.734999179840088,-0.34999901056289673,-0.7177046537399292,0.0,-1.9499999253864349,0.19700005619322286,-0.4345159395690814,0.0
1759838856.786817,1,-1.2050001621245956,-0.8299997448920943,-0.7177030444144975,0.0,-1.734999179840088,-0.34999901056289673,-0.7177046537399292,0.0,-1.9499999253864349,0.19700005619322286,-0.4345159395690814,0.0
1759838856.8026373,1,-1.2050001621245956,-0.8299997448920943,-0.7177030444144975,0.0,-1.734999179840088,-0.34999901056289673,-0.7177046537399292,0.0,-1.9499999253864349,0.19700005619322286,-0.4345159395690814,0.0
1759838856.8139455,1,-1.2050001621245956,-0.8299997448920943,-0.7177030444144975,0.0,-1.734999179840088,-0.34999901056289673,-0.7177046537399292,0.0,-1.9499999253864349,0.19700005619322286,-0.4345159395690814,0.0
1759838856.824142,1,-1.2050001621245956,-0.8299997448920943,-0.7177030444144975,0.0,-1.734999179840088,-0.34999901056289673,-0.7177046537399292,0.0,-1.9499999253864349,0.19700005619322286,-0.4345159395690814,0.0
1759838856.8356712,1,-1.2050001621245956,-0.8299997448920943,-0.7177030444144975,0.0,-1.734999179840088,-0.34999901056289673,-0.7177046537399292,0.0,-1.9499999253864349,0.19700005619322286,-0.4345159395690814,0.0
1759838856.851071,1,-1.2050001621245956,-0.8299997448920943,-0.7177030444144975,0.0,-1.734999179840088,-0.34999901056289673,-0.7177046537399292,0.0,-1.9499999253864349,0.19700005619322286,-0.4345159395690814,0.0
1759838856.8773954,1,-1.2050001621245956,-0.8299997448920943,-0.7177030444144975,0.0,-1.734999179840088,-0.34999901056289673,-0.7177046537399292,0.0,-1.9499999253864349,0.19700005619322286,-0.4345159395690814,0.0
1759838856.893277,1,-1.2050001621245956,-0.8299997448920943,-0.7177030444144975,0.0,-1.734999179840088,-0.34999901056289673,-0.7177046537399292,0.0,-1.9499999253864349,0.19700005619322286,-0.4345159395690814,0.0
1759838856.9048157,1,-1.2050001621245956,-0.8299997448920943,-0.7177030444144975,0.0,-1.734999179840088,-0.34999901056289673,-0.7177046537399292,0.0,-1.9499999253864349,0.19700005619322286,-0.4345159395690814,0.0
1759838856.9156225,1,-1.2050001621245956,-0.8299997448920943,-0.7177030444144975,0.0,-1.734999179840088,-0.34999901056289673,-0.7177046537399292,0.0,-1.9499999253864349,0.19700005619322286,-0.4345159395690814,0.0
1759838856.9309297,1,-1.2050001621245956,-0.8299997448920943,-0.7177030444144975,0.0,-1.734999179840088,-0.34999901056289673,-0.7177046537399292,0.0,-1.9499999253864349,0.19700005619322286,-0.4345159395690814,0.0
1759838856.9494963,1,-1.2050001621245956,-0.8299997448920943,-0.7177030444144975,0.0,-1.734999179840088,-0.34999901056289673,-0.7177046537399292,0.0,-1.9499999253864349,0.19700005619322286,-0.4345159395690814,0.0
1759838856.959738,1,-1.2050001621245956,-0.8299997448920943,-0.7177030444144975,0.0,-1.734999179840088,-0.34999901056289673,-0.7177046537399292,0.0,-1.9499999253864349,0.19700005619322286,-0.4345159395690814,0.0
1759838856.9746232,1,-1.2050001621245956,-0.8299997448920943,-0.7177030444144975,0.0,-1.734999179840088,-0.34999901056289673,-0.7177046537399292,0.0,-1.9499999253864349,0.19700005619322286,-0.4345159395690814,0.0
1759838856.9895182,1,-1.2050001621245956,-0.8299997448920943,-0.7177030444144975,0.0,-1.734999179840088,-0.34999901056289673,-0.7177046537399292,0.0,-1.9499999253864349,0.19700005619322286,-0.4345159395690814,0.0
1759838857.00091,1,-1.2050001621245956,-0.8299997448920943,-0.7177030444144975,0.0,-1.734999179840088,-0.34999901056289673,-0.7177046537399292,0.0,-1.9499999253864349,0.19700005619322286,-0.4345159395690814,0.0
1759838857.0143225,1,-1.2050001621245956,-0.8299997448920943,-0.7177030444144975,0.0,-1.734999179840088,-0.34999901056289673,-0.7177046537399292,0.0,-1.9499999253864349,0.19700005619322286,-0.4345159395690814,0.0
1759838857.025309,1,-1.2050001621245956,-0.8299997448920943,-0.7177030444144975,0.0,-1.734999179840088,-0.34999901056289673,-0.7177046537399292,0.0,-1.9499999253864349,0.19700005619322286,-0.4345159395690814,0.0
1759838857.0371132,1,-1.2050001621245956,-0.8299997448920943,-0.7177030444144975,0.0,-1.734999179840088,-0.34999901056289673,-0.7177046537399292,0.0,-1.9499999253864349,0.19700005619322286,-0.4345159395690814,0.0
1759838857.049347,1,-1.2050001621245956,-0.8299997448920943,-0.7177030444144975,0.0,-1.734999179840088,-0.34999901056289673,-0.7177046537399292,0.0,-1.9499999253864349,0.19700005619322286,-0.4345159395690814,0.0
1759838857.075739,1,-1.2050001621245956,-0.8299997448920943,-0.7177030444144975,0.0,-1.734999179840088,-0.34999901056289673,-0.7177046537399292,0.0,-1.9499999253864349,0.19700005619322286,-0.4345159395690814,0.0
1759838857.0884125,1,-1.2050001621245956,-0.8299997448920943,-0.7177030444144975,0.0,-1.734999179840088,-0.34999901056289673,-0.7177046537399292,0.0,-1.9499999253864349,0.19700005619322286,-0.4345159395690814,0.0
1759838857.0993664,1,-1.2050001621245956,-0.8299997448920943,-0.7177030444144975,0.0,-1.734999179840088,-0.34999901056289673,-0.7177046537399292,0.0,-1.9499999253864349,0.19700005619322286,-0.4345159395690814,0.0
1759838857.114233,1,-1.2050001621245956,-0.8299997448920943,-0.7177030444144975,0.0,-1.734999179840088,-0.34999901056289673,-0.7177046537399292,0.0,-1.9499999253864349,0.19700005619322286,-0.4345159395690814,0.0
1759838857.126354,1,-1.2050001621245956,-0.8299997448920943,-0.7177030444144975,0.0,-1.734999179840088,-0.34999901056289673,-0.7177046537399292,0.0,-1.9499999253864349,0.19700005619322286,-0.4345159395690814,0.0
1759838857.1382585,1,-1.2050001621245956,-0.8299997448920943,-0.7177030444144975,0.0,-1.734999179840088,-0.34999901056289673,-0.7177046537399292,0.0,-1.9499999253864349,0.19700005619322286,-0.4345159395690814,0.0
1759838857.1530025,1,-1.2050001621245956,-0.8299997448920943,-0.7177030444144975,0.0,-1.734999179840088,-0.34999901056289673,-0.7177046537399292,0.0,-1.9499999253864349,0.19700005619322286,-0.4345159395690814,0.0
1759838857.164845,1,-1.2050001621245956,-0.8299997448920943,-0.7177030444144975,0.0,-1.734999179840088,-0.34999901056289673,-0.7177046537399292,0.0,-1.9499999253864349,0.19700005619322286,-0.4345159395690814,0.0
1759838857.1775904,1,-1.2050001621245956,-0.8299997448920943,-0.7177030444144975,0.0,-1.734999179840088,-0.34999901056289673,-0.7177046537399292,0.0,-1.9499999253864349,0.19700005619322286,-0.4345159395690814,0.0
1759838857.187927,1,-1.2050001621245956,-0.8299997448920943,-0.7177030444144975,0.0,-1.734999179840088,-0.34999901056289673,-0.7177046537399292,0.0,-1.9499999253864349,0.19700005619322286,-0.4345159395690814,0.0
1759838857.202176,1,-1.2050001621245956,-0.8299997448920943,-0.7177030444144975,0.0,-1.734999179840088,-0.34999901056289673,-0.7177046537399292,0.0,-1.9499999253864349,0.19700005619322286,-0.4345159395690814,0.0
1759838857.2154171,1,-1.2050001621245956,-0.8299997448920943,-0.7177030444144975,0.0,-1.734999179840088,-0.34999901056289673,-0.7177046537399292,0.0,-1.9499999253864349,0.19700005619322286,-0.4345159395690814,0.0
1759838857.2271845,1,-1.2050001621245956,-0.8299997448920943,-0.7177030444144975,0.0,-1.734999179840088,-0.34999901056289673,-0.7177046537399292,0.0,-1.9499999253864349,0.19700005619322286,-0.4345159395690814,0.0
1759838857.2406185,1,-1.2050001621245956,-0.8299997448920943,-0.7177030444144975,0.0,-1.734999179840088,-0.34999901056289673,-0.7177046537399292,0.0,-1.9499999253864349,0.19700005619322286,-0.4345159395690814,0.0
1759838857.2509105,1,-1.2050001621245956,-0.8299997448920943,-0.7177030444144975,0.0,-1.734999179840088,-0.34999901056289673,-0.7177046537399292,0.0,-1.9499999253864349,0.19700005619322286,-0.4345159395690814,0.0
1759838857.2717552,1,-1.2050001621245956,-0.8299997448920943,-0.7177030444144975,0.0,-1.734999179840088,-0.34999901056289673,-0.7177046537399292,0.0,-1.9499999253864349,0.19700005619322286,-0.4345159395690814,0.0
1759838857.284187,1,-1.2050001621245956,-0.8299997448920943,-0.7177030444144975,0.0,-1.734999179840088,-0.34999901056289673,-0.7177046537399292,0.0,-1.9499999253864349,0.19700005619322286,-0.4345159395690814,0.0
1759838857.2953534,1,-1.2050001621245956,-0.8299997448920943,-0.7177030444144975,0.0,-1.734999179840088,-0.34999901056289673,-0.7177046537399292,0.0,-1.9499999253864349,0.19700005619322286,-0.4345159395690814,0.0
1759838857.3075287,1,-1.2050001621245956,-0.8299997448920943,-0.7177030444144975,0.0,-1.734999179840088,-0.34999901056289673,-0.7177046537399292,0.0,-1.9499999253864349,0.19700005619322286,-0.4345159395690814,0.0
1759838857.318173,1,-1.2050001621245956,-0.8299997448920943,-0.7177030444144975,0.0,-1.734999179840088,-0.34999901056289673,-0.7177046537399292,0.0,-1.9499999253864349,0.19700005619322286,-0.4345159395690814,0.0
1759838857.3294134,1,-1.2050001621245956,-0.8299997448920943,-0.7177030444144975,0.0,-1.734999179840088,-0.34999901056289673,-0.7177046537399292,0.0,-1.9499999253864349,0.19700005619322286,-0.4345159395690814,0.0
1759838857.3401687,1,-1.2050001621245956,-0.8299997448920943,-0.7177030444144975,0.0,-1.734999179840088,-0.34999901056289673,-0.7177046537399292,0.0,-1.9499999253864349,0.19700005619322286,-0.4345159395690814,0.0
1759838857.3563213,1,-1.2050001621245956,-0.8299997448920943,-0.7177030444144975,0.0,-1.734999179840088,-0.34999901056289673,-0.7177046537399292,0.0,-1.9499999253864349,0.19700005619322286,-0.4345159395690814,0.0
1759838857.3666458,1,-1.2050001621245956,-0.8299997448920943,-0.7177030444144975,0.0,-1.734999179840088,-0.34999901056289673,-0.7177046537399292,0.0,-1.9499999253864349,0.19700005619322286,-0.4345159395690814,0.0
1759838857.3791995,1,-1.2050001621245956,-0.8299997448920943,-0.7177030444144975,0.0,-1.734999179840088,-0.34999901056289673,-0.7177046537399292,0.0,-1.9499999253864349,0.19700005619322286,-0.4345159395690814,0.0
1759838857.392913,1,-1.2050001621245956,-0.8299997448920943,-0.7177030444144975,0.0,-1.734999179840088,-0.34999901056289673,-0.7177046537399292,0.0,-1.9499999253864349,0.19700005619322286,-0.4345159395690814,0.0
1759838857.4038627,1,-1.2050001621245956,-0.8299997448920943,-0.7177030444144975,0.0,-1.734999179840088,-0.34999901056289673,-0.7177046537399292,0.0,-1.9499999253864349,0.19700005619322286,-0.4345159395690814,0.0
1759838857.4191153,1,-1.2050001621245956,-0.8299997448920943,-0.7177030444144975,0.0,-1.734999179840088,-0.34999901056289673,-0.7177046537399292,0.0,-1.9499999253864349,0.19700005619322286,-0.4345159395690814,0.0
1759838857.4304762,1,-1.2050001621245956,-0.8299997448920943,-0.7177030444144975,0.0,-1.734999179840088,-0.34999901056289673,-0.7177046537399292,0.0,-1.9499999253864349,0.19700005619322286,-0.4345159395690814,0.0
1759838857.4419372,1,-1.2050001621245956,-0.8299997448920943,-0.7177030444144975,0.0,-1.734999179840088,-0.34999901056289673,-0.7177046537399292,0.0,-1.9499999253864349,0.19700005619322286,-0.4345159395690814,0.0
1759838857.4544804,1,-1.2050001621245956,-0.8299997448920943,-0.7177030444144975,0.0,-1.734999179840088,-0.34999901056289673,-0.7177046537399292,0.0,-1.9499999253864349,0.19700005619322286,-0.4345159395690814,0.0
1759838857.470979,1,-1.2050001621245956,-0.8299997448920943,-0.7177030444144975,0.0,-1.734999179840088,-0.34999901056289673,-0.7177046537399292,0.0,-1.9499999253864349,0.19700005619322286,-0.4345159395690814,0.0
1759838857.4807057,1,-1.2050001621245956,-0.8299997448920943,-0.7177030444144975,0.0,-1.734999179840088,-0.34999901056289673,-0.7177046537399292,0.0,-1.9499999253864349,0.19700005619322286,-0.4345159395690814,0.0
1759838857.4917805,1,-1.2050001621245956,-0.8299997448920943,-0.7177030444144975,0.0,-1.734999179840088,-0.34999901056289673,-0.7177046537399292,0.0,-1.9499999253864349,0.19700005619322286,-0.4345159395690814,0.0
1759838857.5034516,1,-1.2050001621245956,-0.8299997448920943,-0.7177030444144975,0.0,-1.734999179840088,-0.34999901056289673,-0.7177046537399292,0.0,-1.9499999253864349,0.19700005619322286,-0.4345159395690814,0.0
1759838857.5143414,1,-1.2050001621245956,-0.8299997448920943,-0.7177030444144975,0.0,-1.734999179840088,-0.34999901056289673,-0.7177046537399292,0.0,-1.9499999253864349,0.19700005619322286,-0.4345159395690814,0.0
1759838857.5260508,1,-1.2050001621245956,-0.8299997448920943,-0.7177030444144975,0.0,-1.734999179840088,-0.34999901056289673,-0.7177046537399292,0.0,-1.9499999253864349,0.19700005619322286,-0.4345159395690814,0.0
1759838857.536683,1,-1.2050001621245956,-0.8299997448920943,-0.7177030444144975,0.0,-1.734999179840088,-0.34999901056289673,-0.7177046537399292,0.0,-1.9499999253864349,0.19700005619322286,-0.4345159395690814,0.0
1759838857.5467277,1,-1.2050001621245956,-0.8299997448920943,-0.7177030444144975,0.0,-1.734999179840088,-0.34999901056289673,-0.7177046537399292,0.0,-1.9499999253864349,0.19700005619322286,-0.4345159395690814,0.0
1759838857.5576057,1,-1.2050001621245956,-0.8299997448920943,-0.7177030444144975,0.0,-1.734999179840088,-0.34999901056289673,-0.7177046537399292,0.0,-1.9499999253864349,0.19700005619322286,-0.4345159395690814,0.0
1759838857.5736725,1,-1.2050001621245956,-0.8299997448920943,-0.7177030444144975,0.0,-1.734999179840088,-0.34999901056289673,-0.7177046537399292,0.0,-1.9499999253864349,0.19700005619322286,-0.4345159395690814,0.0
1759838857.5843494,1,-1.2050001621245956,-0.8299997448920943,-0.7177030444144975,0.0,-1.734999179840088,-0.34999901056289673,-0.7177046537399292,0.0,-1.9499999253864349,0.19700005619322286,-0.4345159395690814,0.0
1759838857.595906,1,-1.2050001621245956,-0.8299997448920943,-0.7177030444144975,0.0,-1.734999179840088,-0.34999901056289673,-0.7177046537399292,0.0,-1.9499999253864349,0.19700005619322286,-0.4345159395690814,0.0
1759838857.6063702,1,-1.2050001621245956,-0.8299997448920943,-0.7177030444144975,0.0,-1.734999179840088,-0.34999901056289673,-0.7177046537399292,0.0,-1.9499999253864349,0.19700005619322286,-0.4345159395690814,0.0
1759838857.6221712,1,-1.2050001621245956,-0.8299997448920943,-0.7177030444144975,0.0,-1.734999179840088,-0.34999901056289673,-0.7177046537399292,0.0,-1.9499999253864349,0.19700005619322286,-0.4345159395690814,0.0
1759838857.6335053,1,-1.2050001621245956,-0.8299997448920943,-0.7177030444144975,0.0,-1.734999179840088,-0.34999901056289673,-0.7177046537399292,0.0,-1.9499999253864349,0.19700005619322286,-0.4345159395690814,0.0
1759838857.6486757,1,-1.2050001621245956,-0.8299997448920943,-0.7177030444144975,0.0,-1.734999179840088,-0.34999901056289673,-0.7177046537399292,0.0,-1.9499999253864349,0.19700005619322286,-0.4345159395690814,0.0
1759838857.6594882,1,-1.2050001621245956,-0.8299997448920943,-0.7177030444144975,0.0,-1.734999179840088,-0.34999901056289673,-0.7177046537399292,0.0,-1.9499999253864349,0.19700005619322286,-0.4345159395690814,0.0
1759838857.6773968,1,-1.2050001621245956,-0.8299997448920943,-0.7177030444144975,0.0,-1.734999179840088,-0.34999901056289673,-0.7177046537399292,0.0,-1.9499999253864349,0.19700005619322286,-0.4345159395690814,0.0
1759838857.6878586,1,-1.2050001621245956,-0.8299997448920943,-0.7177030444144975,0.0,-1.734999179840088,-0.34999901056289673,-0.7177046537399292,0.0,-1.9499999253864349,0.19700005619322286,-0.4345159395690814,0.0
1759838857.6993008,1,-1.2050001621245956,-0.8299997448920943,-0.7177030444144975,0.0,-1.734999179840088,-0.34999901056289673,-0.7177046537399292,0.0,-1.9499999253864349,0.19700005619322286,-0.4345159395690814,0.0
1759838857.7106414,1,-1.2050001621245956,-0.8299997448920943,-0.7177030444144975,0.0,-1.734999179840088,-0.34999901056289673,-0.7177046537399292,0.0,-1.9499999253864349,0.19700005619322286,-0.4345159395690814,0.0
1759838857.7218506,1,-1.2050001621245956,-0.8299997448920943,-0.7177030444144975,0.0,-1.734999179840088,-0.34999901056289673,-0.7177046537399292,0.0,-1.9499999253864349,0.19700005619322286,-0.4345159395690814,0.0
1759838857.7338612,1,-1.2050001621245956,-0.8299997448920943,-0.7177030444144975,0.0,-1.734999179840088,-0.34999901056289673,-0.7177046537399292,0.0,-1.9499999253864349,0.19700005619322286,-0.4345159395690814,0.0
1759838857.7443848,1,-1.2050001621245956,-0.8299997448920943,-0.7177030444144975,0.0,-1.734999179840088,-0.34999901056289673,-0.7177046537399292,0.0,-1.9499999253864349,0.19700005619322286,-0.4345159395690814,0.0
1759838857.75673,1,-1.2050001621245956,-0.8299997448920943,-0.7177030444144975,0.0,-1.734999179840088,-0.34999901056289673,-0.7177046537399292,0.0,-1.9499999253864349,0.19700005619322286,-0.4345159395690814,0.0
1759838857.766931,1,-1.2050001621245956,-0.8299997448920943,-0.7177030444144975,0.0,-1.734999179840088,-0.34999901056289673,-0.7177046537399292,0.0,-1.9499999253864349,0.19700005619322286,-0.4345159395690814,0.0
1759838857.7775066,1,-1.2050001621245956,-0.8299997448920943,-0.7177030444144975,0.0,-1.734999179840088,-0.34999901056289673,-0.7177046537399292,0.0,-1.9499999253864349,0.19700005619322286,-0.4345159395690814,0.0
1759838857.78773,1,-1.2050001621245956,-0.8299997448920943,-0.7177030444144975,0.0,-1.734999179840088,-0.34999901056289673,-0.7177046537399292,0.0,-1.9499999253864349,0.19700005619322286,-0.4345159395690814,0.0
1759838857.8006754,1,-1.2050001621245956,-0.8299997448920943,-0.7177030444144975,0.0,-1.734999179840088,-0.34999901056289673,-0.7177046537399292,0.0,-1.9499999253864349,0.19700005619322286,-0.4345159395690814,0.0
1759838857.8109348,1,-1.2050001621245956,-0.8299997448920943,-0.7177030444144975,0.0,-1.734999179840088,-0.34999901056289673,-0.7177046537399292,0.0,-1.9499999253864349,0.19700005619322286,-0.4345159395690814,0.0
1759838857.8248303,1,-1.2050001621245956,-0.8299997448920943,-0.7177030444144975,0.0,-1.734999179840088,-0.34999901056289673,-0.7177046537399292,0.0,-1.9499999253864349,0.19700005619322286,-0.4345159395690814,0.0
1759838857.8362293,1,-1.2050001621245956,-0.8299997448920943,-0.7177030444144975,0.0,-1.734999179840088,-0.34999901056289673,-0.7177046537399292,0.0,-1.9499999253864349,0.19700005619322286,-0.4345159395690814,0.0
1759838857.8489769,1,-1.2050001621245956,-0.8299997448920943,-0.7177030444144975,0.0,-1.734999179840088,-0.34999901056289673,-0.7177046537399292,0.0,-1.9499999253864349,0.19700005619322286,-0.4345159395690814,0.0
1759838857.8597393,1,-1.2050001621245956,-0.8299997448920943,-0.7177030444144975,0.0,-1.734999179840088,-0.34999901056289673,-0.7177046537399292,0.0,-1.9499999253864349,0.19700005619322286,-0.4345159395690814,0.0
1759838857.880276,1,-1.2050001621245956,-0.8299997448920943,-0.7177030444144975,0.0,-1.734999179840088,-0.34999901056289673,-0.7177046537399292,0.0,-1.9499999253864349,0.19700005619322286,-0.4345159395690814,0.0
1759838857.8897486,1,-1.2050001621245956,-0.8299997448920943,-0.7177030444144975,0.0,-1.734999179840088,-0.34999901056289673,-0.7177046537399292,0.0,-1.9499999253864349,0.19700005619322286,-0.4345159395690814,0.0
1759838857.9066863,1,-1.2050001621245956,-0.8299997448920943,-0.7177030444144975,0.0,-1.734999179840088,-0.34999901056289673,-0.7177046537399292,0.0,-1.9499999253864349,0.19700005619322286,-0.4345159395690814,0.0
1759838857.9202642,1,-1.2050001621245956,-0.8299997448920943,-0.7177030444144975,0.0,-1.734999179840088,-0.34999901056289673,-0.7177046537399292,0.0,-1.9499999253864349,0.19700005619322286,-0.4345159395690814,0.0
1759838857.9304569,1,-1.2050001621245956,-0.8299997448920943,-0.7177030444144975,0.0,-1.734999179840088,-0.34999901056289673,-0.7177046537399292,0.0,-1.9499999253864349,0.19700005619322286,-0.4345159395690814,0.0
1759838857.9449034,1,-1.2050001621245956,-0.8299997448920943,-0.7177030444144975,0.0,-1.734999179840088,-0.34999901056289673,-0.7177046537399292,0.0,-1.9499999253864349,0.19700005619322286,-0.4345159395690814,0.0
1759838857.956426,1,-1.2050001621245956,-0.8299997448920943,-0.7177030444144975,0.0,-1.734999179840088,-0.34999901056289673,-0.7177046537399292,0.0,-1.9499999253864349,0.19700005619322286,-0.4345159395690814,0.0
1759838857.969074,1,-1.2050001621245956,-0.8299997448920943,-0.7177030444144975,0.0,-1.734999179840088,-0.34999901056289673,-0.7177046537399292,0.0,-1.9499999253864349,0.19700005619322286,-0.4345159395690814,0.0
1759838857.9797568,1,-1.2050001621245956,-0.8299997448920943,-0.7177030444144975,0.0,-1.734999179840088,-0.34999901056289673,-0.7177046537399292,0.0,-1.9499999253864349,0.19700005619322286,-0.4345159395690814,0.0
1759838857.993794,1,-1.2050001621245956,-0.8299997448920943,-0.7177030444144975,0.0,-1.734999179840088,-0.34999901056289673,-0.7177046537399292,0.0,-1.9499999253864349,0.19700005619322286,-0.4345159395690814,0.0
1759838858.0112906,1,-1.2050001621245956,-0.8299997448920943,-0.7177030444144975,0.0,-1.734999179840088,-0.34999901056289673,-0.7177046537399292,0.0,-1.9499999253864349,0.19700005619322286,-0.4345159395690814,0.0
1759838858.0225377,1,-1.2050001621245956,-0.8299997448920943,-0.7177030444144975,0.0,-1.734999179840088,-0.34999901056289673,-0.7177046537399292,0.0,-1.9499999253864349,0.19700005619322286,-0.4345159395690814,0.0
1759838858.0362236,1,-1.2050001621245956,-0.8299997448920943,-0.7177030444144975,0.0,-1.734999179840088,-0.34999901056289673,-0.7177046537399292,0.0,-1.9499999253864349,0.19700005619322286,-0.4345159395690814,0.0
1759838858.0464458,1,-1.2050001621245956,-0.8299997448920943,-0.7177030444144975,0.0,-1.734999179840088,-0.34999901056289673,-0.7177046537399292,0.0,-1.9499999253864349,0.19700005619322286,-0.4345159395690814,0.0
1759838858.0569267,1,-1.2050001621245956,-0.8299997448920943,-0.7177030444144975,0.0,-1.734999179840088,-0.34999901056289673,-0.7177046537399292,0.0,-1.9499999253864349,0.19700005619322286,-0.4345159395690814,0.0
1759838858.0682678,1,-1.2050001621245956,-0.8299997448920943,-0.7177030444144975,0.0,-1.734999179840088,-0.34999901056289673,-0.7177046537399292,0.0,-1.9499999253864349,0.19700005619322286,-0.4345159395690814,0.0
1759838858.0853674,1,-1.2050001621245956,-0.8299997448920943,-0.7177030444144975,0.0,-1.734999179840088,-0.34999901056289673,-0.7177046537399292,0.0,-1.9499999253864349,0.19700005619322286,-0.4345159395690814,0.0
1759838858.0965154,1,-1.2050001621245956,-0.8299997448920943,-0.7177030444144975,0.0,-1.734999179840088,-0.34999901056289673,-0.7177046537399292,0.0,-1.9499999253864349,0.19700005619322286,-0.4345159395690814,0.0
1759838858.1068652,1,-1.2050001621245956,-0.8299997448920943,-0.7177030444144975,0.0,-1.734999179840088,-0.34999901056289673,-0.7177046537399292,0.0,-1.9499999253864349,0.19700005619322286,-0.4345159395690814,0.0
1759838858.1183698,1,-1.2050001621245956,-0.8299997448920943,-0.7177030444144975,0.0,-1.734999179840088,-0.34999901056289673,-0.7177046537399292,0.0,-1.9499999253864349,0.19700005619322286,-0.4345159395690814,0.0
1759838858.13145,1,-1.2050001621245956,-0.8299997448920943,-0.7177030444144975,0.0,-1.734999179840088,-0.34999901056289673,-0.7177046537399292,0.0,-1.9499999253864349,0.19700005619322286,-0.4345159395690814,0.0
1759838858.1420474,1,-1.2050001621245956,-0.8299997448920943,-0.7177030444144975,0.0,-1.734999179840088,-0.34999901056289673,-0.7177046537399292,0.0,-1.9499999253864349,0.19700005619322286,-0.4345159395690814,0.0
1759838858.1526248,1,-1.2050001621245956,-0.8299997448920943,-0.7177030444144975,0.0,-1.734999179840088,-0.34999901056289673,-0.7177046537399292,0.0,-1.9499999253864349,0.19700005619322286,-0.4345159395690814,0.0
1759838858.163904,1,-1.2050001621245956,-0.8299997448920943,-0.7177030444144975,0.0,-1.734999179840088,-0.34999901056289673,-0.7177046537399292,0.0,-1.9499999253864349,0.19700005619322286,-0.4345159395690814,0.0
1759838858.1773994,1,-1.2050001621245956,-0.8299997448920943,-0.7177030444144975,0.0,-1.734999179840088,-0.34999901056289673,-0.7177046537399292,0.0,-1.9499999253864349,0.19700005619322286,-0.4345159395690814,0.0
1759838858.1878963,1,-1.2050001621245956,-0.8299997448920943,-0.7177030444144975,0.0,-1.734999179840088,-0.34999901056289673,-0.7177046537399292,0.0,-1.9499999253864349,0.19700005619322286,-0.4345159395690814,0.0
1759838858.2004862,1,-1.2050001621245956,-0.8299997448920943,-0.7177030444144975,0.0,-1.734999179840088,-0.34999901056289673,-0.7177046537399292,0.0,-1.9499999253864349,0.19700005619322286,-0.4345159395690814,0.0
1759838858.2114651,1,-1.2050001621245956,-0.8299997448920943,-0.7177030444144975,0.0,-1.734999179840088,-0.34999901056289673,-0.7177046537399292,0.0,-1.9499999253864349,0.19700005619322286,-0.4345159395690814,0.0
1759838858.2229269,1,-1.2050001621245956,-0.8299997448920943,-0.7177030444144975,0.0,-1.734999179840088,-0.34999901056289673,-0.7177046537399292,0.0,-1.9499999253864349,0.19700005619322286,-0.4345159395690814,0.0
1759838858.2333694,1,-1.2050001621245956,-0.8299997448920943,-0.7177030444144975,0.0,-1.734999179840088,-0.34999901056289673,-0.7177046537399292,0.0,-1.9499999253864349,0.19700005619322286,-0.4345159395690814,0.0
1759838858.2469513,1,-1.2050001621245956,-0.8299997448920943,-0.7177030444144975,0.0,-1.734999179840088,-0.34999901056289673,-0.7177046537399292,0.0,-1.9499999253864349,0.19700005619322286,-0.4345159395690814,0.0
1759838858.2579057,1,-1.2050001621245956,-0.8299997448920943,-0.7177030444144975,0.0,-1.734999179840088,-0.34999901056289673,-0.7177046537399292,0.0,-1.9499999253864349,0.19700005619322286,-0.4345159395690814,0.0
1759838858.2720017,1,-1.2050001621245956,-0.8299997448920943,-0.7177030444144975,0.0,-1.734999179840088,-0.34999901056289673,-0.7177046537399292,0.0,-1.9499999253864349,0.19700005619322286,-0.4345159395690814,0.0
1759838858.2936153,1,-1.2050001621245956,-0.8299997448920943,-0.7177030444144975,0.0,-1.734999179840088,-0.34999901056289673,-0.7177046537399292,0.0,-1.9499999253864349,0.19700005619322286,-0.4345159395690814,0.0
1759838858.301851,1,-1.2050001621245956,-0.8299997448920943,-0.7177030444144975,0.0,-1.734999179840088,-0.34999901056289673,-0.7177046537399292,0.0,-1.9499999253864349,0.19700005619322286,-0.4345159395690814,0.0
1759838858.311997,1,-1.2050001621245956,-0.8299997448920943,-0.7177030444144975,0.0,-1.734999179840088,-0.34999901056289673,-0.7177046537399292,0.0,-1.9499999253864349,0.19700005619322286,-0.4345159395690814,0.0
1759838858.3232787,1,-1.2050001621245956,-0.8299997448920943,-0.7177030444144975,0.0,-1.734999179840088,-0.34999901056289673,-0.7177046537399292,0.0,-1.9499999253864349,0.19700005619322286,-0.4345159395690814,0.0
1759838858.334917,1,-1.2050001621245956,-0.8299997448920943,-0.7177030444144975,0.0,-1.734999179840088,-0.34999901056289673,-0.7177046537399292,0.0,-1.9499999253864349,0.19700005619322286,-0.4345159395690814,0.0
1759838858.3458786,1,-1.2050001621245956,-0.8299997448920943,-0.7177030444144975,0.0,-1.734999179840088,-0.34999901056289673,-0.7177046537399292,0.0,-1.9499999253864349,0.19700005619322286,-0.4345159395690814,0.0
1759838858.356035,1,-1.2050001621245956,-0.8299997448920943,-0.7177030444144975,0.0,-1.734999179840088,-0.34999901056289673,-0.7177046537399292,0.0,-1.9499999253864349,0.19700005619322286,-0.4345159395690814,0.0
1759838858.3674698,1,-1.2050001621245956,-0.8299997448920943,-0.7177030444144975,0.0,-1.734999179840088,-0.34999901056289673,-0.7177046537399292,0.0,-1.9499999253864349,0.19700005619322286,-0.4345159395690814,0.0
1759838858.379694,1,-1.2050001621245956,-0.8299997448920943,-0.7177030444144975,0.0,-1.734999179840088,-0.34999901056289673,-0.7177046537399292,0.0,-1.9499999253864349,0.19700005619322286,-0.4345159395690814,0.0
1759838858.39123,1,-1.2050001621245956,-0.8299997448920943,-0.7177030444144975,0.0,-1.734999179840088,-0.34999901056289673,-0.7177046537399292,0.0,-1.9499999253864349,0.19700005619322286,-0.4345159395690814,0.0
1759838858.402567,1,-1.2050001621245956,-0.8299997448920943,-0.7177030444144975,0.0,-1.734999179840088,-0.34999901056289673,-0.7177046537399292,0.0,-1.9499999253864349,0.19700005619322286,-0.4345159395690814,0.0
1759838858.413443,1,-1.2050001621245956,-0.8299997448920943,-0.7177030444144975,0.0,-1.734999179840088,-0.34999901056289673,-0.7177046537399292,0.0,-1.9499999253864349,0.19700005619322286,-0.4345159395690814,0.0
1759838858.4241807,1,-1.2050001621245956,-0.8299997448920943,-0.7177030444144975,0.0,-1.734999179840088,-0.34999901056289673,-0.7177046537399292,0.0,-1.9499999253864349,0.19700005619322286,-0.4345159395690814,0.0
1759838858.4346724,1,-1.2050001621245956,-0.8299997448920943,-0.7177030444144975,0.0,-1.734999179840088,-0.34999901056289673,-0.7177046537399292,0.0,-1.9499999253864349,0.19700005619322286,-0.4345159395690814,0.0
1759838858.4480796,1,-1.2050001621245956,-0.8299997448920943,-0.7177030444144975,0.0,-1.734999179840088,-0.34999901056289673,-0.7177046537399292,0.0,-1.9499999253864349,0.19700005619322286,-0.4345159395690814,0.0
1759838858.4596424,1,-1.2050001621245956,-0.8299997448920943,-0.7177030444144975,0.0,-1.734999179840088,-0.34999901056289673,-0.7177046537399292,0.0,-1.9499999253864349,0.19700005619322286,-0.4345159395690814,0.0
1759838858.4722142,1,-1.2050001621245956,-0.8299997448920943,-0.7177030444144975,0.0,-1.734999179840088,-0.34999901056289673,-0.7177046537399292,0.0,-1.9499999253864349,0.19700005619322286,-0.4345159395690814,0.0
1759838858.4827356,1,-1.2050001621245956,-0.8299997448920943,-0.7177030444144975,0.0,-1.734999179840088,-0.34999901056289673,-0.7177046537399292,0.0,-1.9499999253864349,0.19700005619322286,-0.4345159395690814,0.0
1759838858.5009563,1,-1.2050001621245956,-0.8299997448920943,-0.7177030444144975,0.0,-1.734999179840088,-0.34999901056289673,-0.7177046537399292,0.0,-1.9499999253864349,0.19700005619322286,-0.4345159395690814,0.0
1759838858.510464,1,-1.2050001621245956,-0.8299997448920943,-0.7177030444144975,0.0,-1.734999179840088,-0.34999901056289673,-0.7177046537399292,0.0,-1.9499999253864349,0.19700005619322286,-0.4345159395690814,0.0
1759838858.521992,1,-1.2050001621245956,-0.8299997448920943,-0.7177030444144975,0.0,-1.734999179840088,-0.34999901056289673,-0.7177046537399292,0.0,-1.9499999253864349,0.19700005619322286,-0.4345159395690814,0.0
1759838858.5348804,1,-1.2050001621245956,-0.8299997448920943,-0.7177030444144975,0.0,-1.734999179840088,-0.34999901056289673,-0.7177046537399292,0.0,-1.9499999253864349,0.19700005619322286,-0.4345159395690814,0.0
1759838858.5458624,1,-1.2050001621245956,-0.8299997448920943,-0.7177030444144975,0.0,-1.734999179840088,-0.34999901056289673,-0.7177046537399292,0.0,-1.9499999253864349,0.19700005619322286,-0.4345159395690814,0.0
1759838858.5575676,1,-1.2050001621245956,-0.8299997448920943,-0.7177030444144975,0.0,-1.734999179840088,-0.34999901056289673,-0.7177046537399292,0.0,-1.9499999253864349,0.19700005619322286,-0.4345159395690814,0.0
1759838858.5681694,1,-1.2050001621245956,-0.8299997448920943,-0.7177030444144975,0.0,-1.734999179840088,-0.34999901056289673,-0.7177046537399292,0.0,-1.9499999253864349,0.19700005619322286,-0.4345159395690814,0.0
1759838858.5800843,1,-1.2050001621245956,-0.8299997448920943,-0.7177030444144975,0.0,-1.734999179840088,-0.34999901056289673,-0.7177046537399292,0.0,-1.9499999253864349,0.19700005619322286,-0.4345159395690814,0.0
1759838858.5905943,1,-1.2050001621245956,-0.8299997448920943,-0.7177030444144975,0.0,-1.734999179840088,-0.34999901056289673,-0.7177046537399292,0.0,-1.9499999253864349,0.19700005619322286,-0.4345159395690814,0.0
1759838858.6035051,1,-1.2050001621245956,-0.8299997448920943,-0.7177030444144975,0.0,-1.734999179840088,-0.34999901056289673,-0.7177046537399292,0.0,-1.9499999253864349,0.19700005619322286,-0.4345159395690814,0.0
1759838858.6141894,1,-1.2050001621245956,-0.8299997448920943,-0.7177030444144975,0.0,-1.734999179840088,-0.34999901056289673,-0.7177046537399292,0.0,-1.9499999253864349,0.19700005619322286,-0.4345159395690814,0.0
1759838858.6253417,1,-1.2050001621245956,-0.8299997448920943,-0.7177030444144975,0.0,-1.734999179840088,-0.34999901056289673,-0.7177046537399292,0.0,-1.9499999253864349,0.19700005619322286,-0.4345159395690814,0.0
1759838858.6363692,1,-1.2050001621245956,-0.8299997448920943,-0.7177030444144975,0.0,-1.734999179840088,-0.34999901056289673,-0.7177046537399292,0.0,-1.9499999253864349,0.19700005619322286,-0.4345159395690814,0.0
1759838858.6479065,1,-1.2050001621245956,-0.8299997448920943,-0.7177030444144975,0.0,-1.734999179840088,-0.34999901056289673,-0.7177046537399292,0.0,-1.9499999253864349,0.19700005619322286,-0.4345159395690814,0.0
1759838858.6626525,1,-1.2050001621245956,-0.8299997448920943,-0.7177030444144975,0.0,-1.734999179840088,-0.34999901056289673,-0.7177046537399292,0.0,-1.9499999253864349,0.19700005619322286,-0.4345159395690814,0.0
1759838858.6727867,1,-1.2050001621245956,-0.8299997448920943,-0.7177030444144975,0.0,-1.734999179840088,-0.34999901056289673,-0.7177046537399292,0.0,-1.9499999253864349,0.19700005619322286,-0.4345159395690814,0.0
1759838858.6853306,1,-1.2050001621245956,-0.8299997448920943,-0.7177030444144975,0.0,-1.734999179840088,-0.34999901056289673,-0.7177046537399292,0.0,-1.9499999253864349,0.19700005619322286,-0.4345159395690814,0.0
1759838858.6986287,1,-1.2050001621245956,-0.8299997448920943,-0.7177030444144975,0.0,-1.734999179840088,-0.34999901056289673,-0.7177046537399292,0.0,-1.9499999253864349,0.19700005619322286,-0.4345159395690814,0.0
1759838858.7081184,1,-1.2050001621245956,-0.8299997448920943,-0.7177030444144975,0.0,-1.734999179840088,-0.34999901056289673,-0.7177046537399292,0.0,-1.9499999253864349,0.19700005619322286,-0.4345159395690814,0.0
1759838858.718383,1,-1.2050001621245956,-0.8299997448920943,-0.7177030444144975,0.0,-1.734999179840088,-0.34999901056289673,-0.7177046537399292,0.0,-1.9499999253864349,0.19700005619322286,-0.4345159395690814,0.0
1759838858.7322292,1,-1.2050001621245956,-0.8299997448920943,-0.7177030444144975,0.0,-1.734999179840088,-0.34999901056289673,-0.7177046537399292,0.0,-1.9499999253864349,0.19700005619322286,-0.4345159395690814,0.0
1759838858.742745,1,-1.2050001621245956,-0.8299997448920943,-0.7177030444144975,0.0,-1.734999179840088,-0.34999901056289673,-0.7177046537399292,0.0,-1.9499999253864349,0.19700005619322286,-0.4345159395690814,0.0
1759838858.7546885,1,-1.2050001621245956,-0.8299997448920943,-0.7177030444144975,0.0,-1.734999179840088,-0.34999901056289673,-0.7177046537399292,0.0,-1.9499999253864349,0.19700005619322286,-0.4345159395690814,0.0
1759838858.7659507,1,-1.2050001621245956,-0.8299997448920943,-0.7177030444144975,0.0,-1.734999179840088,-0.34999901056289673,-0.7177046537399292,0.0,-1.9499999253864349,0.19700005619322286,-0.4345159395690814,0.0
1759838858.777486,1,-1.2050001621245956,-0.8299997448920943,-0.7177030444144975,0.0,-1.734999179840088,-0.34999901056289673,-0.7177046537399292,0.0,-1.9499999253864349,0.19700005619322286,-0.4345159395690814,0.0
1759838858.791344,1,-1.2050001621245956,-0.8299997448920943,-0.7177030444144975,0.0,-1.734999179840088,-0.34999901056289673,-0.7177046537399292,0.0,-1.9499999253864349,0.19700005619322286,-0.4345159395690814,0.0
1759838858.8027084,1,-1.2050001621245956,-0.8299997448920943,-0.7177030444144975,0.0,-1.734999179840088,-0.34999901056289673,-0.7177046537399292,0.0,-1.9499999253864349,0.19700005619322286,-0.4345159395690814,0.0
1759838858.813935,1,-1.2050001621245956,-0.8299997448920943,-0.7177030444144975,0.0,-1.734999179840088,-0.34999901056289673,-0.7177046537399292,0.0,-1.9499999253864349,0.19700005619322286,-0.4345159395690814,0.0
1759838858.8242655,1,-1.2050001621245956,-0.8299997448920943,-0.7177030444144975,0.0,-1.734999179840088,-0.34999901056289673,-0.7177046537399292,0.0,-1.9499999253864349,0.19700005619322286,-0.4345159395690814,0.0
1759838858.8355978,1,-1.2050001621245956,-0.8299997448920943,-0.7177030444144975,0.0,-1.734999179840088,-0.34999901056289673,-0.7177046537399292,0.0,-1.9499999253864349,0.19700005619322286,-0.4345159395690814,0.0
1759838858.8468447,1,-1.2050001621245956,-0.8299997448920943,-0.7177030444144975,0.0,-1.734999179840088,-0.34999901056289673,-0.7177046537399292,0.0,-1.9499999253864349,0.19700005619322286,-0.4345159395690814,0.0
1759838858.8580885,1,-1.2050001621245956,-0.8299997448920943,-0.7177030444144975,0.0,-1.734999179840088,-0.34999901056289673,-0.7177046537399292,0.0,-1.9499999253864349,0.19700005619322286,-0.4345159395690814,0.0
1759838858.8693476,1,-1.2050001621245956,-0.8299997448920943,-0.7177030444144975,0.0,-1.734999179840088,-0.34999901056289673,-0.7177046537399292,0.0,-1.9499999253864349,0.19700005619322286,-0.4345159395690814,0.0
1759838858.8800304,1,-1.2050001621245956,-0.8299997448920943,-0.7177030444144975,0.0,-1.734999179840088,-0.34999901056289673,-0.7177046537399292,0.0,-1.9499999253864349,0.19700005619322286,-0.4345159395690814,0.0
1759838858.8903096,1,-1.2050001621245956,-0.8299997448920943,-0.7177030444144975,0.0,-1.734999179840088,-0.34999901056289673,-0.7177046537399292,0.0,-1.9499999253864349,0.19700005619322286,-0.4345159395690814,0.0
1759838858.9094822,1,-1.2050001621245956,-0.8299997448920943,-0.7177030444144975,0.0,-1.734999179840088,-0.34999901056289673,-0.7177046537399292,0.0,-1.9499999253864349,0.19700005619322286,-0.4345159395690814,0.0
1759838858.9181874,1,-1.2050001621245956,-0.8299997448920943,-0.7177030444144975,0.0,-1.734999179840088,-0.34999901056289673,-0.7177046537399292,0.0,-1.9499999253864349,0.19700005619322286,-0.4345159395690814,0.0
1759838858.929015,1,-1.2050001621245956,-0.8299997448920943,-0.7177030444144975,0.0,-1.734999179840088,-0.34999901056289673,-0.7177046537399292,0.0,-1.9499999253864349,0.19700005619322286,-0.4345159395690814,0.0
1759838858.9405644,1,-1.2050001621245956,-0.8299997448920943,-0.7177030444144975,0.0,-1.734999179840088,-0.34999901056289673,-0.7177046537399292,0.0,-1.9499999253864349,0.19700005619322286,-0.4345159395690814,0.0
1759838858.9520226,1,-1.2050001621245956,-0.8299997448920943,-0.7177030444144975,0.0,-1.734999179840088,-0.34999901056289673,-0.7177046537399292,0.0,-1.9499999253864349,0.19700005619322286,-0.4345159395690814,0.0
1759838858.9629376,1,-1.2050001621245956,-0.8299997448920943,-0.7177030444144975,0.0,-1.734999179840088,-0.34999901056289673,-0.7177046537399292,0.0,-1.9499999253864349,0.19700005619322286,-0.4345159395690814,0.0
1759838858.9733863,1,-1.2050001621245956,-0.8299997448920943,-0.7177030444144975,0.0,-1.734999179840088,-0.34999901056289673,-0.7177046537399292,0.0,-1.9499999253864349,0.19700005619322286,-0.4345159395690814,0.0
1759838858.984429,1,-1.2050001621245956,-0.8299997448920943,-0.7177030444144975,0.0,-1.734999179840088,-0.34999901056289673,-0.7177046537399292,0.0,-1.9499999253864349,0.19700005619322286,-0.4345159395690814,0.0
1759838858.995928,1,-1.2050001621245956,-0.8299997448920943,-0.7177030444144975,0.0,-1.734999179840088,-0.34999901056289673,-0.7177046537399292,0.0,-1.9499999253864349,0.19700005619322286,-0.4345159395690814,0.0
1759838859.0073395,1,-1.2050001621245956,-0.8299997448920943,-0.7177030444144975,0.0,-1.734999179840088,-0.34999901056289673,-0.7177046537399292,0.0,-1.9499999253864349,0.19700005619322286,-0.4345159395690814,0.0
1759838859.0182805,1,-1.2050001621245956,-0.8299997448920943,-0.7177030444144975,0.0,-1.734999179840088,-0.34999901056289673,-0.7177046537399292,0.0,-1.9499999253864349,0.19700005619322286,-0.4345159395690814,0.0
1759838859.032727,1,-1.2050001621245956,-0.8299997448920943,-0.7177030444144975,0.0,-1.734999179840088,-0.34999901056289673,-0.7177046537399292,0.0,-1.9499999253864349,0.19700005619322286,-0.4345159395690814,0.0
1759838859.0443459,1,-1.2050001621245956,-0.8299997448920943,-0.7177030444144975,0.0,-1.734999179840088,-0.34999901056289673,-0.7177046537399292,0.0,-1.9499999253864349,0.19700005619322286,-0.4345159395690814,0.0
1759838859.0544198,1,-1.2050001621245956,-0.8299997448920943,-0.7177030444144975,0.0,-1.734999179840088,-0.34999901056289673,-0.7177046537399292,0.0,-1.9499999253864349,0.19700005619322286,-0.4345159395690814,0.0
1759838859.066204,1,-1.2050001621245956,-0.8299997448920943,-0.7177030444144975,0.0,-1.734999179840088,-0.34999901056289673,-0.7177046537399292,0.0,-1.9499999253864349,0.19700005619322286,-0.4345159395690814,0.0
1759838859.0775924,1,-1.2050001621245956,-0.8299997448920943,-0.7177030444144975,0.0,-1.734999179840088,-0.34999901056289673,-0.7177046537399292,0.0,-1.9499999253864349,0.19700005619322286,-0.4345159395690814,0.0
1759838859.0883682,1,-1.2050001621245956,-0.8299997448920943,-0.7177030444144975,0.0,-1.734999179840088,-0.34999901056289673,-0.7177046537399292,0.0,-1.9499999253864349,0.19700005619322286,-0.4345159395690814,0.0
1759838859.0991244,1,-1.2050001621245956,-0.8299997448920943,-0.7177030444144975,0.0,-1.734999179840088,-0.34999901056289673,-0.7177046537399292,0.0,-1.9499999253864349,0.19700005619322286,-0.4345159395690814,0.0
1759838859.1166086,1,-1.2050001621245956,-0.8299997448920943,-0.7177030444144975,0.0,-1.734999179840088,-0.34999901056289673,-0.7177046537399292,0.0,-1.9499999253864349,0.19700005619322286,-0.4345159395690814,0.0
1759838859.1250243,1,-1.2050001621245956,-0.8299997448920943,-0.7177030444144975,0.0,-1.734999179840088,-0.34999901056289673,-0.7177046537399292,0.0,-1.9499999253864349,0.19700005619322286,-0.4345159395690814,0.0
1759838859.1360207,1,-1.2050001621245956,-0.8299997448920943,-0.7177030444144975,0.0,-1.734999179840088,-0.34999901056289673,-0.7177046537399292,0.0,-1.9499999253864349,0.19700005619322286,-0.4345159395690814,0.0
1759838859.1470902,1,-1.2050001621245956,-0.8299997448920943,-0.7177030444144975,0.0,-1.734999179840088,-0.34999901056289673,-0.7177046537399292,0.0,-1.9499999253864349,0.19700005619322286,-0.4345159395690814,0.0
1759838859.1576133,1,-1.2050001621245956,-0.8299997448920943,-0.7177030444144975,0.0,-1.734999179840088,-0.34999901056289673,-0.7177046537399292,0.0,-1.9499999253864349,0.19700005619322286,-0.4345159395690814,0.0
1759838859.1689222,1,-1.2050001621245956,-0.8299997448920943,-0.7177030444144975,0.0,-1.734999179840088,-0.34999901056289673,-0.7177046537399292,0.0,-1.9499999253864349,0.19700005619322286,-0.4345159395690814,0.0
1759838859.1799664,1,-1.2050001621245956,-0.8299997448920943,-0.7177030444144975,0.0,-1.734999179840088,-0.34999901056289673,-0.7177046537399292,0.0,-1.9499999253864349,0.19700005619322286,-0.4345159395690814,0.0
1759838859.190662,1,-1.2050001621245956,-0.8299997448920943,-0.7177030444144975,0.0,-1.734999179840088,-0.34999901056289673,-0.7177046537399292,0.0,-1.9499999253864349,0.19700005619322286,-0.4345159395690814,0.0
1759838859.2067332,1,-1.2050001621245956,-0.8299997448920943,-0.7177030444144975,0.0,-1.734999179840088,-0.34999901056289673,-0.7177046537399292,0.0,-1.9499999253864349,0.19700005619322286,-0.4345159395690814,0.0
1759838859.216937,1,-1.2050001621245956,-0.8299997448920943,-0.7177030444144975,0.0,-1.734999179840088,-0.34999901056289673,-0.7177046537399292,0.0,-1.9499999253864349,0.19700005619322286,-0.4345159395690814,0.0
1759838859.2308502,1,-1.2050001621245956,-0.8299997448920943,-0.7177030444144975,0.0,-1.734999179840088,-0.34999901056289673,-0.7177046537399292,0.0,-1.9499999253864349,0.19700005619322286,-0.4345159395690814,0.0
1759838859.2458603,1,-1.2050001621245956,-0.8299997448920943,-0.7177030444144975,0.0,-1.734999179840088,-0.34999901056289673,-0.7177046537399292,0.0,-1.9499999253864349,0.19700005619322286,-0.4345159395690814,0.0
1759838859.2568436,1,-1.2050001621245956,-0.8299997448920943,-0.7177030444144975,0.0,-1.734999179840088,-0.34999901056289673,-0.7177046537399292,0.0,-1.9499999253864349,0.19700005619322286,-0.4345159395690814,0.0
1759838859.2694488,1,-1.2050001621245956,-0.8299997448920943,-0.7177030444144975,0.0,-1.734999179840088,-0.34999901056289673,-0.7177046537399292,0.0,-1.9499999253864349,0.19700005619322286,-0.4345159395690814,0.0
1759838859.2808595,1,-1.2050001621245956,-0.8299997448920943,-0.7177030444144975,0.0,-1.734999179840088,-0.34999901056289673,-0.7177046537399292,0.0,-1.9499999253864349,0.19700005619322286,-0.4345159395690814,0.0
1759838859.292756,1,-1.2050001621245956,-0.8299997448920943,-0.7177030444144975,0.0,-1.734999179840088,-0.34999901056289673,-0.7177046537399292,0.0,-1.9499999253864349,0.19700005619322286,-0.4345159395690814,0.0
1759838859.3038187,1,-1.2050001621245956,-0.8299997448920943,-0.7177030444144975,0.0,-1.734999179840088,-0.34999901056289673,-0.7177046537399292,0.0,-1.9499999253864349,0.19700005619322286,-0.4345159395690814,0.0
1759838859.321361,1,-1.2050001621245956,-0.8299997448920943,-0.7177030444144975,0.0,-1.734999179840088,-0.34999901056289673,-0.7177046537399292,0.0,-1.9499999253864349,0.19700005619322286,-0.4345159395690814,0.0
1759838859.3311243,1,-1.2050001621245956,-0.8299997448920943,-0.7177030444144975,0.0,-1.734999179840088,-0.34999901056289673,-0.7177046537399292,0.0,-1.9499999253864349,0.19700005619322286,-0.4345159395690814,0.0
1759838859.3465853,1,-1.2050001621245956,-0.8299997448920943,-0.7177030444144975,0.0,-1.734999179840088,-0.34999901056289673,-0.7177046537399292,0.0,-1.9499999253864349,0.19700005619322286,-0.4345159395690814,0.0
1759838859.357298,1,-1.2050001621245956,-0.8299997448920943,-0.7177030444144975,0.0,-1.734999179840088,-0.34999901056289673,-0.7177046537399292,0.0,-1.9499999253864349,0.19700005619322286,-0.4345159395690814,0.0
1759838859.3677542,1,-1.2050001621245956,-0.8299997448920943,-0.7177030444144975,0.0,-1.734999179840088,-0.34999901056289673,-0.7177046537399292,0.0,-1.9499999253864349,0.19700005619322286,-0.4345159395690814,0.0
1759838859.3790262,1,-1.2050001621245956,-0.8299997448920943,-0.7177030444144975,0.0,-1.734999179840088,-0.34999901056289673,-0.7177046537399292,0.0,-1.9499999253864349,0.19700005619322286,-0.4345159395690814,0.0
1759838859.3897552,1,-1.2050001621245956,-0.8299997448920943,-0.7177030444144975,0.0,-1.734999179840088,-0.34999901056289673,-0.7177046537399292,0.0,-1.9499999253864349,0.19700005619322286,-0.4345159395690814,0.0
1759838859.3998525,1,-1.2050001621245956,-0.8299997448920943,-0.7177030444144975,0.0,-1.734999179840088,-0.34999901056289673,-0.7177046537399292,0.0,-1.9499999253864349,0.19700005619322286,-0.4345159395690814,0.0
1759838859.4111514,1,-1.2050001621245956,-0.8299997448920943,-0.7177030444144975,0.0,-1.734999179840088,-0.34999901056289673,-0.7177046537399292,0.0,-1.9499999253864349,0.19700005619322286,-0.4345159395690814,0.0
1759838859.4225137,1,-1.2050001621245956,-0.8299997448920943,-0.7177030444144975,0.0,-1.734999179840088,-0.34999901056289673,-0.7177046537399292,0.0,-1.9499999253864349,0.19700005619322286,-0.4345159395690814,0.0
1759838859.433473,1,-1.2050001621245956,-0.8299997448920943,-0.7177030444144975,0.0,-1.734999179840088,-0.34999901056289673,-0.7177046537399292,0.0,-1.9499999253864349,0.19700005619322286,-0.4345159395690814,0.0
1759838859.4445286,1,-1.2050001621245956,-0.8299997448920943,-0.7177030444144975,0.0,-1.734999179840088,-0.34999901056289673,-0.7177046537399292,0.0,-1.9499999253864349,0.19700005619322286,-0.4345159395690814,0.0
1759838859.4553773,1,-1.2050001621245956,-0.8299997448920943,-0.7177030444144975,0.0,-1.734999179840088,-0.34999901056289673,-0.7177046537399292,0.0,-1.9499999253864349,0.19700005619322286,-0.4345159395690814,0.0
1759838859.466214,1,-1.2050001621245956,-0.8299997448920943,-0.7177030444144975,0.0,-1.734999179840088,-0.34999901056289673,-0.7177046537399292,0.0,-1.9499999253864349,0.19700005619322286,-0.4345159395690814,0.0
1759838859.4779708,1,-1.2050001621245956,-0.8299997448920943,-0.7177030444144975,0.0,-1.734999179840088,-0.34999901056289673,-0.7177046537399292,0.0,-1.9499999253864349,0.19700005619322286,-0.4345159395690814,0.0
1759838859.4892771,1,-1.2050001621245956,-0.8299997448920943,-0.7177030444144975,0.0,-1.734999179840088,-0.34999901056289673,-0.7177046537399292,0.0,-1.9499999253864349,0.19700005619322286,-0.4345159395690814,0.0
1759838859.5021174,1,-1.2050001621245956,-0.8299997448920943,-0.7177030444144975,0.0,-1.734999179840088,-0.34999901056289673,-0.7177046537399292,0.0,-1.9499999253864349,0.19700005619322286,-0.4345159395690814,0.0
1759838859.5126462,1,-1.2050001621245956,-0.8299997448920943,-0.7177030444144975,0.0,-1.734999179840088,-0.34999901056289673,-0.7177046537399292,0.0,-1.9499999253864349,0.19700005619322286,-0.4345159395690814,0.0
1759838859.5310519,1,-1.2050001621245956,-0.8299997448920943,-0.7177030444144975,0.0,-1.734999179840088,-0.34999901056289673,-0.7177046537399292,0.0,-1.9499999253864349,0.19700005619322286,-0.4345159395690814,0.0
1759838859.5400262,1,-1.2050001621245956,-0.8299997448920943,-0.7177030444144975,0.0,-1.734999179840088,-0.34999901056289673,-0.7177046537399292,0.0,-1.9499999253864349,0.19700005619322286,-0.4345159395690814,0.0
1759838859.550283,1,-1.2050001621245956,-0.8299997448920943,-0.7177030444144975,0.0,-1.734999179840088,-0.34999901056289673,-0.7177046537399292,0.0,-1.9499999253864349,0.19700005619322286,-0.4345159395690814,0.0
1759838859.5640135,1,-1.2050001621245956,-0.8299997448920943,-0.7177030444144975,0.0,-1.734999179840088,-0.34999901056289673,-0.7177046537399292,0.0,-1.9499999253864349,0.19700005619322286,-0.4345159395690814,0.0
1759838859.5753658,1,-1.2050001621245956,-0.8299997448920943,-0.7177030444144975,0.0,-1.734999179840088,-0.34999901056289673,-0.7177046537399292,0.0,-1.9499999253864349,0.19700005619322286,-0.4345159395690814,0.0
1759838859.5860085,1,-1.2050001621245956,-0.8299997448920943,-0.7177030444144975,0.0,-1.734999179840088,-0.34999901056289673,-0.7177046537399292,0.0,-1.9499999253864349,0.19700005619322286,-0.4345159395690814,0.0
1759838859.5984406,1,-1.2050001621245956,-0.8299997448920943,-0.7177030444144975,0.0,-1.734999179840088,-0.34999901056289673,-0.7177046537399292,0.0,-1.9499999253864349,0.19700005619322286,-0.4345159395690814,0.0
1759838859.609772,1,-1.2050001621245956,-0.8299997448920943,-0.7177030444144975,0.0,-1.734999179840088,-0.34999901056289673,-0.7177046537399292,0.0,-1.9499999253864349,0.19700005619322286,-0.4345159395690814,0.0
1759838859.623481,1,-1.2050001621245956,-0.8299997448920943,-0.7177030444144975,0.0,-1.734999179840088,-0.34999901056289673,-0.7177046537399292,0.0,-1.9499999253864349,0.19700005619322286,-0.4345159395690814,0.0
1759838859.633886,1,-1.2050001621245956,-0.8299997448920943,-0.7177030444144975,0.0,-1.734999179840088,-0.34999901056289673,-0.7177046537399292,0.0,-1.9499999253864349,0.19700005619322286,-0.4345159395690814,0.0
1759838859.6469517,1,-1.2050001621245956,-0.8299997448920943,-0.7177030444144975,0.0,-1.734999179840088,-0.34999901056289673,-0.7177046537399292,0.0,-1.9499999253864349,0.19700005619322286,-0.4345159395690814,0.0
1759838859.6579366,1,-1.2050001621245956,-0.8299997448920943,-0.7177030444144975,0.0,-1.734999179840088,-0.34999901056289673,-0.7177046537399292,0.0,-1.9499999253864349,0.19700005619322286,-0.4345159395690814,0.0
1759838859.6716695,1,-1.2050001621245956,-0.8299997448920943,-0.7177030444144975,0.0,-1.734999179840088,-0.34999901056289673,-0.7177046537399292,0.0,-1.9499999253864349,0.19700005619322286,-0.4345159395690814,0.0
1759838859.6819413,1,-1.2050001621245956,-0.8299997448920943,-0.7177030444144975,0.0,-1.734999179840088,-0.34999901056289673,-0.7177046537399292,0.0,-1.9499999253864349,0.19700005619322286,-0.4345159395690814,0.0
1759838859.6937468,1,-1.2050001621245956,-0.8299997448920943,-0.7177030444144975,0.0,-1.734999179840088,-0.34999901056289673,-0.7177046537399292,0.0,-1.9499999253864349,0.19700005619322286,-0.4345159395690814,0.0
1759838859.7049706,1,-1.2050001621245956,-0.8299997448920943,-0.7177030444144975,0.0,-1.734999179840088,-0.34999901056289673,-0.7177046537399292,0.0,-1.9499999253864349,0.19700005619322286,-0.4345159395690814,0.0
1759838859.7161345,1,-1.2050001621245956,-0.8299997448920943,-0.7177030444144975,0.0,-1.734999179840088,-0.34999901056289673,-0.7177046537399292,0.0,-1.9499999253864349,0.19700005619322286,-0.4345159395690814,0.0
1759838859.7292762,1,-1.2050001621245956,-0.8299997448920943,-0.7177030444144975,0.0,-1.734999179840088,-0.34999901056289673,-0.7177046537399292,0.0,-1.9499999253864349,0.19700005619322286,-0.4345159395690814,0.0
1759838859.740042,1,-1.2050001621245956,-0.8299997448920943,-0.7177030444144975,0.0,-1.734999179840088,-0.34999901056289673,-0.7177046537399292,0.0,-1.9499999253864349,0.19700005619322286,-0.4345159395690814,0.0
1759838859.7523382,1,-1.2050001621245956,-0.8299997448920943,-0.7177030444144975,0.0,-1.734999179840088,-0.34999901056289673,-0.7177046537399292,0.0,-1.9499999253864349,0.19700005619322286,-0.4345159395690814,0.0
1759838859.7637987,1,-1.2050001621245956,-0.8299997448920943,-0.7177030444144975,0.0,-1.734999179840088,-0.34999901056289673,-0.7177046537399292,0.0,-1.9499999253864349,0.19700005619322286,-0.4345159395690814,0.0
1759838859.7741601,1,-1.2050001621245956,-0.8299997448920943,-0.7177030444144975,0.0,-1.734999179840088,-0.34999901056289673,-0.7177046537399292,0.0,-1.9499999253864349,0.19700005619322286,-0.4345159395690814,0.0
1759838859.78554,1,-1.2050001621245956,-0.8299997448920943,-0.7177030444144975,0.0,-1.734999179840088,-0.34999901056289673,-0.7177046537399292,0.0,-1.9499999253864349,0.19700005619322286,-0.4345159395690814,0.0
1759838859.796469,1,-1.2050001621245956,-0.8299997448920943,-0.7177030444144975,0.0,-1.734999179840088,-0.34999901056289673,-0.7177046537399292,0.0,-1.9499999253864349,0.19700005619322286,-0.4345159395690814,0.0
1759838859.807786,1,-1.2050001621245956,-0.8299997448920943,-0.7177030444144975,0.0,-1.734999179840088,-0.34999901056289673,-0.7177046537399292,0.0,-1.9499999253864349,0.19700005619322286,-0.4345159395690814,0.0
1759838859.8204331,1,-1.2050001621245956,-0.8299997448920943,-0.7177030444144975,0.0,-1.734999179840088,-0.34999901056289673,-0.7177046537399292,0.0,-1.9499999253864349,0.19700005619322286,-0.4345159395690814,0.0
1759838859.830776,1,-1.2050001621245956,-0.8299997448920943,-0.7177030444144975,0.0,-1.734999179840088,-0.34999901056289673,-0.7177046537399292,0.0,-1.9499999253864349,0.19700005619322286,-0.4345159395690814,0.0
1759838859.841245,1,-1.2050001621245956,-0.8299997448920943,-0.7177030444144975,0.0,-1.734999179840088,-0.34999901056289673,-0.7177046537399292,0.0,-1.9499999253864349,0.19700005619322286,-0.4345159395690814,0.0
1759838859.8517444,1,-1.2050001621245956,-0.8299997448920943,-0.7177030444144975,0.0,-1.734999179840088,-0.34999901056289673,-0.7177046537399292,0.0,-1.9499999253864349,0.19700005619322286,-0.4345159395690814,0.0
1759838859.863086,1,-1.2050001621245956,-0.8299997448920943,-0.7177030444144975,0.0,-1.734999179840088,-0.34999901056289673,-0.7177046537399292,0.0,-1.9499999253864349,0.19700005619322286,-0.4345159395690814,0.0
1759838859.8743844,1,-1.2050001621245956,-0.8299997448920943,-0.7177030444144975,0.0,-1.734999179840088,-0.34999901056289673,-0.7177046537399292,0.0,-1.9499999253864349,0.19700005619322286,-0.4345159395690814,0.0
1759838859.8850682,1,-1.2050001621245956,-0.8299997448920943,-0.7177030444144975,0.0,-1.734999179840088,-0.34999901056289673,-0.7177046537399292,0.0,-1.9499999253864349,0.19700005619322286,-0.4345159395690814,0.0
1759838859.8954453,1,-1.2050001621245956,-0.8299997448920943,-0.7177030444144975,0.0,-1.734999179840088,-0.34999901056289673,-0.7177046537399292,0.0,-1.9499999253864349,0.19700005619322286,-0.4345159395690814,0.0
1759838859.9071093,1,-1.2050001621245956,-0.8299997448920943,-0.7177030444144975,0.0,-1.734999179840088,-0.34999901056289673,-0.7177046537399292,0.0,-1.9499999253864349,0.19700005619322286,-0.4345159395690814,0.0
1759838859.9177372,1,-1.2050001621245956,-0.8299997448920943,-0.7177030444144975,0.0,-1.734999179840088,-0.34999901056289673,-0.7177046537399292,0.0,-1.9499999253864349,0.19700005619322286,-0.4345159395690814,0.0
1759838859.9352567,1,-1.2050001621245956,-0.8299997448920943,-0.7177030444144975,0.0,-1.734999179840088,-0.34999901056289673,-0.7177046537399292,0.0,-1.9499999253864349,0.19700005619322286,-0.4345159395690814,0.0
1759838859.9445155,1,-1.2050001621245956,-0.8299997448920943,-0.7177030444144975,0.0,-1.734999179840088,-0.34999901056289673,-0.7177046537399292,0.0,-1.9499999253864349,0.19700005619322286,-0.4345159395690814,0.0
1759838859.955511,1,-1.2050001621245956,-0.8299997448920943,-0.7177030444144975,0.0,-1.734999179840088,-0.34999901056289673,-0.7177046537399292,0.0,-1.9499999253864349,0.19700005619322286,-0.4345159395690814,0.0
1759838859.9668217,1,-1.2050001621245956,-0.8299997448920943,-0.7177030444144975,0.0,-1.734999179840088,-0.34999901056289673,-0.7177046537399292,0.0,-1.9499999253864349,0.19700005619322286,-0.4345159395690814,0.0
1759838859.9772015,1,-1.2050001621245956,-0.8299997448920943,-0.7177030444144975,0.0,-1.734999179840088,-0.34999901056289673,-0.7177046537399292,0.0,-1.9499999253864349,0.19700005619322286,-0.4345159395690814,0.0
1759838859.99019,1,-1.2050001621245956,-0.8299997448920943,-0.7177030444144975,0.0,-1.734999179840088,-0.34999901056289673,-0.7177046537399292,0.0,-1.9499999253864349,0.19700005619322286,-0.4345159395690814,0.0
1759838860.001012,1,-1.2050001621245956,-0.8299997448920943,-0.7177030444144975,0.0,-1.734999179840088,-0.34999901056289673,-0.7177046537399292,0.0,-1.9499999253864349,0.19700005619322286,-0.4345159395690814,0.0
1759838860.0138297,1,-1.2050001621245956,-0.8299997448920943,-0.7177030444144975,0.0,-1.734999179840088,-0.34999901056289673,-0.7177046537399292,0.0,-1.9499999253864349,0.19700005619322286,-0.4345159395690814,0.0
1759838860.0247734,1,-1.2050001621245956,-0.8299997448920943,-0.7177030444144975,0.0,-1.734999179840088,-0.34999901056289673,-0.7177046537399292,0.0,-1.9499999253864349,0.19700005619322286,-0.4345159395690814,0.0
1759838860.0365129,1,-1.2050001621245956,-0.8299997448920943,-0.7177030444144975,0.0,-1.734999179840088,-0.34999901056289673,-0.7177046537399292,0.0,-1.9499999253864349,0.19700005619322286,-0.4345159395690814,0.0
1759838860.0479145,1,-1.2050001621245956,-0.8299997448920943,-0.7177030444144975,0.0,-1.734999179840088,-0.34999901056289673,-0.7177046537399292,0.0,-1.9499999253864349,0.19700005619322286,-0.4345159395690814,0.0
1759838860.0669339,1,-1.2050001621245956,-0.8299997448920943,-0.7177030444144975,0.0,-1.734999179840088,-0.34999901056289673,-0.7177046537399292,0.0,-1.9499999253864349,0.19700005619322286,-0.4345159395690814,0.0
1759838860.0778272,1,-1.2050001621245956,-0.8299997448920943,-0.7177030444144975,0.0,-1.734999179840088,-0.34999901056289673,-0.7177046537399292,0.0,-1.9499999253864349,0.19700005619322286,-0.4345159395690814,0.0
1759838860.091848,1,-1.2050001621245956,-0.8299997448920943,-0.7177030444144975,0.0,-1.734999179840088,-0.34999901056289673,-0.7177046537399292,0.0,-1.9499999253864349,0.19700005619322286,-0.4345159395690814,0.0
1759838860.102104,1,-1.2050001621245956,-0.8299997448920943,-0.7177030444144975,0.0,-1.734999179840088,-0.34999901056289673,-0.7177046537399292,0.0,-1.9499999253864349,0.19700005619322286,-0.4345159395690814,0.0
1759838860.1159432,1,-1.2050001621245956,-0.8299997448920943,-0.7177030444144975,0.0,-1.734999179840088,-0.34999901056289673,-0.7177046537399292,0.0,-1.9499999253864349,0.19700005619322286,-0.4345159395690814,0.0
1759838860.1399128,1,-1.2050001621245956,-0.8299997448920943,-0.7177030444144975,0.0,-1.734999179840088,-0.34999901056289673,-0.7177046537399292,0.0,-1.9499999253864349,0.19700005619322286,-0.4345159395690814,0.0
1759838860.1498857,1,-1.2050001621245956,-0.8299997448920943,-0.7177030444144975,0.0,-1.734999179840088,-0.34999901056289673,-0.7177046537399292,0.0,-1.9499999253864349,0.19700005619322286,-0.4345159395690814,0.0
1759838860.1607747,1,-1.2050001621245956,-0.8299997448920943,-0.7177030444144975,0.0,-1.734999179840088,-0.34999901056289673,-0.7177046537399292,0.0,-1.9499999253864349,0.19700005619322286,-0.4345159395690814,0.0
1759838860.1734476,1,-1.2050001621245956,-0.8299997448920943,-0.7177030444144975,0.0,-1.734999179840088,-0.34999901056289673,-0.7177046537399292,0.0,-1.9499999253864349,0.19700005619322286,-0.4345159395690814,0.0
1759838860.1834793,1,-1.2050001621245956,-0.8299997448920943,-0.7177030444144975,0.0,-1.734999179840088,-0.34999901056289673,-0.7177046537399292,0.0,-1.9499999253864349,0.19700005619322286,-0.4345159395690814,0.0
1759838860.1942725,1,-1.2050001621245956,-0.8299997448920943,-0.7177030444144975,0.0,-1.734999179840088,-0.34999901056289673,-0.7177046537399292,0.0,-1.9499999253864349,0.19700005619322286,-0.4345159395690814,0.0
1759838860.2125747,1,-1.2050001621245956,-0.8299997448920943,-0.7177030444144975,0.0,-1.734999179840088,-0.34999901056289673,-0.7177046537399292,0.0,-1.9499999253864349,0.19700005619322286,-0.4345159395690814,0.0
1759838860.2227757,1,-1.2050001621245956,-0.8299997448920943,-0.7177030444144975,0.0,-1.734999179840088,-0.34999901056289673,-0.7177046537399292,0.0,-1.9499999253864349,0.19700005619322286,-0.4345159395690814,0.0
1759838860.238132,1,-1.2050001621245956,-0.8299997448920943,-0.7177030444144975,0.0,-1.734999179840088,-0.34999901056289673,-0.7177046537399292,0.0,-1.9499999253864349,0.19700005619322286,-0.4345159395690814,0.0
1759838860.255961,1,-1.2050001621245956,-0.8299997448920943,-0.7177030444144975,0.0,-1.734999179840088,-0.34999901056289673,-0.7177046537399292,0.0,-1.9499999253864349,0.19700005619322286,-0.4345159395690814,0.0
1759838860.2674441,1,-1.2050001621245956,-0.8299997448920943,-0.7177030444144975,0.0,-1.734999179840088,-0.34999901056289673,-0.7177046537399292,0.0,-1.9499999253864349,0.19700005619322286,-0.4345159395690814,0.0
1759838860.2780864,1,-1.2050001621245956,-0.8299997448920943,-0.7177030444144975,0.0,-1.734999179840088,-0.34999901056289673,-0.7177046537399292,0.0,-1.9499999253864349,0.19700005619322286,-0.4345159395690814,0.0
1759838860.2895966,1,-1.2050001621245956,-0.8299997448920943,-0.7177030444144975,0.0,-1.734999179840088,-0.34999901056289673,-0.7177046537399292,0.0,-1.9499999253864349,0.19700005619322286,-0.4345159395690814,0.0
1759838860.3008046,1,-1.2050001621245956,-0.8299997448920943,-0.7177030444144975,0.0,-1.734999179840088,-0.34999901056289673,-0.7177046537399292,0.0,-1.9499999253864349,0.19700005619322286,-0.4345159395690814,0.0
1759838860.3153574,1,-1.2050001621245956,-0.8299997448920943,-0.7177030444144975,0.0,-1.734999179840088,-0.34999901056289673,-0.7177046537399292,0.0,-1.9499999253864349,0.19700005619322286,-0.4345159395690814,0.0
1759838860.32681,1,-1.2050001621245956,-0.8299997448920943,-0.7177030444144975,0.0,-1.734999179840088,-0.34999901056289673,-0.7177046537399292,0.0,-1.9499999253864349,0.19700005619322286,-0.4345159395690814,0.0
1759838860.3494241,1,-1.2050001621245956,-0.8299997448920943,-0.7177030444144975,0.0,-1.734999179840088,-0.34999901056289673,-0.7177046537399292,0.0,-1.9499999253864349,0.19700005619322286,-0.4345159395690814,0.0
1759838860.3592124,1,-1.2050001621245956,-0.8299997448920943,-0.7177030444144975,0.0,-1.734999179840088,-0.34999901056289673,-0.7177046537399292,0.0,-1.9499999253864349,0.19700005619322286,-0.4345159395690814,0.0
1759838860.3706167,1,-1.2050001621245956,-0.8299997448920943,-0.7177030444144975,0.0,-1.734999179840088,-0.34999901056289673,-0.7177046537399292,0.0,-1.9499999253864349,0.19700005619322286,-0.4345159395690814,0.0
1759838860.3846736,1,-1.2050001621245956,-0.8299997448920943,-0.7177030444144975,0.0,-1.734999179840088,-0.34999901056289673,-0.7177046537399292,0.0,-1.9499999253864349,0.19700005619322286,-0.4345159395690814,0.0
1759838860.3955154,1,-1.2050001621245956,-0.8299997448920943,-0.7177030444144975,0.0,-1.734999179840088,-0.34999901056289673,-0.7177046537399292,0.0,-1.9499999253864349,0.19700005619322286,-0.4345159395690814,0.0
1759838860.4104948,1,-1.2050001621245956,-0.8299997448920943,-0.7177030444144975,0.0,-1.734999179840088,-0.34999901056289673,-0.7177046537399292,0.0,-1.9499999253864349,0.19700005619322286,-0.4345159395690814,0.0
1759838860.4215784,1,-1.2050001621245956,-0.8299997448920943,-0.7177030444144975,0.0,-1.734999179840088,-0.34999901056289673,-0.7177046537399292,0.0,-1.9499999253864349,0.19700005619322286,-0.4345159395690814,0.0
1759838860.4364362,1,-1.2050001621245956,-0.8299997448920943,-0.7177030444144975,0.0,-1.734999179840088,-0.34999901056289673,-0.7177046537399292,0.0,-1.9499999253864349,0.19700005619322286,-0.4345159395690814,0.0
1759838860.4467275,1,-1.2050001621245956,-0.8299997448920943,-0.7177030444144975,0.0,-1.734999179840088,-0.34999901056289673,-0.7177046537399292,0.0,-1.9499999253864349,0.19700005619322286,-0.4345159395690814,0.0
1759838860.4619281,1,-1.2050001621245956,-0.8299997448920943,-0.7177030444144975,0.0,-1.734999179840088,-0.34999901056289673,-0.7177046537399292,0.0,-1.9499999253864349,0.19700005619322286,-0.4345159395690814,0.0
1759838860.4739401,1,-1.2050001621245956,-0.8299997448920943,-0.7177030444144975,0.0,-1.734999179840088,-0.34999901056289673,-0.7177046537399292,0.0,-1.9499999253864349,0.19700005619322286,-0.4345159395690814,0.0
1759838860.4871771,1,-1.2050001621245956,-0.8299997448920943,-0.7177030444144975,0.0,-1.734999179840088,-0.34999901056289673,-0.7177046537399292,0.0,-1.9499999253864349,0.19700005619322286,-0.4345159395690814,0.0
1759838860.4984841,1,-1.2050001621245956,-0.8299997448920943,-0.7177030444144975,0.0,-1.734999179840088,-0.34999901056289673,-0.7177046537399292,0.0,-1.9499999253864349,0.19700005619322286,-0.4345159395690814,0.0
1759838860.5096993,1,-1.2050001621245956,-0.8299997448920943,-0.7177030444144975,0.0,-1.734999179840088,-0.34999901056289673,-0.7177046537399292,0.0,-1.9499999253864349,0.19700005619322286,-0.4345159395690814,0.0
1759838860.5210495,1,-1.2050001621245956,-0.8299997448920943,-0.7177030444144975,0.0,-1.734999179840088,-0.34999901056289673,-0.7177046537399292,0.0,-1.9499999253864349,0.19700005619322286,-0.4345159395690814,0.0
1759838860.5324478,1,-1.2050001621245956,-0.8299997448920943,-0.7177030444144975,0.0,-1.734999179840088,-0.34999901056289673,-0.7177046537399292,0.0,-1.9499999253864349,0.19700005619322286,-0.4345159395690814,0.0
1759838860.55538,1,-1.2050001621245956,-0.8299997448920943,-0.7177030444144975,0.0,-1.734999179840088,-0.34999901056289673,-0.7177046537399292,0.0,-1.9499999253864349,0.19700005619322286,-0.4345159395690814,0.0
1759838860.5653834,1,-1.2050001621245956,-0.8299997448920943,-0.7177030444144975,0.0,-1.734999179840088,-0.34999901056289673,-0.7177046537399292,0.0,-1.9499999253864349,0.19700005619322286,-0.4345159395690814,0.0
1759838860.577041,1,-1.2050001621245956,-0.8299997448920943,-0.7177030444144975,0.0,-1.734999179840088,-0.34999901056289673,-0.7177046537399292,0.0,-1.9499999253864349,0.19700005619322286,-0.4345159395690814,0.0
1759838860.59081,1,-1.2050001621245956,-0.8299997448920943,-0.7177030444144975,0.0,-1.734999179840088,-0.34999901056289673,-0.7177046537399292,0.0,-1.9499999253864349,0.19700005619322286,-0.4345159395690814,0.0
1759838860.6034243,1,-1.2050001621245956,-0.8299997448920943,-0.7177030444144975,0.0,-1.734999179840088,-0.34999901056289673,-0.7177046537399292,0.0,-1.9499999253864349,0.19700005619322286,-0.4345159395690814,0.0
1759838860.6138914,1,-1.2050001621245956,-0.8299997448920943,-0.7177030444144975,0.0,-1.734999179840088,-0.34999901056289673,-0.7177046537399292,0.0,-1.9499999253864349,0.19700005619322286,-0.4345159395690814,0.0
1759838860.6240866,1,-1.2050001621245956,-0.8299997448920943,-0.7177030444144975,0.0,-1.734999179840088,-0.34999901056289673,-0.7177046537399292,0.0,-1.9499999253864349,0.19700005619322286,-0.4345159395690814,0.0
1759838860.6397843,1,-1.2050001621245956,-0.8299997448920943,-0.7177030444144975,0.0,-1.734999179840088,-0.34999901056289673,-0.7177046537399292,0.0,-1.9499999253864349,0.19700005619322286,-0.4345159395690814,0.0
1759838860.6504786,1,-1.2050001621245956,-0.8299997448920943,-0.7177030444144975,0.0,-1.734999179840088,-0.34999901056289673,-0.7177046537399292,0.0,-1.9499999253864349,0.19700005619322286,-0.4345159395690814,0.0
1759838860.6604886,1,-1.2050001621245956,-0.8299997448920943,-0.7177030444144975,0.0,-1.734999179840088,-0.34999901056289673,-0.7177046537399292,0.0,-1.9499999253864349,0.19700005619322286,-0.4345159395690814,0.0
1759838860.6706803,1,-1.2050001621245956,-0.8299997448920943,-0.7177030444144975,0.0,-1.734999179840088,-0.34999901056289673,-0.7177046537399292,0.0,-1.9499999253864349,0.19700005619322286,-0.4345159395690814,0.0
1759838860.6878393,1,-1.2050001621245956,-0.8299997448920943,-0.7177030444144975,0.0,-1.734999179840088,-0.34999901056289673,-0.7177046537399292,0.0,-1.9499999253864349,0.19700005619322286,-0.4345159395690814,0.0
1759838860.6987748,1,-1.2050001621245956,-0.8299997448920943,-0.7177030444144975,0.0,-1.734999179840088,-0.34999901056289673,-0.7177046537399292,0.0,-1.9499999253864349,0.19700005619322286,-0.4345159395690814,0.0
1759838860.708955,1,-1.2050001621245956,-0.8299997448920943,-0.7177030444144975,0.0,-1.734999179840088,-0.34999901056289673,-0.7177046537399292,0.0,-1.9499999253864349,0.19700005619322286,-0.4345159395690814,0.0
1759838860.7192552,1,-1.2050001621245956,-0.8299997448920943,-0.7177030444144975,0.0,-1.734999179840088,-0.34999901056289673,-0.7177046537399292,0.0,-1.9499999253864349,0.19700005619322286,-0.4345159395690814,0.0
1759838860.7348082,1,-1.2050001621245956,-0.8299997448920943,-0.7177030444144975,0.0,-1.734999179840088,-0.34999901056289673,-0.7177046537399292,0.0,-1.9499999253864349,0.19700005619322286,-0.4345159395690814,0.0
1759838860.7455819,1,-1.2050001621245956,-0.8299997448920943,-0.7177030444144975,0.0,-1.734999179840088,-0.34999901056289673,-0.7177046537399292,0.0,-1.9499999253864349,0.19700005619322286,-0.4345159395690814,0.0
1759838860.7712438,1,-1.2050001621245956,-0.8299997448920943,-0.7177030444144975,0.0,-1.734999179840088,-0.34999901056289673,-0.7177046537399292,0.0,-1.9499999253864349,0.19700005619322286,-0.4345159395690814,0.0
1759838860.7815447,1,-1.2050001621245956,-0.8299997448920943,-0.7177030444144975,0.0,-1.734999179840088,-0.34999901056289673,-0.7177046537399292,0.0,-1.9499999253864349,0.19700005619322286,-0.4345159395690814,0.0
1759838860.7927947,1,-1.2050001621245956,-0.8299997448920943,-0.7177030444144975,0.0,-1.734999179840088,-0.34999901056289673,-0.7177046537399292,0.0,-1.9499999253864349,0.19700005619322286,-0.4345159395690814,0.0
1759838860.8043144,1,-1.2050001621245956,-0.8299997448920943,-0.7177030444144975,0.0,-1.734999179840088,-0.34999901056289673,-0.7177046537399292,0.0,-1.9499999253864349,0.19700005619322286,-0.4345159395690814,0.0
1759838860.8173676,1,-1.2050001621245956,-0.8299997448920943,-0.7177030444144975,0.0,-1.734999179840088,-0.34999901056289673,-0.7177046537399292,0.0,-1.9499999253864349,0.19700005619322286,-0.4345159395690814,0.0
1759838860.8276772,1,-1.2050001621245956,-0.8299997448920943,-0.7177030444144975,0.0,-1.734999179840088,-0.34999901056289673,-0.7177046537399292,0.0,-1.9499999253864349,0.19700005619322286,-0.4345159395690814,0.0
1759838860.8419452,1,-1.2050001621245956,-0.8299997448920943,-0.7177030444144975,0.0,-1.734999179840088,-0.34999901056289673,-0.7177046537399292,0.0,-1.9499999253864349,0.19700005619322286,-0.4345159395690814,0.0
1759838860.8532684,1,-1.2050001621245956,-0.8299997448920943,-0.7177030444144975,0.0,-1.734999179840088,-0.34999901056289673,-0.7177046537399292,0.0,-1.9499999253864349,0.19700005619322286,-0.4345159395690814,0.0
1759838860.8663974,1,-1.2050001621245956,-0.8299997448920943,-0.7177030444144975,0.0,-1.734999179840088,-0.34999901056289673,-0.7177046537399292,0.0,-1.9499999253864349,0.19700005619322286,-0.4345159395690814,0.0
1759838860.8767405,1,-1.2050001621245956,-0.8299997448920943,-0.7177030444144975,0.0,-1.734999179840088,-0.34999901056289673,-0.7177046537399292,0.0,-1.9499999253864349,0.19700005619322286,-0.4345159395690814,0.0
1759838860.891617,1,-1.2050001621245956,-0.8299997448920943,-0.7177030444144975,0.0,-1.734999179840088,-0.34999901056289673,-0.7177046537399292,0.0,-1.9499999253864349,0.19700005619322286,-0.4345159395690814,0.0
1759838860.9022336,1,-1.2050001621245956,-0.8299997448920943,-0.7177030444144975,0.0,-1.734999179840088,-0.34999901056289673,-0.7177046537399292,0.0,-1.9499999253864349,0.19700005619322286,-0.4345159395690814,0.0
1759838860.9149148,1,-1.2050001621245956,-0.8299997448920943,-0.7177030444144975,0.0,-1.734999179840088,-0.34999901056289673,-0.7177046537399292,0.0,-1.9499999253864349,0.19700005619322286,-0.4345159395690814,0.0
1759838860.9262283,1,-1.2050001621245956,-0.8299997448920943,-0.7177030444144975,0.0,-1.734999179840088,-0.34999901056289673,-0.7177046537399292,0.0,-1.9499999253864349,0.19700005619322286,-0.4345159395690814,0.0
1759838860.9365683,1,-1.2050001621245956,-0.8299997448920943,-0.7177030444144975,0.0,-1.734999179840088,-0.34999901056289673,-0.7177046537399292,0.0,-1.9499999253864349,0.19700005619322286,-0.4345159395690814,0.0
1759838860.9510188,1,-1.2050001621245956,-0.8299997448920943,-0.7177030444144975,0.0,-1.734999179840088,-0.34999901056289673,-0.7177046537399292,0.0,-1.9499999253864349,0.19700005619322286,-0.4345159395690814,0.0
1759838860.9650717,1,-1.2050001621245956,-0.8299997448920943,-0.7177030444144975,0.0,-1.734999179840088,-0.34999901056289673,-0.7177046537399292,0.0,-1.9499999253864349,0.19700005619322286,-0.4345159395690814,0.0
1759838860.9738333,1,-1.2050001621245956,-0.8299997448920943,-0.7177030444144975,0.0,-1.734999179840088,-0.34999901056289673,-0.7177046537399292,0.0,-1.9499999253864349,0.19700005619322286,-0.4345159395690814,0.0
1759838860.9873743,1,-1.2050001621245956,-0.8299997448920943,-0.7177030444144975,0.0,-1.734999179840088,-0.34999901056289673,-0.7177046537399292,0.0,-1.9499999253864349,0.19700005619322286,-0.4345159395690814,0.0
1759838861.0012183,1,-1.2050001621245956,-0.8299997448920943,-0.7177030444144975,0.0,-1.734999179840088,-0.34999901056289673,-0.7177046537399292,0.0,-1.9499999253864349,0.19700005619322286,-0.4345159395690814,0.0
1759838861.0120711,1,-1.2050001621245956,-0.8299997448920943,-0.7177030444144975,0.0,-1.734999179840088,-0.34999901056289673,-0.7177046537399292,0.0,-1.9499999253864349,0.19700005619322286,-0.4345159395690814,0.0
1759838861.0244217,1,-1.2050001621245956,-0.8299997448920943,-0.7177030444144975,0.0,-1.734999179840088,-0.34999901056289673,-0.7177046537399292,0.0,-1.9499999253864349,0.19700005619322286,-0.4345159395690814,0.0
1759838861.0344348,1,-1.2050001621245956,-0.8299997448920943,-0.7177030444144975,0.0,-1.734999179840088,-0.34999901056289673,-0.7177046537399292,0.0,-1.9499999253864349,0.19700005619322286,-0.4345159395690814,0.0
1759838861.0453625,1,-1.2050001621245956,-0.8299997448920943,-0.7177030444144975,0.0,-1.734999179840088,-0.34999901056289673,-0.7177046537399292,0.0,-1.9499999253864349,0.19700005619322286,-0.4345159395690814,0.0
1759838861.0595615,1,-1.2050001621245956,-0.8299997448920943,-0.7177030444144975,0.0,-1.734999179840088,-0.34999901056289673,-0.7177046537399292,0.0,-1.9499999253864349,0.19700005619322286,-0.4345159395690814,0.0
1759838861.0700793,1,-1.2050001621245956,-0.8299997448920943,-0.7177030444144975,0.0,-1.734999179840088,-0.34999901056289673,-0.7177046537399292,0.0,-1.9499999253864349,0.19700005619322286,-0.4345159395690814,0.0
1759838861.0806952,1,-1.2050001621245956,-0.8299997448920943,-0.7177030444144975,0.0,-1.734999179840088,-0.34999901056289673,-0.7177046537399292,0.0,-1.9499999253864349,0.19700005619322286,-0.4345159395690814,0.0
1759838861.091503,1,-1.2050001621245956,-0.8299997448920943,-0.7177030444144975,0.0,-1.734999179840088,-0.34999901056289673,-0.7177046537399292,0.0,-1.9499999253864349,0.19700005619322286,-0.4345159395690814,0.0
1759838861.1024983,1,-1.2050001621245956,-0.8299997448920943,-0.7177030444144975,0.0,-1.734999179840088,-0.34999901056289673,-0.7177046537399292,0.0,-1.9499999253864349,0.19700005619322286,-0.4345159395690814,0.0
1759838861.1157377,1,-1.2050001621245956,-0.8299997448920943,-0.7177030444144975,0.0,-1.734999179840088,-0.34999901056289673,-0.7177046537399292,0.0,-1.9499999253864349,0.19700005619322286,-0.4345159395690814,0.0
1759838861.1266441,1,-1.2050001621245956,-0.8299997448920943,-0.7177030444144975,0.0,-1.734999179840088,-0.34999901056289673,-0.7177046537399292,0.0,-1.9499999253864349,0.19700005619322286,-0.4345159395690814,0.0
1759838861.1377115,1,-1.2050001621245956,-0.8299997448920943,-0.7177030444144975,0.0,-1.734999179840088,-0.34999901056289673,-0.7177046537399292,0.0,-1.9499999253864349,0.19700005619322286,-0.4345159395690814,0.0
1759838861.1480877,1,-1.2050001621245956,-0.8299997448920943,-0.7177030444144975,0.0,-1.734999179840088,-0.34999901056289673,-0.7177046537399292,0.0,-1.9499999253864349,0.19700005619322286,-0.4345159395690814,0.0
1759838861.1589046,1,-1.2050001621245956,-0.8299997448920943,-0.7177030444144975,0.0,-1.734999179840088,-0.34999901056289673,-0.7177046537399292,0.0,-1.9499999253864349,0.19700005619322286,-0.4345159395690814,0.0
1759838861.179922,1,-1.2050001621245956,-0.8299997448920943,-0.7177030444144975,0.0,-1.734999179840088,-0.34999901056289673,-0.7177046537399292,0.0,-1.9499999253864349,0.19700005619322286,-0.4345159395690814,0.0
1759838861.188705,1,-1.2050001621245956,-0.8299997448920943,-0.7177030444144975,0.0,-1.734999179840088,-0.34999901056289673,-0.7177046537399292,0.0,-1.9499999253864349,0.19700005619322286,-0.4345159395690814,0.0
1759838861.1997182,1,-1.2050001621245956,-0.8299997448920943,-0.7177030444144975,0.0,-1.734999179840088,-0.34999901056289673,-0.7177046537399292,0.0,-1.9499999253864349,0.19700005619322286,-0.4345159395690814,0.0
1759838861.21333,1,-1.2050001621245956,-0.8299997448920943,-0.7177030444144975,0.0,-1.734999179840088,-0.34999901056289673,-0.7177046537399292,0.0,-1.9499999253864349,0.19700005619322286,-0.4345159395690814,0.0
1759838861.2237768,1,-1.2050001621245956,-0.8299997448920943,-0.7177030444144975,0.0,-1.734999179840088,-0.34999901056289673,-0.7177046537399292,0.0,-1.9499999253864349,0.19700005619322286,-0.4345159395690814,0.0
1759838861.2380779,1,-1.2050001621245956,-0.8299997448920943,-0.7177030444144975,0.0,-1.734999179840088,-0.34999901056289673,-0.7177046537399292,0.0,-1.9499999253864349,0.19700005619322286,-0.4345159395690814,0.0
1759838861.2496223,1,-1.2050001621245956,-0.8299997448920943,-0.7177030444144975,0.0,-1.734999179840088,-0.34999901056289673,-0.7177046537399292,0.0,-1.9499999253864349,0.19700005619322286,-0.4345159395690814,0.0
1759838861.2638109,1,-1.2050001621245956,-0.8299997448920943,-0.7177030444144975,0.0,-1.734999179840088,-0.34999901056289673,-0.7177046537399292,0.0,-1.9499999253864349,0.19700005619322286,-0.4345159395690814,0.0
1759838861.2738605,1,-1.2050001621245956,-0.8299997448920943,-0.7177030444144975,0.0,-1.734999179840088,-0.34999901056289673,-0.7177046537399292,0.0,-1.9499999253864349,0.19700005619322286,-0.4345159395690814,0.0
1759838861.2903378,1,-1.2050001621245956,-0.8299997448920943,-0.7177030444144975,0.0,-1.734999179840088,-0.34999901056289673,-0.7177046537399292,0.0,-1.9499999253864349,0.19700005619322286,-0.4345159395690814,0.0
1759838861.3006833,1,-1.2050001621245956,-0.8299997448920943,-0.7177030444144975,0.0,-1.734999179840088,-0.34999901056289673,-0.7177046537399292,0.0,-1.9499999253864349,0.19700005619322286,-0.4345159395690814,0.0
1759838861.3110106,1,-1.2050001621245956,-0.8299997448920943,-0.7177030444144975,0.0,-1.734999179840088,-0.34999901056289673,-0.7177046537399292,0.0,-1.9499999253864349,0.19700005619322286,-0.4345159395690814,0.0
1759838861.3263462,1,-1.2050001621245956,-0.8299997448920943,-0.7177030444144975,0.0,-1.734999179840088,-0.34999901056289673,-0.7177046537399292,0.0,-1.9499999253864349,0.19700005619322286,-0.4345159395690814,0.0
1759838861.3379219,1,-1.2050001621245956,-0.8299997448920943,-0.7177030444144975,0.0,-1.734999179840088,-0.34999901056289673,-0.7177046537399292,0.0,-1.9499999253864349,0.19700005619322286,-0.4345159395690814,0.0
1759838861.3546898,1,-1.2050001621245956,-0.8299997448920943,-0.7177030444144975,0.0,-1.734999179840088,-0.34999901056289673,-0.7177046537399292,0.0,-1.9499999253864349,0.19700005619322286,-0.4345159395690814,0.0
1759838861.3659992,1,-1.2050001621245956,-0.8299997448920943,-0.7177030444144975,0.0,-1.734999179840088,-0.34999901056289673,-0.7177046537399292,0.0,-1.9499999253864349,0.19700005619322286,-0.4345159395690814,0.0
1759838861.3885028,1,-1.2050001621245956,-0.8299997448920943,-0.7177030444144975,0.0,-1.734999179840088,-0.34999901056289673,-0.7177046537399292,0.0,-1.9499999253864349,0.19700005619322286,-0.4345159395690814,0.0
1759838861.3983157,1,-1.2050001621245956,-0.8299997448920943,-0.7177030444144975,0.0,-1.734999179840088,-0.34999901056289673,-0.7177046537399292,0.0,-1.9499999253864349,0.19700005619322286,-0.4345159395690814,0.0
1759838861.4098036,1,-1.2050001621245956,-0.8299997448920943,-0.7177030444144975,0.0,-1.734999179840088,-0.34999901056289673,-0.7177046537399292,0.0,-1.9499999253864349,0.19700005619322286,-0.4345159395690814,0.0
1759838861.4207387,1,-1.2050001621245956,-0.8299997448920943,-0.7177030444144975,0.0,-1.734999179840088,-0.34999901056289673,-0.7177046537399292,0.0,-1.9499999253864349,0.19700005619322286,-0.4345159395690814,0.0
1759838861.4330714,1,-1.2050001621245956,-0.8299997448920943,-0.7177030444144975,0.0,-1.734999179840088,-0.34999901056289673,-0.7177046537399292,0.0,-1.9499999253864349,0.19700005619322286,-0.4345159395690814,0.0
1759838861.4435165,1,-1.2050001621245956,-0.8299997448920943,-0.7177030444144975,0.0,-1.734999179840088,-0.34999901056289673,-0.7177046537399292,0.0,-1.9499999253864349,0.19700005619322286,-0.4345159395690814,0.0
1759838861.4549212,1,-1.2050001621245956,-0.8299997448920943,-0.7177030444144975,0.0,-1.734999179840088,-0.34999901056289673,-0.7177046537399292,0.0,-1.9499999253864349,0.19700005619322286,-0.4345159395690814,0.0
1759838861.4650798,1,-1.2050001621245956,-0.8299997448920943,-0.7177030444144975,0.0,-1.734999179840088,-0.34999901056289673,-0.7177046537399292,0.0,-1.9499999253864349,0.19700005619322286,-0.4345159395690814,0.0
1759838861.477845,1,-1.2050001621245956,-0.8299997448920943,-0.7177030444144975,0.0,-1.734999179840088,-0.34999901056289673,-0.7177046537399292,0.0,-1.9499999253864349,0.19700005619322286,-0.4345159395690814,0.0
1759838861.4880302,1,-1.2050001621245956,-0.8299997448920943,-0.7177030444144975,0.0,-1.734999179840088,-0.34999901056289673,-0.7177046537399292,0.0,-1.9499999253864349,0.19700005619322286,-0.4345159395690814,0.0
1759838861.5014174,1,-1.2050001621245956,-0.8299997448920943,-0.7177030444144975,0.0,-1.734999179840088,-0.34999901056289673,-0.7177046537399292,0.0,-1.9499999253864349,0.19700005619322286,-0.4345159395690814,0.0
1759838861.5123806,1,-1.2050001621245956,-0.8299997448920943,-0.7177030444144975,0.0,-1.734999179840088,-0.34999901056289673,-0.7177046537399292,0.0,-1.9499999253864349,0.19700005619322286,-0.4345159395690814,0.0
1759838861.5258915,1,-1.2050001621245956,-0.8299997448920943,-0.7177030444144975,0.0,-1.734999179840088,-0.34999901056289673,-0.7177046537399292,0.0,-1.9499999253864349,0.19700005619322286,-0.4345159395690814,0.0
1759838861.5375302,1,-1.2050001621245956,-0.8299997448920943,-0.7177030444144975,0.0,-1.734999179840088,-0.34999901056289673,-0.7177046537399292,0.0,-1.9499999253864349,0.19700005619322286,-0.4345159395690814,0.0
1759838861.5479238,1,-1.2050001621245956,-0.8299997448920943,-0.7177030444144975,0.0,-1.734999179840088,-0.34999901056289673,-0.7177046537399292,0.0,-1.9499999253864349,0.19700005619322286,-0.4345159395690814,0.0
1759838861.5599568,1,-1.2050001621245956,-0.8299997448920943,-0.7177030444144975,0.0,-1.734999179840088,-0.34999901056289673,-0.7177046537399292,0.0,-1.9499999253864349,0.19700005619322286,-0.4345159395690814,0.0
1759838861.571239,1,-1.2050001621245956,-0.8299997448920943,-0.7177030444144975,0.0,-1.734999179840088,-0.34999901056289673,-0.7177046537399292,0.0,-1.9499999253864349,0.19700005619322286,-0.4345159395690814,0.0
1759838861.5885532,1,-1.2050001621245956,-0.8299997448920943,-0.7177030444144975,0.0,-1.734999179840088,-0.34999901056289673,-0.7177046537399292,0.0,-1.9499999253864349,0.19700005619322286,-0.4345159395690814,0.0
1759838861.598515,1,-1.2050001621245956,-0.8299997448920943,-0.7177030444144975,0.0,-1.734999179840088,-0.34999901056289673,-0.7177046537399292,0.0,-1.9499999253864349,0.19700005619322286,-0.4345159395690814,0.0
1759838861.6087675,1,-1.2050001621245956,-0.8299997448920943,-0.7177030444144975,0.0,-1.734999179840088,-0.34999901056289673,-0.7177046537399292,0.0,-1.9499999253864349,0.19700005619322286,-0.4345159395690814,0.0
1759838861.621569,1,-1.2050001621245956,-0.8299997448920943,-0.7177030444144975,0.0,-1.734999179840088,-0.34999901056289673,-0.7177046537399292,0.0,-1.9499999253864349,0.19700005619322286,-0.4345159395690814,0.0
1759838861.6404953,1,-1.2050001621245956,-0.8299997448920943,-0.7177030444144975,0.0,-1.734999179840088,-0.34999901056289673,-0.7177046537399292,0.0,-1.9499999253864349,0.19700005619322286,-0.4345159395690814,0.0
1759838861.651197,1,-1.2050001621245956,-0.8299997448920943,-0.7177030444144975,0.0,-1.734999179840088,-0.34999901056289673,-0.7177046537399292,0.0,-1.9499999253864349,0.19700005619322286,-0.4345159395690814,0.0
1759838861.6656623,1,-1.2050001621245956,-0.8299997448920943,-0.7177030444144975,0.0,-1.734999179840088,-0.34999901056289673,-0.7177046537399292,0.0,-1.9499999253864349,0.19700005619322286,-0.4345159395690814,0.0
1759838861.6766357,1,-1.2050001621245956,-0.8299997448920943,-0.7177030444144975,0.0,-1.734999179840088,-0.34999901056289673,-0.7177046537399292,0.0,-1.9499999253864349,0.19700005619322286,-0.4345159395690814,0.0
1759838861.6889937,1,-1.2050001621245956,-0.8299997448920943,-0.7177030444144975,0.0,-1.734999179840088,-0.34999901056289673,-0.7177046537399292,0.0,-1.9499999253864349,0.19700005619322286,-0.4345159395690814,0.0
1759838861.6990345,1,-1.2050001621245956,-0.8299997448920943,-0.7177030444144975,0.0,-1.734999179840088,-0.34999901056289673,-0.7177046537399292,0.0,-1.9499999253864349,0.19700005619322286,-0.4345159395690814,0.0
1759838861.7135184,1,-1.2050001621245956,-0.8299997448920943,-0.7177030444144975,0.0,-1.734999179840088,-0.34999901056289673,-0.7177046537399292,0.0,-1.9499999253864349,0.19700005619322286,-0.4345159395690814,0.0
1759838861.7238836,1,-1.2050001621245956,-0.8299997448920943,-0.7177030444144975,0.0,-1.734999179840088,-0.34999901056289673,-0.7177046537399292,0.0,-1.9499999253864349,0.19700005619322286,-0.4345159395690814,0.0
1759838861.7355049,1,-1.2050001621245956,-0.8299997448920943,-0.7177030444144975,0.0,-1.734999179840088,-0.34999901056289673,-0.7177046537399292,0.0,-1.9499999253864349,0.19700005619322286,-0.4345159395690814,0.0
1759838861.7463472,1,-1.2050001621245956,-0.8299997448920943,-0.7177030444144975,0.0,-1.734999179840088,-0.34999901056289673,-0.7177046537399292,0.0,-1.9499999253864349,0.19700005619322286,-0.4345159395690814,0.0
1759838861.7575867,1,-1.2050001621245956,-0.8299997448920943,-0.7177030444144975,0.0,-1.734999179840088,-0.34999901056289673,-0.7177046537399292,0.0,-1.9499999253864349,0.19700005619322286,-0.4345159395690814,0.0
1759838861.769191,1,-1.2050001621245956,-0.8299997448920943,-0.7177030444144975,0.0,-1.734999179840088,-0.34999901056289673,-0.7177046537399292,0.0,-1.9499999253864349,0.19700005619322286,-0.4345159395690814,0.0
1759838861.781372,1,-1.2050001621245956,-0.8299997448920943,-0.7177030444144975,0.0,-1.734999179840088,-0.34999901056289673,-0.7177046537399292,0.0,-1.9499999253864349,0.19700005619322286,-0.4345159395690814,0.0
1759838861.7975352,1,-1.2050001621245956,-0.8299997448920943,-0.7177030444144975,0.0,-1.734999179840088,-0.34999901056289673,-0.7177046537399292,0.0,-1.9499999253864349,0.19700005619322286,-0.4345159395690814,0.0
1759838861.8075747,1,-1.2050001621245956,-0.8299997448920943,-0.7177030444144975,0.0,-1.734999179840088,-0.34999901056289673,-0.7177046537399292,0.0,-1.9499999253864349,0.19700005619322286,-0.4345159395690814,0.0
1759838861.8193946,1,-1.2050001621245956,-0.8299997448920943,-0.7177030444144975,0.0,-1.734999179840088,-0.34999901056289673,-0.7177046537399292,0.0,-1.9499999253864349,0.19700005619322286,-0.4345159395690814,0.0
1759838861.8301916,1,-1.2050001621245956,-0.8299997448920943,-0.7177030444144975,0.0,-1.734999179840088,-0.34999901056289673,-0.7177046537399292,0.0,-1.9499999253864349,0.19700005619322286,-0.4345159395690814,0.0
1759838861.8436382,1,-1.2050001621245956,-0.8299997448920943,-0.7177030444144975,0.0,-1.734999179840088,-0.34999901056289673,-0.7177046537399292,0.0,-1.9499999253864349,0.19700005619322286,-0.4345159395690814,0.0
1759838861.8606787,1,-1.2050001621245956,-0.8299997448920943,-0.7177030444144975,0.0,-1.734999179840088,-0.34999901056289673,-0.7177046537399292,0.0,-1.9499999253864349,0.19700005619322286,-0.4345159395690814,0.0
1759838861.871529,1,-1.2050001621245956,-0.8299997448920943,-0.7177030444144975,0.0,-1.734999179840088,-0.34999901056289673,-0.7177046537399292,0.0,-1.9499999253864349,0.19700005619322286,-0.4345159395690814,0.0
1759838861.8839176,1,-1.2050001621245956,-0.8299997448920943,-0.7177030444144975,0.0,-1.734999179840088,-0.34999901056289673,-0.7177046537399292,0.0,-1.9499999253864349,0.19700005619322286,-0.4345159395690814,0.0
1759838861.8941684,1,-1.2050001621245956,-0.8299997448920943,-0.7177030444144975,0.0,-1.734999179840088,-0.34999901056289673,-0.7177046537399292,0.0,-1.9499999253864349,0.19700005619322286,-0.4345159395690814,0.0
1759838861.9071732,1,-1.2050001621245956,-0.8299997448920943,-0.7177030444144975,0.0,-1.734999179840088,-0.34999901056289673,-0.7177046537399292,0.0,-1.9499999253864349,0.19700005619322286,-0.4345159395690814,0.0
1759838861.9184735,1,-1.2050001621245956,-0.8299997448920943,-0.7177030444144975,0.0,-1.734999179840088,-0.34999901056289673,-0.7177046537399292,0.0,-1.9499999253864349,0.19700005619322286,-0.4345159395690814,0.0
1759838861.930936,1,-1.2050001621245956,-0.8299997448920943,-0.7177030444144975,0.0,-1.734999179840088,-0.34999901056289673,-0.7177046537399292,0.0,-1.9499999253864349,0.19700005619322286,-0.4345159395690814,0.0
1759838861.9423091,1,-1.2050001621245956,-0.8299997448920943,-0.7177030444144975,0.0,-1.734999179840088,-0.34999901056289673,-0.7177046537399292,0.0,-1.9499999253864349,0.19700005619322286,-0.4345159395690814,0.0
1759838861.9531395,1,-1.2050001621245956,-0.8299997448920943,-0.7177030444144975,0.0,-1.734999179840088,-0.34999901056289673,-0.7177046537399292,0.0,-1.9499999253864349,0.19700005619322286,-0.4345159395690814,0.0
1759838861.963881,1,-1.2050001621245956,-0.8299997448920943,-0.7177030444144975,0.0,-1.734999179840088,-0.34999901056289673,-0.7177046537399292,0.0,-1.9499999253864349,0.19700005619322286,-0.4345159395690814,0.0
1759838861.9755547,1,-1.2050001621245956,-0.8299997448920943,-0.7177030444144975,0.0,-1.734999179840088,-0.34999901056289673,-0.7177046537399292,0.0,-1.9499999253864349,0.19700005619322286,-0.4345159395690814,0.0
1759838861.9879916,1,-1.2050001621245956,-0.8299997448920943,-0.7177030444144975,0.0,-1.734999179840088,-0.34999901056289673,-0.7177046537399292,0.0,-1.9499999253864349,0.19700005619322286,-0.4345159395690814,0.0
1759838862.0051823,1,-1.2050001621245956,-0.8299997448920943,-0.7177030444144975,0.0,-1.734999179840088,-0.34999901056289673,-0.7177046537399292,0.0,-1.9499999253864349,0.19700005619322286,-0.4345159395690814,0.0
1759838862.0160227,1,-1.2050001621245956,-0.8299997448920943,-0.7177030444144975,0.0,-1.734999179840088,-0.34999901056289673,-0.7177046537399292,0.0,-1.9499999253864349,0.19700005619322286,-0.4345159395690814,0.0
1759838862.0285418,1,-1.2050001621245956,-0.8299997448920943,-0.7177030444144975,0.0,-1.734999179840088,-0.34999901056289673,-0.7177046537399292,0.0,-1.9499999253864349,0.19700005619322286,-0.4345159395690814,0.0
1759838862.0390158,1,-1.2050001621245956,-0.8299997448920943,-0.7177030444144975,0.0,-1.734999179840088,-0.34999901056289673,-0.7177046537399292,0.0,-1.9499999253864349,0.19700005619322286,-0.4345159395690814,0.0
1759838862.0526016,1,-1.2050001621245956,-0.8299997448920943,-0.7177030444144975,0.0,-1.734999179840088,-0.34999901056289673,-0.7177046537399292,0.0,-1.9499999253864349,0.19700005619322286,-0.4345159395690814,0.0
1759838862.0637684,1,-1.2050001621245956,-0.8299997448920943,-0.7177030444144975,0.0,-1.734999179840088,-0.34999901056289673,-0.7177046537399292,0.0,-1.9499999253864349,0.19700005619322286,-0.4345159395690814,0.0
1759838862.0755215,1,-1.2050001621245956,-0.8299997448920943,-0.7177030444144975,0.0,-1.734999179840088,-0.34999901056289673,-0.7177046537399292,0.0,-1.9499999253864349,0.19700005619322286,-0.4345159395690814,0.0
1759838862.0859187,1,-1.2050001621245956,-0.8299997448920943,-0.7177030444144975,0.0,-1.734999179840088,-0.34999901056289673,-0.7177046537399292,0.0,-1.9499999253864349,0.19700005619322286,-0.4345159395690814,0.0
1759838862.1002674,1,-1.2050001621245956,-0.8299997448920943,-0.7177030444144975,0.0,-1.734999179840088,-0.34999901056289673,-0.7177046537399292,0.0,-1.9499999253864349,0.19700005619322286,-0.4345159395690814,0.0
1759838862.1105454,1,-1.2050001621245956,-0.8299997448920943,-0.7177030444144975,0.0,-1.734999179840088,-0.34999901056289673,-0.7177046537399292,0.0,-1.9499999253864349,0.19700005619322286,-0.4345159395690814,0.0
1759838862.1219215,1,-1.2050001621245956,-0.8299997448920943,-0.7177030444144975,0.0,-1.734999179840088,-0.34999901056289673,-0.7177046537399292,0.0,-1.9499999253864349,0.19700005619322286,-0.4345159395690814,0.0
1759838862.1392334,1,-1.2050001621245956,-0.8299997448920943,-0.7177030444144975,0.0,-1.734999179840088,-0.34999901056289673,-0.7177046537399292,0.0,-1.9499999253864349,0.19700005619322286,-0.4345159395690814,0.0
1759838862.1578696,1,-1.2050001621245956,-0.8299997448920943,-0.7177030444144975,0.0,-1.734999179840088,-0.34999901056289673,-0.7177046537399292,0.0,-1.9499999253864349,0.19700005619322286,-0.4345159395690814,0.0
1759838862.1753824,1,-1.2050001621245956,-0.8299997448920943,-0.7177030444144975,0.0,-1.734999179840088,-0.34999901056289673,-0.7177046537399292,0.0,-1.9499999253864349,0.19700005619322286,-0.4345159395690814,0.0
1759838862.1893945,1,-1.2050001621245956,-0.8299997448920943,-0.7177030444144975,0.0,-1.734999179840088,-0.34999901056289673,-0.7177046537399292,0.0,-1.9499999253864349,0.19700005619322286,-0.4345159395690814,0.0
1759838862.2155278,1,-1.2050001621245956,-0.8299997448920943,-0.7177030444144975,0.0,-1.734999179840088,-0.34999901056289673,-0.7177046537399292,0.0,-1.9499999253864349,0.19700005619322286,-0.4345159395690814,0.0
1759838862.2304184,1,-1.2050001621245956,-0.8299997448920943,-0.7177030444144975,0.0,-1.734999179840088,-0.34999901056289673,-0.7177046537399292,0.0,-1.9499999253864349,0.19700005619322286,-0.4345159395690814,0.0
1759838862.241906,1,-1.2050001621245956,-0.8299997448920943,-0.7177030444144975,0.0,-1.734999179840088,-0.34999901056289673,-0.7177046537399292,0.0,-1.9499999253864349,0.19700005619322286,-0.4345159395690814,0.0
1759838862.2523625,1,-1.2050001621245956,-0.8299997448920943,-0.7177030444144975,0.0,-1.734999179840088,-0.34999901056289673,-0.7177046537399292,0.0,-1.9499999253864349,0.19700005619322286,-0.4345159395690814,0.0
1759838862.2767396,1,-1.2050001621245956,-0.8299997448920943,-0.7177030444144975,0.0,-1.734999179840088,-0.34999901056289673,-0.7177046537399292,0.0,-1.9499999253864349,0.19700005619322286,-0.4345159395690814,0.0
1759838862.290243,1,-1.2050001621245956,-0.8299997448920943,-0.7177030444144975,0.0,-1.734999179840088,-0.34999901056289673,-0.7177046537399292,0.0,-1.9499999253864349,0.19700005619322286,-0.4345159395690814,0.0
1759838862.303155,1,-1.2050001621245956,-0.8299997448920943,-0.7177030444144975,0.0,-1.734999179840088,-0.34999901056289673,-0.7177046537399292,0.0,-1.9499999253864349,0.19700005619322286,-0.4345159395690814,0.0
1759838862.3171847,1,-1.2050001621245956,-0.8299997448920943,-0.7177030444144975,0.0,-1.734999179840088,-0.34999901056289673,-0.7177046537399292,0.0,-1.9499999253864349,0.19700005619322286,-0.4345159395690814,0.0
1759838862.3343658,1,-1.2050001621245956,-0.8299997448920943,-0.7177030444144975,0.0,-1.734999179840088,-0.34999901056289673,-0.7177046537399292,0.0,-1.9499999253864349,0.19700005619322286,-0.4345159395690814,0.0
1759838862.3447387,1,-1.2050001621245956,-0.8299997448920943,-0.7177030444144975,0.0,-1.734999179840088,-0.34999901056289673,-0.7177046537399292,0.0,-1.9499999253864349,0.19700005619322286,-0.4345159395690814,0.0
1759838862.3565223,1,-1.2050001621245956,-0.8299997448920943,-0.7177030444144975,0.0,-1.734999179840088,-0.34999901056289673,-0.7177046537399292,0.0,-1.9499999253864349,0.19700005619322286,-0.4345159395690814,0.0
1759838862.367447,1,-1.2050001621245956,-0.8299997448920943,-0.7177030444144975,0.0,-1.734999179840088,-0.34999901056289673,-0.7177046537399292,0.0,-1.9499999253864349,0.19700005619322286,-0.4345159395690814,0.0
1759838862.378276,1,-1.2050001621245956,-0.8299997448920943,-0.7177030444144975,0.0,-1.734999179840088,-0.34999901056289673,-0.7177046537399292,0.0,-1.9499999253864349,0.19700005619322286,-0.4345159395690814,0.0
1759838862.3896117,1,-1.2050001621245956,-0.8299997448920943,-0.7177030444144975,0.0,-1.734999179840088,-0.34999901056289673,-0.7177046537399292,0.0,-1.9499999253864349,0.19700005619322286,-0.4345159395690814,0.0
1759838862.400938,1,-1.2050001621245956,-0.8299997448920943,-0.7177030444144975,0.0,-1.734999179840088,-0.34999901056289673,-0.7177046537399292,0.0,-1.9499999253864349,0.19700005619322286,-0.4345159395690814,0.0
1759838862.4218397,1,-1.2050001621245956,-0.8299997448920943,-0.7177030444144975,0.0,-1.734999179840088,-0.34999901056289673,-0.7177046537399292,0.0,-1.9499999253864349,0.19700005619322286,-0.4345159395690814,0.0
1759838862.4327133,1,-1.2050001621245956,-0.8299997448920943,-0.7177030444144975,0.0,-1.734999179840088,-0.34999901056289673,-0.7177046537399292,0.0,-1.9499999253864349,0.19700005619322286,-0.4345159395690814,0.0
1759838862.4541447,1,-1.2050001621245956,-0.8299997448920943,-0.7177030444144975,0.0,-1.734999179840088,-0.34999901056289673,-0.7177046537399292,0.0,-1.9499999253864349,0.19700005619322286,-0.4345159395690814,0.0
1759838862.4656475,1,-1.2050001621245956,-0.8299997448920943,-0.7177030444144975,0.0,-1.734999179840088,-0.34999901056289673,-0.7177046537399292,0.0,-1.9499999253864349,0.19700005619322286,-0.4345159395690814,0.0
1759838862.4760048,1,-1.2050001621245956,-0.8299997448920943,-0.7177030444144975,0.0,-1.734999179840088,-0.34999901056289673,-0.7177046537399292,0.0,-1.9499999253864349,0.19700005619322286,-0.4345159395690814,0.0
1759838862.4863727,1,-1.2050001621245956,-0.8299997448920943,-0.7177030444144975,0.0,-1.734999179840088,-0.34999901056289673,-0.7177046537399292,0.0,-1.9499999253864349,0.19700005619322286,-0.4345159395690814,0.0
1759838862.4983552,1,-1.2050001621245956,-0.8299997448920943,-0.7177030444144975,0.0,-1.734999179840088,-0.34999901056289673,-0.7177046537399292,0.0,-1.9499999253864349,0.19700005619322286,-0.4345159395690814,0.0
1759838862.512397,1,-1.2050001621245956,-0.8299997448920943,-0.7177030444144975,0.0,-1.734999179840088,-0.34999901056289673,-0.7177046537399292,0.0,-1.9499999253864349,0.19700005619322286,-0.4345159395690814,0.0
1759838862.523308,1,-1.2050001621245956,-0.8299997448920943,-0.7177030444144975,0.0,-1.734999179840088,-0.34999901056289673,-0.7177046537399292,0.0,-1.9499999253864349,0.19700005619322286,-0.4345159395690814,0.0
1759838862.5374112,1,-1.2050001621245956,-0.8299997448920943,-0.7177030444144975,0.0,-1.734999179840088,-0.34999901056289673,-0.7177046537399292,0.0,-1.9499999253864349,0.19700005619322286,-0.4345159395690814,0.0
1759838862.5478241,1,-1.2050001621245956,-0.8299997448920943,-0.7177030444144975,0.0,-1.734999179840088,-0.34999901056289673,-0.7177046537399292,0.0,-1.9499999253864349,0.19700005619322286,-0.4345159395690814,0.0
1759838862.5624385,1,-1.2050001621245956,-0.8299997448920943,-0.7177030444144975,0.0,-1.734999179840088,-0.34999901056289673,-0.7177046537399292,0.0,-1.9499999253864349,0.19700005619322286,-0.4345159395690814,0.0
1759838862.573984,1,-1.2050001621245956,-0.8299997448920943,-0.7177030444144975,0.0,-1.734999179840088,-0.34999901056289673,-0.7177046537399292,0.0,-1.9499999253864349,0.19700005619322286,-0.4345159395690814,0.0
1759838862.5866525,1,-1.2050001621245956,-0.8299997448920943,-0.7177030444144975,0.0,-1.734999179840088,-0.34999901056289673,-0.7177046537399292,0.0,-1.9499999253864349,0.19700005619322286,-0.4345159395690814,0.0
1759838862.5968611,1,-1.2050001621245956,-0.8299997448920943,-0.7177030444144975,0.0,-1.734999179840088,-0.34999901056289673,-0.7177046537399292,0.0,-1.9499999253864349,0.19700005619322286,-0.4345159395690814,0.0
1759838862.617338,1,-1.2050001621245956,-0.8299997448920943,-0.7177030444144975,0.0,-1.734999179840088,-0.34999901056289673,-0.7177046537399292,0.0,-1.9499999253864349,0.19700005619322286,-0.4345159395690814,0.0
1759838862.6284318,1,-1.2050001621245956,-0.8299997448920943,-0.7177030444144975,0.0,-1.734999179840088,-0.34999901056289673,-0.7177046537399292,0.0,-1.9499999253864349,0.19700005619322286,-0.4345159395690814,0.0
1759838862.6392548,1,-1.2050001621245956,-0.8299997448920943,-0.7177030444144975,0.0,-1.734999179840088,-0.34999901056289673,-0.7177046537399292,0.0,-1.9499999253864349,0.19700005619322286,-0.4345159395690814,0.0
1759838862.652747,1,-1.2050001621245956,-0.8299997448920943,-0.7177030444144975,0.0,-1.734999179840088,-0.34999901056289673,-0.7177046537399292,0.0,-1.9499999253864349,0.19700005619322286,-0.4345159395690814,0.0
1759838862.66316,1,-1.2050001621245956,-0.8299997448920943,-0.7177030444144975,0.0,-1.734999179840088,-0.34999901056289673,-0.7177046537399292,0.0,-1.9499999253864349,0.19700005619322286,-0.4345159395690814,0.0
1759838862.6777189,1,-1.2050001621245956,-0.8299997448920943,-0.7177030444144975,0.0,-1.734999179840088,-0.34999901056289673,-0.7177046537399292,0.0,-1.9499999253864349,0.19700005619322286,-0.4345159395690814,0.0
1759838862.6887987,1,-1.2050001621245956,-0.8299997448920943,-0.7177030444144975,0.0,-1.734999179840088,-0.34999901056289673,-0.7177046537399292,0.0,-1.9499999253864349,0.19700005619322286,-0.4345159395690814,0.0
1759838862.7002997,1,-1.2050001621245956,-0.8299997448920943,-0.7177030444144975,0.0,-1.734999179840088,-0.34999901056289673,-0.7177046537399292,0.0,-1.9499999253864349,0.19700005619322286,-0.4345159395690814,0.0
1759838862.7111437,1,-1.2050001621245956,-0.8299997448920943,-0.7177030444144975,0.0,-1.734999179840088,-0.34999901056289673,-0.7177046537399292,0.0,-1.9499999253864349,0.19700005619322286,-0.4345159395690814,0.0
1759838862.7214003,1,-1.2050001621245956,-0.8299997448920943,-0.7177030444144975,0.0,-1.734999179840088,-0.34999901056289673,-0.7177046537399292,0.0,-1.9499999253864349,0.19700005619322286,-0.4345159395690814,0.0
1759838862.733467,1,-1.2050001621245956,-0.8299997448920943,-0.7177030444144975,0.0,-1.734999179840088,-0.34999901056289673,-0.7177046537399292,0.0,-1.9499999253864349,0.19700005619322286,-0.4345159395690814,0.0
1759838862.7444894,1,-1.2050001621245956,-0.8299997448920943,-0.7177030444144975,0.0,-1.734999179840088,-0.34999901056289673,-0.7177046537399292,0.0,-1.9499999253864349,0.19700005619322286,-0.4345159395690814,0.0
1759838862.7559528,1,-1.2050001621245956,-0.8299997448920943,-0.7177030444144975,0.0,-1.734999179840088,-0.34999901056289673,-0.7177046537399292,0.0,-1.9499999253864349,0.19700005619322286,-0.4345159395690814,0.0
1759838862.7673333,1,-1.2050001621245956,-0.8299997448920943,-0.7177030444144975,0.0,-1.734999179840088,-0.34999901056289673,-0.7177046537399292,0.0,-1.9499999253864349,0.19700005619322286,-0.4345159395690814,0.0
1759838862.7780647,1,-1.2050001621245956,-0.8299997448920943,-0.7177030444144975,0.0,-1.734999179840088,-0.34999901056289673,-0.7177046537399292,0.0,-1.9499999253864349,0.19700005619322286,-0.4345159395690814,0.0
1759838862.788556,1,-1.2050001621245956,-0.8299997448920943,-0.7177030444144975,0.0,-1.734999179840088,-0.34999901056289673,-0.7177046537399292,0.0,-1.9499999253864349,0.19700005619322286,-0.4345159395690814,0.0
1759838862.7998292,1,-1.2050001621245956,-0.8299997448920943,-0.7177030444144975,0.0,-1.734999179840088,-0.34999901056289673,-0.7177046537399292,0.0,-1.9499999253864349,0.19700005619322286,-0.4345159395690814,0.0
1759838862.8168929,1,-1.2050001621245956,-0.8299997448920943,-0.7177030444144975,0.0,-1.734999179840088,-0.34999901056289673,-0.7177046537399292,0.0,-1.9499999253864349,0.19700005619322286,-0.4345159395690814,0.0
1759838862.8251753,1,-1.2050001621245956,-0.8299997448920943,-0.7177030444144975,0.0,-1.734999179840088,-0.34999901056289673,-0.7177046537399292,0.0,-1.9499999253864349,0.19700005619322286,-0.4345159395690814,0.0
1759838862.8362446,1,-1.2050001621245956,-0.8299997448920943,-0.7177030444144975,0.0,-1.734999179840088,-0.34999901056289673,-0.7177046537399292,0.0,-1.9499999253864349,0.19700005619322286,-0.4345159395690814,0.0
1759838862.8465312,1,-1.2050001621245956,-0.8299997448920943,-0.7177030444144975,0.0,-1.734999179840088,-0.34999901056289673,-0.7177046537399292,0.0,-1.9499999253864349,0.19700005619322286,-0.4345159395690814,0.0
1759838862.8583534,1,-1.2050001621245956,-0.8299997448920943,-0.7177030444144975,0.0,-1.734999179840088,-0.34999901056289673,-0.7177046537399292,0.0,-1.9499999253864349,0.19700005619322286,-0.4345159395690814,0.0
1759838862.8696475,1,-1.2050001621245956,-0.8299997448920943,-0.7177030444144975,0.0,-1.734999179840088,-0.34999901056289673,-0.7177046537399292,0.0,-1.9499999253864349,0.19700005619322286,-0.4345159395690814,0.0
1759838862.8797607,1,-1.2050001621245956,-0.8299997448920943,-0.7177030444144975,0.0,-1.734999179840088,-0.34999901056289673,-0.7177046537399292,0.0,-1.9499999253864349,0.19700005619322286,-0.4345159395690814,0.0
1759838862.891563,1,-1.2050001621245956,-0.8299997448920943,-0.7177030444144975,0.0,-1.734999179840088,-0.34999901056289673,-0.7177046537399292,0.0,-1.9499999253864349,0.19700005619322286,-0.4345159395690814,0.0
1759838862.9029622,1,-1.2050001621245956,-0.8299997448920943,-0.7177030444144975,0.0,-1.734999179840088,-0.34999901056289673,-0.7177046537399292,0.0,-1.9499999253864349,0.19700005619322286,-0.4345159395690814,0.0
1759838862.9132595,1,-1.2050001621245956,-0.8299997448920943,-0.7177030444144975,0.0,-1.734999179840088,-0.34999901056289673,-0.7177046537399292,0.0,-1.9499999253864349,0.19700005619322286,-0.4345159395690814,0.0
1759838862.924523,1,-1.2050001621245956,-0.8299997448920943,-0.7177030444144975,0.0,-1.734999179840088,-0.34999901056289673,-0.7177046537399292,0.0,-1.9499999253864349,0.19700005619322286,-0.4345159395690814,0.0
1759838862.935959,1,-1.2050001621245956,-0.8299997448920943,-0.7177030444144975,0.0,-1.734999179840088,-0.34999901056289673,-0.7177046537399292,0.0,-1.9499999253864349,0.19700005619322286,-0.4345159395690814,0.0
1759838862.9460375,1,-1.2050001621245956,-0.8299997448920943,-0.7177030444144975,0.0,-1.734999179840088,-0.34999901056289673,-0.7177046537399292,0.0,-1.9499999253864349,0.19700005619322286,-0.4345159395690814,0.0
1759838862.9560938,1,-1.2050001621245956,-0.8299997448920943,-0.7177030444144975,0.0,-1.734999179840088,-0.34999901056289673,-0.7177046537399292,0.0,-1.9499999253864349,0.19700005619322286,-0.4345159395690814,0.0
1759838862.9667418,1,-1.2050001621245956,-0.8299997448920943,-0.7177030444144975,0.0,-1.734999179840088,-0.34999901056289673,-0.7177046537399292,0.0,-1.9499999253864349,0.19700005619322286,-0.4345159395690814,0.0
1759838862.9785056,1,-1.2050001621245956,-0.8299997448920943,-0.7177030444144975,0.0,-1.734999179840088,-0.34999901056289673,-0.7177046537399292,0.0,-1.9499999253864349,0.19700005619322286,-0.4345159395690814,0.0
1759838862.9895222,1,-1.2050001621245956,-0.8299997448920943,-0.7177030444144975,0.0,-1.734999179840088,-0.34999901056289673,-0.7177046537399292,0.0,-1.9499999253864349,0.19700005619322286,-0.4345159395690814,0.0
1759838863.0016494,1,-1.2050001621245956,-0.8299997448920943,-0.7177030444144975,0.0,-1.734999179840088,-0.34999901056289673,-0.7177046537399292,0.0,-1.9499999253864349,0.19700005619322286,-0.4345159395690814,0.0
1759838863.0167236,1,-1.2050001621245956,-0.8299997448920943,-0.7177030444144975,0.0,-1.734999179840088,-0.34999901056289673,-0.7177046537399292,0.0,-1.9499999253864349,0.19700005619322286,-0.4345159395690814,0.0
1759838863.024397,1,-1.2050001621245956,-0.8299997448920943,-0.7177030444144975,0.0,-1.734999179840088,-0.34999901056289673,-0.7177046537399292,0.0,-1.9499999253864349,0.19700005619322286,-0.4345159395690814,0.0
1759838863.034723,1,-1.2050001621245956,-0.8299997448920943,-0.7177030444144975,0.0,-1.734999179840088,-0.34999901056289673,-0.7177046537399292,0.0,-1.9499999253864349,0.19700005619322286,-0.4345159395690814,0.0
1759838863.0460045,1,-1.2050001621245956,-0.8299997448920943,-0.7177030444144975,0.0,-1.734999179840088,-0.34999901056289673,-0.7177046537399292,0.0,-1.9499999253864349,0.19700005619322286,-0.4345159395690814,0.0
1759838863.0560112,1,-1.2050001621245956,-0.8299997448920943,-0.7177030444144975,0.0,-1.734999179840088,-0.34999901056289673,-0.7177046537399292,0.0,-1.9499999253864349,0.19700005619322286,-0.4345159395690814,0.0
1759838863.066836,1,-1.2050001621245956,-0.8299997448920943,-0.7177030444144975,0.0,-1.734999179840088,-0.34999901056289673,-0.7177046537399292,0.0,-1.9499999253864349,0.19700005619322286,-0.4345159395690814,0.0
1759838863.0783854,1,-1.2050001621245956,-0.8299997448920943,-0.7177030444144975,0.0,-1.734999179840088,-0.34999901056289673,-0.7177046537399292,0.0,-1.9499999253864349,0.19700005619322286,-0.4345159395690814,0.0
1759838863.0886939,1,-1.2050001621245956,-0.8299997448920943,-0.7177030444144975,0.0,-1.734999179840088,-0.34999901056289673,-0.7177046537399292,0.0,-1.9499999253864349,0.19700005619322286,-0.4345159395690814,0.0
1759838863.1004598,1,-1.2050001621245956,-0.8299997448920943,-0.7177030444144975,0.0,-1.734999179840088,-0.34999901056289673,-0.7177046537399292,0.0,-1.9499999253864349,0.19700005619322286,-0.4345159395690814,0.0
1759838863.110739,1,-1.2050001621245956,-0.8299997448920943,-0.7177030444144975,0.0,-1.734999179840088,-0.34999901056289673,-0.7177046537399292,0.0,-1.9499999253864349,0.19700005619322286,-0.4345159395690814,0.0
1759838863.1221535,1,-1.2050001621245956,-0.8299997448920943,-0.7177030444144975,0.0,-1.734999179840088,-0.34999901056289673,-0.7177046537399292,0.0,-1.9499999253864349,0.19700005619322286,-0.4345159395690814,0.0
1759838863.1337254,1,-1.2050001621245956,-0.8299997448920943,-0.7177030444144975,0.0,-1.734999179840088,-0.34999901056289673,-0.7177046537399292,0.0,-1.9499999253864349,0.19700005619322286,-0.4345159395690814,0.0
1759838863.1441305,1,-1.2050001621245956,-0.8299997448920943,-0.7177030444144975,0.0,-1.734999179840088,-0.34999901056289673,-0.7177046537399292,0.0,-1.9499999253864349,0.19700005619322286,-0.4345159395690814,0.0
1759838863.1587834,1,-1.2050001621245956,-0.8299997448920943,-0.7177030444144975,0.0,-1.734999179840088,-0.34999901056289673,-0.7177046537399292,0.0,-1.9499999253864349,0.19700005619322286,-0.4345159395690814,0.0
1759838863.1695957,1,-1.2050001621245956,-0.8299997448920943,-0.7177030444144975,0.0,-1.734999179840088,-0.34999901056289673,-0.7177046537399292,0.0,-1.9499999253864349,0.19700005619322286,-0.4345159395690814,0.0
1759838863.1807163,1,-1.2050001621245956,-0.8299997448920943,-0.7177030444144975,0.0,-1.734999179840088,-0.34999901056289673,-0.7177046537399292,0.0,-1.9499999253864349,0.19700005619322286,-0.4345159395690814,0.0
1759838863.1923702,1,-1.2050001621245956,-0.8299997448920943,-0.7177030444144975,0.0,-1.734999179840088,-0.34999901056289673,-0.7177046537399292,0.0,-1.9499999253864349,0.19700005619322286,-0.4345159395690814,0.0
1759838863.2025092,1,-1.2050001621245956,-0.8299997448920943,-0.7177030444144975,0.0,-1.734999179840088,-0.34999901056289673,-0.7177046537399292,0.0,-1.9499999253864349,0.19700005619322286,-0.4345159395690814,0.0
1759838863.2176187,1,-1.2050001621245956,-0.8299997448920943,-0.7177030444144975,0.0,-1.734999179840088,-0.34999901056289673,-0.7177046537399292,0.0,-1.9499999253864349,0.19700005619322286,-0.4345159395690814,0.0
1759838863.2255387,1,-1.2050001621245956,-0.8299997448920943,-0.7177030444144975,0.0,-1.734999179840088,-0.34999901056289673,-0.7177046537399292,0.0,-1.9499999253864349,0.19700005619322286,-0.4345159395690814,0.0
1759838863.2368681,1,-1.2050001621245956,-0.8299997448920943,-0.7177030444144975,0.0,-1.734999179840088,-0.34999901056289673,-0.7177046537399292,0.0,-1.9499999253864349,0.19700005619322286,-0.4345159395690814,0.0
1759838863.2477648,1,-1.2050001621245956,-0.8299997448920943,-0.7177030444144975,0.0,-1.734999179840088,-0.34999901056289673,-0.7177046537399292,0.0,-1.9499999253864349,0.19700005619322286,-0.4345159395690814,0.0
1759838863.2590425,1,-1.2050001621245956,-0.8299997448920943,-0.7177030444144975,0.0,-1.734999179840088,-0.34999901056289673,-0.7177046537399292,0.0,-1.9499999253864349,0.19700005619322286,-0.4345159395690814,0.0
1759838863.270433,1,-1.2050001621245956,-0.8299997448920943,-0.7177030444144975,0.0,-1.734999179840088,-0.34999901056289673,-0.7177046537399292,0.0,-1.9499999253864349,0.19700005619322286,-0.4345159395690814,0.0
1759838863.2817433,1,-1.2050001621245956,-0.8299997448920943,-0.7177030444144975,0.0,-1.734999179840088,-0.34999901056289673,-0.7177046537399292,0.0,-1.9499999253864349,0.19700005619322286,-0.4345159395690814,0.0
1759838863.2931538,1,-1.2050001621245956,-0.8299997448920943,-0.7177030444144975,0.0,-1.734999179840088,-0.34999901056289673,-0.7177046537399292,0.0,-1.9499999253864349,0.19700005619322286,-0.4345159395690814,0.0
1759838863.3073409,1,-1.2050001621245956,-0.8299997448920943,-0.7177030444144975,0.0,-1.734999179840088,-0.34999901056289673,-0.7177046537399292,0.0,-1.9499999253864349,0.19700005619322286,-0.4345159395690814,0.0
1759838863.317684,1,-1.2050001621245956,-0.8299997448920943,-0.7177030444144975,0.0,-1.734999179840088,-0.34999901056289673,-0.7177046537399292,0.0,-1.9499999253864349,0.19700005619322286,-0.4345159395690814,0.0
1759838863.3277397,1,-1.2050001621245956,-0.8299997448920943,-0.7177030444144975,0.0,-1.734999179840088,-0.34999901056289673,-0.7177046537399292,0.0,-1.9499999253864349,0.19700005619322286,-0.4345159395690814,0.0
1759838863.3417196,1,-1.2050001621245956,-0.8299997448920943,-0.7177030444144975,0.0,-1.734999179840088,-0.34999901056289673,-0.7177046537399292,0.0,-1.9499999253864349,0.19700005619322286,-0.4345159395690814,0.0
1759838863.3520284,1,-1.2050001621245956,-0.8299997448920943,-0.7177030444144975,0.0,-1.734999179840088,-0.34999901056289673,-0.7177046537399292,0.0,-1.9499999253864349,0.19700005619322286,-0.4345159395690814,0.0
1759838863.3629541,1,-1.2050001621245956,-0.8299997448920943,-0.7177030444144975,0.0,-1.734999179840088,-0.34999901056289673,-0.7177046537399292,0.0,-1.9499999253864349,0.19700005619322286,-0.4345159395690814,0.0
1759838863.3729718,1,-1.2050001621245956,-0.8299997448920943,-0.7177030444144975,0.0,-1.734999179840088,-0.34999901056289673,-0.7177046537399292,0.0,-1.9499999253864349,0.19700005619322286,-0.4345159395690814,0.0
1759838863.3842263,1,-1.2050001621245956,-0.8299997448920943,-0.7177030444144975,0.0,-1.734999179840088,-0.34999901056289673,-0.7177046537399292,0.0,-1.9499999253864349,0.19700005619322286,-0.4345159395690814,0.0
1759838863.3960085,1,-1.2050001621245956,-0.8299997448920943,-0.7177030444144975,0.0,-1.734999179840088,-0.34999901056289673,-0.7177046537399292,0.0,-1.9499999253864349,0.19700005619322286,-0.4345159395690814,0.0
1759838863.4075089,1,-1.2050001621245956,-0.8299997448920943,-0.7177030444144975,0.0,-1.734999179840088,-0.34999901056289673,-0.7177046537399292,0.0,-1.9499999253864349,0.19700005619322286,-0.4345159395690814,0.0
1759838863.4232407,1,-1.2050001621245956,-0.8299997448920943,-0.7177030444144975,0.0,-1.734999179840088,-0.34999901056289673,-0.7177046537399292,0.0,-1.9499999253864349,0.19700005619322286,-0.4345159395690814,0.0
1759838863.434308,1,-1.2050001621245956,-0.8299997448920943,-0.7177030444144975,0.0,-1.734999179840088,-0.34999901056289673,-0.7177046537399292,0.0,-1.9499999253864349,0.19700005619322286,-0.4345159395690814,0.0
1759838863.4458883,1,-1.2050001621245956,-0.8299997448920943,-0.7177030444144975,0.0,-1.734999179840088,-0.34999901056289673,-0.7177046537399292,0.0,-1.9499999253864349,0.19700005619322286,-0.4345159395690814,0.0
1759838863.4568365,1,-1.2050001621245956,-0.8299997448920943,-0.7177030444144975,0.0,-1.734999179840088,-0.34999901056289673,-0.7177046537399292,0.0,-1.9499999253864349,0.19700005619322286,-0.4345159395690814,0.0
1759838863.467199,1,-1.2050001621245956,-0.8299997448920943,-0.7177030444144975,0.0,-1.734999179840088,-0.34999901056289673,-0.7177046537399292,0.0,-1.9499999253864349,0.19700005619322286,-0.4345159395690814,0.0
1759838863.4776578,1,-1.2050001621245956,-0.8299997448920943,-0.7177030444144975,0.0,-1.734999179840088,-0.34999901056289673,-0.7177046537399292,0.0,-1.9499999253864349,0.19700005619322286,-0.4345159395690814,0.0
1759838863.4889157,1,-1.2050001621245956,-0.8299997448920943,-0.7177030444144975,0.0,-1.734999179840088,-0.34999901056289673,-0.7177046537399292,0.0,-1.9499999253864349,0.19700005619322286,-0.4345159395690814,0.0
1759838863.499906,1,-1.2050001621245956,-0.8299997448920943,-0.7177030444144975,0.0,-1.734999179840088,-0.34999901056289673,-0.7177046537399292,0.0,-1.9499999253864349,0.19700005619322286,-0.4345159395690814,0.0
1759838863.5153294,1,-1.2050001621245956,-0.8299997448920943,-0.7177030444144975,0.0,-1.734999179840088,-0.34999901056289673,-0.7177046537399292,0.0,-1.9499999253864349,0.19700005619322286,-0.4345159395690814,0.0
1759838863.526421,1,-1.2050001621245956,-0.8299997448920943,-0.7177030444144975,0.0,-1.734999179840088,-0.34999901056289673,-0.7177046537399292,0.0,-1.9499999253864349,0.19700005619322286,-0.4345159395690814,0.0
1759838863.5442555,1,-1.2050001621245956,-0.8299997448920943,-0.7177030444144975,0.0,-1.734999179840088,-0.34999901056289673,-0.7177046537399292,0.0,-1.9499999253864349,0.19700005619322286,-0.4345159395690814,0.0
1759838863.5543134,1,-1.2050001621245956,-0.8299997448920943,-0.7177030444144975,0.0,-1.734999179840088,-0.34999901056289673,-0.7177046537399292,0.0,-1.9499999253864349,0.19700005619322286,-0.4345159395690814,0.0
1759838863.5673256,1,-1.2050001621245956,-0.8299997448920943,-0.7177030444144975,0.0,-1.734999179840088,-0.34999901056289673,-0.7177046537399292,0.0,-1.9499999253864349,0.19700005619322286,-0.4345159395690814,0.0
1759838863.5781193,1,-1.2050001621245956,-0.8299997448920943,-0.7177030444144975,0.0,-1.734999179840088,-0.34999901056289673,-0.7177046537399292,0.0,-1.9499999253864349,0.19700005619322286,-0.4345159395690814,0.0
1759838863.5893238,1,-1.2050001621245956,-0.8299997448920943,-0.7177030444144975,0.0,-1.734999179840088,-0.34999901056289673,-0.7177046537399292,0.0,-1.9499999253864349,0.19700005619322286,-0.4345159395690814,0.0
1759838863.6001852,1,-1.2050001621245956,-0.8299997448920943,-0.7177030444144975,0.0,-1.734999179840088,-0.34999901056289673,-0.7177046537399292,0.0,-1.9499999253864349,0.19700005619322286,-0.4345159395690814,0.0
1759838863.611019,1,-1.2050001621245956,-0.8299997448920943,-0.7177030444144975,0.0,-1.734999179840088,-0.34999901056289673,-0.7177046537399292,0.0,-1.9499999253864349,0.19700005619322286,-0.4345159395690814,0.0
1759838863.6275132,1,-1.2050001621245956,-0.8299997448920943,-0.7177030444144975,0.0,-1.734999179840088,-0.34999901056289673,-0.7177046537399292,0.0,-1.9499999253864349,0.19700005619322286,-0.4345159395690814,0.0
1759838863.6362221,1,-1.2050001621245956,-0.8299997448920943,-0.7177030444144975,0.0,-1.734999179840088,-0.34999901056289673,-0.7177046537399292,0.0,-1.9499999253864349,0.19700005619322286,-0.4345159395690814,0.0
1759838863.6489825,1,-1.2050001621245956,-0.8299997448920943,-0.7177030444144975,0.0,-1.734999179840088,-0.34999901056289673,-0.7177046537399292,0.0,-1.9499999253864349,0.19700005619322286,-0.4345159395690814,0.0
1759838863.6600041,1,-1.2050001621245956,-0.8299997448920943,-0.7177030444144975,0.0,-1.734999179840088,-0.34999901056289673,-0.7177046537399292,0.0,-1.9499999253864349,0.19700005619322286,-0.4345159395690814,0.0
1759838863.6708324,1,-1.2050001621245956,-0.8299997448920943,-0.7177030444144975,0.0,-1.734999179840088,-0.34999901056289673,-0.7177046537399292,0.0,-1.9499999253864349,0.19700005619322286,-0.4345159395690814,0.0
1759838863.6833107,1,-1.2050001621245956,-0.8299997448920943,-0.7177030444144975,0.0,-1.734999179840088,-0.34999901056289673,-0.7177046537399292,0.0,-1.9499999253864349,0.19700005619322286,-0.4345159395690814,0.0
1759838863.6947546,1,-1.2050001621245956,-0.8299997448920943,-0.7177030444144975,0.0,-1.734999179840088,-0.34999901056289673,-0.7177046537399292,0.0,-1.9499999253864349,0.19700005619322286,-0.4345159395690814,0.0
1759838863.7049859,1,-1.2050001621245956,-0.8299997448920943,-0.7177030444144975,0.0,-1.734999179840088,-0.34999901056289673,-0.7177046537399292,0.0,-1.9499999253864349,0.19700005619322286,-0.4345159395690814,0.0
1759838863.7162704,1,-1.2050001621245956,-0.8299997448920943,-0.7177030444144975,0.0,-1.734999179840088,-0.34999901056289673,-0.7177046537399292,0.0,-1.9499999253864349,0.19700005619322286,-0.4345159395690814,0.0
1759838863.727675,1,-1.2050001621245956,-0.8299997448920943,-0.7177030444144975,0.0,-1.734999179840088,-0.34999901056289673,-0.7177046537399292,0.0,-1.9499999253864349,0.19700005619322286,-0.4345159395690814,0.0
1759838863.737914,1,-1.2050001621245956,-0.8299997448920943,-0.7177030444144975,0.0,-1.734999179840088,-0.34999901056289673,-0.7177046537399292,0.0,-1.9499999253864349,0.19700005619322286,-0.4345159395690814,0.0
1759838863.7498522,1,-1.2050001621245956,-0.8299997448920943,-0.7177030444144975,0.0,-1.734999179840088,-0.34999901056289673,-0.7177046537399292,0.0,-1.9499999253864349,0.19700005619322286,-0.4345159395690814,0.0
1759838863.7607691,1,-1.2050001621245956,-0.8299997448920943,-0.7177030444144975,0.0,-1.734999179840088,-0.34999901056289673,-0.7177046537399292,0.0,-1.9499999253864349,0.19700005619322286,-0.4345159395690814,0.0
1759838863.7720616,1,-1.2050001621245956,-0.8299997448920943,-0.7177030444144975,0.0,-1.734999179840088,-0.34999901056289673,-0.7177046537399292,0.0,-1.9499999253864349,0.19700005619322286,-0.4345159395690814,0.0
1759838863.782934,1,-1.2050001621245956,-0.8299997448920943,-0.7177030444144975,0.0,-1.734999179840088,-0.34999901056289673,-0.7177046537399292,0.0,-1.9499999253864349,0.19700005619322286,-0.4345159395690814,0.0
1759838863.7942078,1,-1.2050001621245956,-0.8299997448920943,-0.7177030444144975,0.0,-1.734999179840088,-0.34999901056289673,-0.7177046537399292,0.0,-1.9499999253864349,0.19700005619322286,-0.4345159395690814,0.0
1759838863.8054478,1,-1.2050001621245956,-0.8299997448920943,-0.7177030444144975,0.0,-1.734999179840088,-0.34999901056289673,-0.7177046537399292,0.0,-1.9499999253864349,0.19700005619322286,-0.4345159395690814,0.0
1759838863.8180053,1,-1.2050001621245956,-0.8299997448920943,-0.7177030444144975,0.0,-1.734999179840088,-0.34999901056289673,-0.7177046537399292,0.0,-1.9499999253864349,0.19700005619322286,-0.4345159395690814,0.0
1759838863.8318622,1,-1.2050001621245956,-0.8299997448920943,-0.7177030444144975,0.0,-1.734999179840088,-0.34999901056289673,-0.7177046537399292,0.0,-1.9499999253864349,0.19700005619322286,-0.4345159395690814,0.0
1759838863.8423758,1,-1.2050001621245956,-0.8299997448920943,-0.7177030444144975,0.0,-1.734999179840088,-0.34999901056289673,-0.7177046537399292,0.0,-1.9499999253864349,0.19700005619322286,-0.4345159395690814,0.0
1759838863.8524132,1,-1.2050001621245956,-0.8299997448920943,-0.7177030444144975,0.0,-1.734999179840088,-0.34999901056289673,-0.7177046537399292,0.0,-1.9499999253864349,0.19700005619322286,-0.4345159395690814,0.0
1759838863.8626344,1,-1.2050001621245956,-0.8299997448920943,-0.7177030444144975,0.0,-1.734999179840088,-0.34999901056289673,-0.7177046537399292,0.0,-1.9499999253864349,0.19700005619322286,-0.4345159395690814,0.0
1759838863.8740516,1,-1.2050001621245956,-0.8299997448920943,-0.7177030444144975,0.0,-1.734999179840088,-0.34999901056289673,-0.7177046537399292,0.0,-1.9499999253864349,0.19700005619322286,-0.4345159395690814,0.0
1759838863.8862836,1,-1.2050001621245956,-0.8299997448920943,-0.7177030444144975,0.0,-1.734999179840088,-0.34999901056289673,-0.7177046537399292,0.0,-1.9499999253864349,0.19700005619322286,-0.4345159395690814,0.0
1759838863.8967652,1,-1.2050001621245956,-0.8299997448920943,-0.7177030444144975,0.0,-1.734999179840088,-0.34999901056289673,-0.7177046537399292,0.0,-1.9499999253864349,0.19700005619322286,-0.4345159395690814,0.0
1759838863.908125,1,-1.2050001621245956,-0.8299997448920943,-0.7177030444144975,0.0,-1.734999179840088,-0.34999901056289673,-0.7177046537399292,0.0,-1.9499999253864349,0.19700005619322286,-0.4345159395690814,0.0
1759838863.9195378,1,-1.2050001621245956,-0.8299997448920943,-0.7177030444144975,0.0,-1.734999179840088,-0.34999901056289673,-0.7177046537399292,0.0,-1.9499999253864349,0.19700005619322286,-0.4345159395690814,0.0
1759838863.9304287,1,-1.2050001621245956,-0.8299997448920943,-0.7177030444144975,0.0,-1.734999179840088,-0.34999901056289673,-0.7177046537399292,0.0,-1.9499999253864349,0.19700005619322286,-0.4345159395690814,0.0
1759838863.9418354,1,-1.2050001621245956,-0.8299997448920943,-0.7177030444144975,0.0,-1.734999179840088,-0.34999901056289673,-0.7177046537399292,0.0,-1.9499999253864349,0.19700005619322286,-0.4345159395690814,0.0
1759838863.9520893,1,-1.2050001621245956,-0.8299997448920943,-0.7177030444144975,0.0,-1.734999179840088,-0.34999901056289673,-0.7177046537399292,0.0,-1.9499999253864349,0.19700005619322286,-0.4345159395690814,0.0
1759838863.963388,1,-1.2050001621245956,-0.8299997448920943,-0.7177030444144975,0.0,-1.734999179840088,-0.34999901056289673,-0.7177046537399292,0.0,-1.9499999253864349,0.19700005619322286,-0.4345159395690814,0.0
1759838863.9752924,1,-1.2050001621245956,-0.8299997448920943,-0.7177030444144975,0.0,-1.734999179840088,-0.34999901056289673,-0.7177046537399292,0.0,-1.9499999253864349,0.19700005619322286,-0.4345159395690814,0.0
1759838863.986032,1,-1.2050001621245956,-0.8299997448920943,-0.7177030444144975,0.0,-1.734999179840088,-0.34999901056289673,-0.7177046537399292,0.0,-1.9499999253864349,0.19700005619322286,-0.4345159395690814,0.0
1759838863.996347,1,-1.2050001621245956,-0.8299997448920943,-0.7177030444144975,0.0,-1.734999179840088,-0.34999901056289673,-0.7177046537399292,0.0,-1.9499999253864349,0.19700005619322286,-0.4345159395690814,0.0
1759838864.0067432,1,-1.2050001621245956,-0.8299997448920943,-0.7177030444144975,0.0,-1.734999179840088,-0.34999901056289673,-0.7177046537399292,0.0,-1.9499999253864349,0.19700005619322286,-0.4345159395690814,0.0
1759838864.0184755,1,-1.2050001621245956,-0.8299997448920943,-0.7177030444144975,0.0,-1.734999179840088,-0.34999901056289673,-0.7177046537399292,0.0,-1.9499999253864349,0.19700005619322286,-0.4345159395690814,0.0
1759838864.0335035,1,-1.2050001621245956,-0.8299997448920943,-0.7177030444144975,0.0,-1.734999179840088,-0.34999901056289673,-0.7177046537399292,0.0,-1.9499999253864349,0.19700005619322286,-0.4345159395690814,0.0
1759838864.0436444,1,-1.2050001621245956,-0.8299997448920943,-0.7177030444144975,0.0,-1.734999179840088,-0.34999901056289673,-0.7177046537399292,0.0,-1.9499999253864349,0.19700005619322286,-0.4345159395690814,0.0
1759838864.054992,1,-1.2050001621245956,-0.8299997448920943,-0.7177030444144975,0.0,-1.734999179840088,-0.34999901056289673,-0.7177046537399292,0.0,-1.9499999253864349,0.19700005619322286,-0.4345159395690814,0.0
1759838864.066401,1,-1.2050001621245956,-0.8299997448920943,-0.7177030444144975,0.0,-1.734999179840088,-0.34999901056289673,-0.7177046537399292,0.0,-1.9499999253864349,0.19700005619322286,-0.4345159395690814,0.0
1759838864.0765247,1,-1.2050001621245956,-0.8299997448920943,-0.7177030444144975,0.0,-1.734999179840088,-0.34999901056289673,-0.7177046537399292,0.0,-1.9499999253864349,0.19700005619322286,-0.4345159395690814,0.0
1759838864.0865264,1,-1.2050001621245956,-0.8299997448920943,-0.7177030444144975,0.0,-1.734999179840088,-0.34999901056289673,-0.7177046537399292,0.0,-1.9499999253864349,0.19700005619322286,-0.4345159395690814,0.0
1759838864.0981479,1,-1.2050001621245956,-0.8299997448920943,-0.7177030444144975,0.0,-1.734999179840088,-0.34999901056289673,-0.7177046537399292,0.0,-1.9499999253864349,0.19700005619322286,-0.4345159395690814,0.0
1759838864.1082704,1,-1.2050001621245956,-0.8299997448920943,-0.7177030444144975,0.0,-1.734999179840088,-0.34999901056289673,-0.7177046537399292,0.0,-1.9499999253864349,0.19700005619322286,-0.4345159395690814,0.0
1759838864.1197073,1,-1.2050001621245956,-0.8299997448920943,-0.7177030444144975,0.0,-1.734999179840088,-0.34999901056289673,-0.7177046537399292,0.0,-1.9499999253864349,0.19700005619322286,-0.4345159395690814,0.0
1759838864.1302059,1,-1.2050001621245956,-0.8299997448920943,-0.7177030444144975,0.0,-1.734999179840088,-0.34999901056289673,-0.7177046537399292,0.0,-1.9499999253864349,0.19700005619322286,-0.4345159395690814,0.0
1759838864.1408918,1,-1.2050001621245956,-0.8299997448920943,-0.7177030444144975,0.0,-1.734999179840088,-0.34999901056289673,-0.7177046537399292,0.0,-1.9499999253864349,0.19700005619322286,-0.4345159395690814,0.0
1759838864.1516387,1,-1.2050001621245956,-0.8299997448920943,-0.7177030444144975,0.0,-1.734999179840088,-0.34999901056289673,-0.7177046537399292,0.0,-1.9499999253864349,0.19700005619322286,-0.4345159395690814,0.0
1759838864.1645055,1,-1.2050001621245956,-0.8299997448920943,-0.7177030444144975,0.0,-1.734999179840088,-0.34999901056289673,-0.7177046537399292,0.0,-1.9499999253864349,0.19700005619322286,-0.4345159395690814,0.0
1759838864.1746957,1,-1.2050001621245956,-0.8299997448920943,-0.7177030444144975,0.0,-1.734999179840088,-0.34999901056289673,-0.7177046537399292,0.0,-1.9499999253864349,0.19700005619322286,-0.4345159395690814,0.0
1759838864.1860113,1,-1.2050001621245956,-0.8299997448920943,-0.7177030444144975,0.0,-1.734999179840088,-0.34999901056289673,-0.7177046537399292,0.0,-1.9499999253864349,0.19700005619322286,-0.4345159395690814,0.0
1759838864.197315,1,-1.2050001621245956,-0.8299997448920943,-0.7177030444144975,0.0,-1.734999179840088,-0.34999901056289673,-0.7177046537399292,0.0,-1.9499999253864349,0.19700005619322286,-0.4345159395690814,0.0
1759838864.2081668,1,-1.2050001621245956,-0.8299997448920943,-0.7177030444144975,0.0,-1.734999179840088,-0.34999901056289673,-0.7177046537399292,0.0,-1.9499999253864349,0.19700005619322286,-0.4345159395690814,0.0
1759838864.2184036,1,-1.2050001621245956,-0.8299997448920943,-0.7177030444144975,0.0,-1.734999179840088,-0.34999901056289673,-0.7177046537399292,0.0,-1.9499999253864349,0.19700005619322286,-0.4345159395690814,0.0
1759838864.2284272,1,-1.2050001621245956,-0.8299997448920943,-0.7177030444144975,0.0,-1.734999179840088,-0.34999901056289673,-0.7177046537399292,0.0,-1.9499999253864349,0.19700005619322286,-0.4345159395690814,0.0
1759838864.2418165,1,-1.2050001621245956,-0.8299997448920943,-0.7177030444144975,0.0,-1.734999179840088,-0.34999901056289673,-0.7177046537399292,0.0,-1.9499999253864349,0.19700005619322286,-0.4345159395690814,0.0
1759838864.2522163,1,-1.2050001621245956,-0.8299997448920943,-0.7177030444144975,0.0,-1.734999179840088,-0.34999901056289673,-0.7177046537399292,0.0,-1.9499999253864349,0.19700005619322286,-0.4345159395690814,0.0
1759838864.263031,1,-1.2050001621245956,-0.8299997448920943,-0.7177030444144975,0.0,-1.734999179840088,-0.34999901056289673,-0.7177046537399292,0.0,-1.9499999253864349,0.19700005619322286,-0.4345159395690814,0.0
1759838864.2740524,1,-1.2050001621245956,-0.8299997448920943,-0.7177030444144975,0.0,-1.734999179840088,-0.34999901056289673,-0.7177046537399292,0.0,-1.9499999253864349,0.19700005619322286,-0.4345159395690814,0.0
1759838864.2842653,1,-1.2050001621245956,-0.8299997448920943,-0.7177030444144975,0.0,-1.734999179840088,-0.34999901056289673,-0.7177046537399292,0.0,-1.9499999253864349,0.19700005619322286,-0.4345159395690814,0.0
1759838864.294669,1,-1.2050001621245956,-0.8299997448920943,-0.7177030444144975,0.0,-1.734999179840088,-0.34999901056289673,-0.7177046537399292,0.0,-1.9499999253864349,0.19700005619322286,-0.4345159395690814,0.0
1759838864.3061545,1,-1.2050001621245956,-0.8299997448920943,-0.7177030444144975,0.0,-1.734999179840088,-0.34999901056289673,-0.7177046537399292,0.0,-1.9499999253864349,0.19700005619322286,-0.4345159395690814,0.0
1759838864.321651,1,-1.2050001621245956,-0.8299997448920943,-0.7177030444144975,0.0,-1.734999179840088,-0.34999901056289673,-0.7177046537399292,0.0,-1.9499999253864349,0.19700005619322286,-0.4345159395690814,0.0
1759838864.3324745,1,-1.2050001621245956,-0.8299997448920943,-0.7177030444144975,0.0,-1.734999179840088,-0.34999901056289673,-0.7177046537399292,0.0,-1.9499999253864349,0.19700005619322286,-0.4345159395690814,0.0
1759838864.3447042,1,-1.2050001621245956,-0.8299997448920943,-0.7177030444144975,0.0,-1.734999179840088,-0.34999901056289673,-0.7177046537399292,0.0,-1.9499999253864349,0.19700005619322286,-0.4345159395690814,0.0
1759838864.3561094,1,-1.2050001621245956,-0.8299997448920943,-0.7177030444144975,0.0,-1.734999179840088,-0.34999901056289673,-0.7177046537399292,0.0,-1.9499999253864349,0.19700005619322286,-0.4345159395690814,0.0
1759838864.3704886,1,-1.2050001621245956,-0.8299997448920943,-0.7177030444144975,0.0,-1.734999179840088,-0.34999901056289673,-0.7177046537399292,0.0,-1.9499999253864349,0.19700005619322286,-0.4345159395690814,0.0
1759838864.3813725,1,-1.2050001621245956,-0.8299997448920943,-0.7177030444144975,0.0,-1.734999179840088,-0.34999901056289673,-0.7177046537399292,0.0,-1.9499999253864349,0.19700005619322286,-0.4345159395690814,0.0
1759838864.394191,1,-1.2050001621245956,-0.8299997448920943,-0.7177030444144975,0.0,-1.734999179840088,-0.34999901056289673,-0.7177046537399292,0.0,-1.9499999253864349,0.19700005619322286,-0.4345159395690814,0.0
1759838864.405157,1,-1.2050001621245956,-0.8299997448920943,-0.7177030444144975,0.0,-1.734999179840088,-0.34999901056289673,-0.7177046537399292,0.0,-1.9499999253864349,0.19700005619322286,-0.4345159395690814,0.0
1759838864.4169836,1,-1.2050001621245956,-0.8299997448920943,-0.7177030444144975,0.0,-1.734999179840088,-0.34999901056289673,-0.7177046537399292,0.0,-1.9499999253864349,0.19700005619322286,-0.4345159395690814,0.0
1759838864.428202,1,-1.2050001621245956,-0.8299997448920943,-0.7177030444144975,0.0,-1.734999179840088,-0.34999901056289673,-0.7177046537399292,0.0,-1.9499999253864349,0.19700005619322286,-0.4345159395690814,0.0
1759838864.445861,1,-1.2050001621245956,-0.8299997448920943,-0.7177030444144975,0.0,-1.734999179840088,-0.34999901056289673,-0.7177046537399292,0.0,-1.9499999253864349,0.19700005619322286,-0.4345159395690814,0.0
1759838864.4553823,1,-1.2050001621245956,-0.8299997448920943,-0.7177030444144975,0.0,-1.734999179840088,-0.34999901056289673,-0.7177046537399292,0.0,-1.9499999253864349,0.19700005619322286,-0.4345159395690814,0.0
1759838864.4659896,1,-1.2050001621245956,-0.8299997448920943,-0.7177030444144975,0.0,-1.734999179840088,-0.34999901056289673,-0.7177046537399292,0.0,-1.9499999253864349,0.19700005619322286,-0.4345159395690814,0.0
1759838864.4788082,1,-1.2050001621245956,-0.8299997448920943,-0.7177030444144975,0.0,-1.734999179840088,-0.34999901056289673,-0.7177046537399292,0.0,-1.9499999253864349,0.19700005619322286,-0.4345159395690814,0.0
1759838864.4896734,1,-1.2050001621245956,-0.8299997448920943,-0.7177030444144975,0.0,-1.734999179840088,-0.34999901056289673,-0.7177046537399292,0.0,-1.9499999253864349,0.19700005619322286,-0.4345159395690814,0.0
1759838864.5036147,1,-1.2050001621245956,-0.8299997448920943,-0.7177030444144975,0.0,-1.734999179840088,-0.34999901056289673,-0.7177046537399292,0.0,-1.9499999253864349,0.19700005619322286,-0.4345159395690814,0.0
1759838864.5137444,1,-1.2050001621245956,-0.8299997448920943,-0.7177030444144975,0.0,-1.734999179840088,-0.34999901056289673,-0.7177046537399292,0.0,-1.9499999253864349,0.19700005619322286,-0.4345159395690814,0.0
1759838864.52831,1,-1.2050001621245956,-0.8299997448920943,-0.7177030444144975,0.0,-1.734999179840088,-0.34999901056289673,-0.7177046537399292,0.0,-1.9499999253864349,0.19700005619322286,-0.4345159395690814,0.0
1759838864.541729,1,-1.2050001621245956,-0.8299997448920943,-0.7177030444144975,0.0,-1.734999179840088,-0.34999901056289673,-0.7177046537399292,0.0,-1.9499999253864349,0.19700005619322286,-0.4345159395690814,0.0
1759838864.556067,1,-1.2050001621245956,-0.8299997448920943,-0.7177030444144975,0.0,-1.734999179840088,-0.34999901056289673,-0.7177046537399292,0.0,-1.9499999253864349,0.19700005619322286,-0.4345159395690814,0.0
1759838864.5670948,1,-1.2050001621245956,-0.8299997448920943,-0.7177030444144975,0.0,-1.734999179840088,-0.34999901056289673,-0.7177046537399292,0.0,-1.9499999253864349,0.19700005619322286,-0.4345159395690814,0.0
1759838864.5834906,1,-1.2050001621245956,-0.8299997448920943,-0.7177030444144975,0.0,-1.734999179840088,-0.34999901056289673,-0.7177046537399292,0.0,-1.9499999253864349,0.19700005619322286,-0.4345159395690814,0.0
1759838864.6005988,1,-1.2050001621245956,-0.8299997448920943,-0.7177030444144975,0.0,-1.734999179840088,-0.34999901056289673,-0.7177046537399292,0.0,-1.9499999253864349,0.19700005619322286,-0.4345159395690814,0.0
1759838864.6111841,1,-1.2050001621245956,-0.8299997448920943,-0.7177030444144975,0.0,-1.734999179840088,-0.34999901056289673,-0.7177046537399292,0.0,-1.9499999253864349,0.19700005619322286,-0.4345159395690814,0.0
1759838864.6299071,1,-1.2050001621245956,-0.8299997448920943,-0.7177030444144975,0.0,-1.734999179840088,-0.34999901056289673,-0.7177046537399292,0.0,-1.9499999253864349,0.19700005619322286,-0.4345159395690814,0.0
1759838864.6466336,1,-1.2050001621245956,-0.8299997448920943,-0.7177030444144975,0.0,-1.734999179840088,-0.34999901056289673,-0.7177046537399292,0.0,-1.9499999253864349,0.19700005619322286,-0.4345159395690814,0.0
1759838864.656138,1,-1.2050001621245956,-0.8299997448920943,-0.7177030444144975,0.0,-1.734999179840088,-0.34999901056289673,-0.7177046537399292,0.0,-1.9499999253864349,0.19700005619322286,-0.4345159395690814,0.0
1759838864.6664603,1,-1.2050001621245956,-0.8299997448920943,-0.7177030444144975,0.0,-1.734999179840088,-0.34999901056289673,-0.7177046537399292,0.0,-1.9499999253864349,0.19700005619322286,-0.4345159395690814,0.0
1759838864.6765466,1,-1.2050001621245956,-0.8299997448920943,-0.7177030444144975,0.0,-1.734999179840088,-0.34999901056289673,-0.7177046537399292,0.0,-1.9499999253864349,0.19700005619322286,-0.4345159395690814,0.0
1759838864.6929896,1,-1.2050001621245956,-0.8299997448920943,-0.7177030444144975,0.0,-1.734999179840088,-0.34999901056289673,-0.7177046537399292,0.0,-1.9499999253864349,0.19700005619322286,-0.4345159395690814,0.0
1759838864.7031848,1,-1.2050001621245956,-0.8299997448920943,-0.7177030444144975,0.0,-1.734999179840088,-0.34999901056289673,-0.7177046537399292,0.0,-1.9499999253864349,0.19700005619322286,-0.4345159395690814,0.0
1759838864.7132967,1,-1.2050001621245956,-0.8299997448920943,-0.7177030444144975,0.0,-1.734999179840088,-0.34999901056289673,-0.7177046537399292,0.0,-1.9499999253864349,0.19700005619322286,-0.4345159395690814,0.0
1759838864.7243989,1,-1.2050001621245956,-0.8299997448920943,-0.7177030444144975,0.0,-1.734999179840088,-0.34999901056289673,-0.7177046537399292,0.0,-1.9499999253864349,0.19700005619322286,-0.4345159395690814,0.0
1759838864.7361271,1,-1.2050001621245956,-0.8299997448920943,-0.7177030444144975,0.0,-1.734999179840088,-0.34999901056289673,-0.7177046537399292,0.0,-1.9499999253864349,0.19700005619322286,-0.4345159395690814,0.0
1759838864.747125,1,-1.2050001621245956,-0.8299997448920943,-0.7177030444144975,0.0,-1.734999179840088,-0.34999901056289673,-0.7177046537399292,0.0,-1.9499999253864349,0.19700005619322286,-0.4345159395690814,0.0
1759838864.7584577,1,-1.2050001621245956,-0.8299997448920943,-0.7177030444144975,0.0,-1.734999179840088,-0.34999901056289673,-0.7177046537399292,0.0,-1.9499999253864349,0.19700005619322286,-0.4345159395690814,0.0
1759838864.7732937,1,-1.2050001621245956,-0.8299997448920943,-0.7177030444144975,0.0,-1.734999179840088,-0.34999901056289673,-0.7177046537399292,0.0,-1.9499999253864349,0.19700005619322286,-0.4345159395690814,0.0
1759838864.7835357,1,-1.2050001621245956,-0.8299997448920943,-0.7177030444144975,0.0,-1.734999179840088,-0.34999901056289673,-0.7177046537399292,0.0,-1.9499999253864349,0.19700005619322286,-0.4345159395690814,0.0
1759838864.798506,1,-1.2050001621245956,-0.8299997448920943,-0.7177030444144975,0.0,-1.734999179840088,-0.34999901056289673,-0.7177046537399292,0.0,-1.9499999253864349,0.19700005619322286,-0.4345159395690814,0.0
1759838864.8088996,1,-1.2050001621245956,-0.8299997448920943,-0.7177030444144975,0.0,-1.734999179840088,-0.34999901056289673,-0.7177046537399292,0.0,-1.9499999253864349,0.19700005619322286,-0.4345159395690814,0.0
1759838864.8202276,1,-1.2050001621245956,-0.8299997448920943,-0.7177030444144975,0.0,-1.734999179840088,-0.34999901056289673,-0.7177046537399292,0.0,-1.9499999253864349,0.19700005619322286,-0.4345159395690814,0.0
1759838864.8384066,1,-1.2050001621245956,-0.8299997448920943,-0.7177030444144975,0.0,-1.734999179840088,-0.34999901056289673,-0.7177046537399292,0.0,-1.9499999253864349,0.19700005619322286,-0.4345159395690814,0.0
1759838864.855001,1,-1.2050001621245956,-0.8299997448920943,-0.7177030444144975,0.0,-1.734999179840088,-0.34999901056289673,-0.7177046537399292,0.0,-1.9499999253864349,0.19700005619322286,-0.4345159395690814,0.0
1759838864.8652997,1,-1.2050001621245956,-0.8299997448920943,-0.7177030444144975,0.0,-1.734999179840088,-0.34999901056289673,-0.7177046537399292,0.0,-1.9499999253864349,0.19700005619322286,-0.4345159395690814,0.0
1759838864.8753865,1,-1.2050001621245956,-0.8299997448920943,-0.7177030444144975,0.0,-1.734999179840088,-0.34999901056289673,-0.7177046537399292,0.0,-1.9499999253864349,0.19700005619322286,-0.4345159395690814,0.0
1759838864.8901343,1,-1.2050001621245956,-0.8299997448920943,-0.7177030444144975,0.0,-1.734999179840088,-0.34999901056289673,-0.7177046537399292,0.0,-1.9499999253864349,0.19700005619322286,-0.4345159395690814,0.0
1759838864.9006145,1,-1.2050001621245956,-0.8299997448920943,-0.7177030444144975,0.0,-1.734999179840088,-0.34999901056289673,-0.7177046537399292,0.0,-1.9499999253864349,0.19700005619322286,-0.4345159395690814,0.0
1759838864.9162824,1,-1.2050001621245956,-0.8299997448920943,-0.7177030444144975,0.0,-1.734999179840088,-0.34999901056289673,-0.7177046537399292,0.0,-1.9499999253864349,0.19700005619322286,-0.4345159395690814,0.0
1759838864.9268007,1,-1.2050001621245956,-0.8299997448920943,-0.7177030444144975,0.0,-1.734999179840088,-0.34999901056289673,-0.7177046537399292,0.0,-1.9499999253864349,0.19700005619322286,-0.4345159395690814,0.0
1759838864.941059,1,-1.2050001621245956,-0.8299997448920943,-0.7177030444144975,0.0,-1.734999179840088,-0.34999901056289673,-0.7177046537399292,0.0,-1.9499999253864349,0.19700005619322286,-0.4345159395690814,0.0
1759838864.9518635,1,-1.2050001621245956,-0.8299997448920943,-0.7177030444144975,0.0,-1.734999179840088,-0.34999901056289673,-0.7177046537399292,0.0,-1.9499999253864349,0.19700005619322286,-0.4345159395690814,0.0
1759838864.9696934,1,-1.2050001621245956,-0.8299997448920943,-0.7177030444144975,0.0,-1.734999179840088,-0.34999901056289673,-0.7177046537399292,0.0,-1.9499999253864349,0.19700005619322286,-0.4345159395690814,0.0
1759838864.9806952,1,-1.2050001621245956,-0.8299997448920943,-0.7177030444144975,0.0,-1.734999179840088,-0.34999901056289673,-0.7177046537399292,0.0,-1.9499999253864349,0.19700005619322286,-0.4345159395690814,0.0
1759838864.991606,1,-1.2050001621245956,-0.8299997448920943,-0.7177030444144975,0.0,-1.734999179840088,-0.34999901056289673,-0.7177046537399292,0.0,-1.9499999253864349,0.19700005619322286,-0.4345159395690814,0.0
1759838865.0074346,1,-1.2050001621245956,-0.8299997448920943,-0.7177030444144975,0.0,-1.734999179840088,-0.34999901056289673,-0.7177046537399292,0.0,-1.9499999253864349,0.19700005619322286,-0.4345159395690814,0.0
1759838865.0186622,1,-1.2050001621245956,-0.8299997448920943,-0.7177030444144975,0.0,-1.734999179840088,-0.34999901056289673,-0.7177046537399292,0.0,-1.9499999253864349,0.19700005619322286,-0.4345159395690814,0.0
1759838865.0366395,1,-1.2050001621245956,-0.8299997448920943,-0.7177030444144975,0.0,-1.734999179840088,-0.34999901056289673,-0.7177046537399292,0.0,-1.9499999253864349,0.19700005619322286,-0.4345159395690814,0.0
1759838865.0591135,1,-1.2050001621245956,-0.8299997448920943,-0.7177030444144975,0.0,-1.734999179840088,-0.34999901056289673,-0.7177046537399292,0.0,-1.9499999253864349,0.19700005619322286,-0.4345159395690814,0.0
1759838865.0713487,1,-1.2050001621245956,-0.8299997448920943,-0.7177030444144975,0.0,-1.734999179840088,-0.34999901056289673,-0.7177046537399292,0.0,-1.9499999253864349,0.19700005619322286,-0.4345159395690814,0.0
1759838865.0815969,1,-1.2050001621245956,-0.8299997448920943,-0.7177030444144975,0.0,-1.734999179840088,-0.34999901056289673,-0.7177046537399292,0.0,-1.9499999253864349,0.19700005619322286,-0.4345159395690814,0.0
1759838865.0925634,1,-1.2050001621245956,-0.8299997448920943,-0.7177030444144975,0.0,-1.734999179840088,-0.34999901056289673,-0.7177046537399292,0.0,-1.9499999253864349,0.19700005619322286,-0.4345159395690814,0.0
1759838865.1106775,1,-1.2050001621245956,-0.8299997448920943,-0.7177030444144975,0.0,-1.734999179840088,-0.34999901056289673,-0.7177046537399292,0.0,-1.9499999253864349,0.19700005619322286,-0.4345159395690814,0.0
1759838865.1246064,1,-1.2050001621245956,-0.8299997448920943,-0.7177030444144975,0.0,-1.734999179840088,-0.34999901056289673,-0.7177046537399292,0.0,-1.9499999253864349,0.19700005619322286,-0.4345159395690814,0.0
1759838865.137504,1,-1.2050001621245956,-0.8299997448920943,-0.7177030444144975,0.0,-1.734999179840088,-0.34999901056289673,-0.7177046537399292,0.0,-1.9499999253864349,0.19700005619322286,-0.4345159395690814,0.0
1759838865.1525786,1,-1.2050001621245956,-0.8299997448920943,-0.7177030444144975,0.0,-1.734999179840088,-0.34999901056289673,-0.7177046537399292,0.0,-1.9499999253864349,0.19700005619322286,-0.4345159395690814,0.0
1759838865.1686115,1,-1.2050001621245956,-0.8299997448920943,-0.7177030444144975,0.0,-1.734999179840088,-0.34999901056289673,-0.7177046537399292,0.0,-1.9499999253864349,0.19700005619322286,-0.4345159395690814,0.0
1759838865.179906,1,-1.2050001621245956,-0.8299997448920943,-0.7177030444144975,0.0,-1.734999179840088,-0.34999901056289673,-0.7177046537399292,0.0,-1.9499999253864349,0.19700005619322286,-0.4345159395690814,0.0
1759838865.2036989,1,-1.2050001621245956,-0.8299997448920943,-0.7177030444144975,0.0,-1.734999179840088,-0.34999901056289673,-0.7177046537399292,0.0,-1.9499999253864349,0.19700005619322286,-0.4345159395690814,0.0
1759838865.2153888,1,-1.2050001621245956,-0.8299997448920943,-0.7177030444144975,0.0,-1.734999179840088,-0.34999901056289673,-0.7177046537399292,0.0,-1.9499999253864349,0.19700005619322286,-0.4345159395690814,0.0
1759838865.2265923,1,-1.2050001621245956,-0.8299997448920943,-0.7177030444144975,0.0,-1.734999179840088,-0.34999901056289673,-0.7177046537399292,0.0,-1.9499999253864349,0.19700005619322286,-0.4345159395690814,0.0
1759838865.238027,1,-1.2050001621245956,-0.8299997448920943,-0.7177030444144975,0.0,-1.734999179840088,-0.34999901056289673,-0.7177046537399292,0.0,-1.9499999253864349,0.19700005619322286,-0.4345159395690814,0.0
1759838865.249128,1,-1.2050001621245956,-0.8299997448920943,-0.7177030444144975,0.0,-1.734999179840088,-0.34999901056289673,-0.7177046537399292,0.0,-1.9499999253864349,0.19700005619322286,-0.4345159395690814,0.0
1759838865.269759,1,-1.2050001621245956,-0.8299997448920943,-0.7177030444144975,0.0,-1.734999179840088,-0.34999901056289673,-0.7177046537399292,0.0,-1.9499999253864349,0.19700005619322286,-0.4345159395690814,0.0
1759838865.2812402,1,-1.2050001621245956,-0.8299997448920943,-0.7177030444144975,0.0,-1.734999179840088,-0.34999901056289673,-0.7177046537399292,0.0,-1.9499999253864349,0.19700005619322286,-0.4345159395690814,0.0
1759838865.2930262,1,-1.2050001621245956,-0.8299997448920943,-0.7177030444144975,0.0,-1.734999179840088,-0.34999901056289673,-0.7177046537399292,0.0,-1.9499999253864349,0.19700005619322286,-0.4345159395690814,0.0
1759838865.304016,1,-1.2050001621245956,-0.8299997448920943,-0.7177030444144975,0.0,-1.734999179840088,-0.34999901056289673,-0.7177046537399292,0.0,-1.9499999253864349,0.19700005619322286,-0.4345159395690814,0.0
1759838865.3143437,1,-1.2050001621245956,-0.8299997448920943,-0.7177030444144975,0.0,-1.734999179840088,-0.34999901056289673,-0.7177046537399292,0.0,-1.9499999253864349,0.19700005619322286,-0.4345159395690814,0.0
1759838865.324612,1,-1.2050001621245956,-0.8299997448920943,-0.7177030444144975,0.0,-1.734999179840088,-0.34999901056289673,-0.7177046537399292,0.0,-1.9499999253864349,0.19700005619322286,-0.4345159395690814,0.0
1759838865.3359704,1,-1.2050001621245956,-0.8299997448920943,-0.7177030444144975,0.0,-1.734999179840088,-0.34999901056289673,-0.7177046537399292,0.0,-1.9499999253864349,0.19700005619322286,-0.4345159395690814,0.0
1759838865.3537154,1,-1.2050001621245956,-0.8299997448920943,-0.7177030444144975,0.0,-1.734999179840088,-0.34999901056289673,-0.7177046537399292,0.0,-1.9499999253864349,0.19700005619322286,-0.4345159395690814,0.0
1759838865.365255,1,-1.2050001621245956,-0.8299997448920943,-0.7177030444144975,0.0,-1.734999179840088,-0.34999901056289673,-0.7177046537399292,0.0,-1.9499999253864349,0.19700005619322286,-0.4345159395690814,0.0
1759838865.3764126,1,-1.2050001621245956,-0.8299997448920943,-0.7177030444144975,0.0,-1.734999179840088,-0.34999901056289673,-0.7177046537399292,0.0,-1.9499999253864349,0.19700005619322286,-0.4345159395690814,0.0
1759838865.3920736,1,-1.2050001621245956,-0.8299997448920943,-0.7177030444144975,0.0,-1.734999179840088,-0.34999901056289673,-0.7177046537399292,0.0,-1.9499999253864349,0.19700005619322286,-0.4345159395690814,0.0
1759838865.4029481,1,-1.2050001621245956,-0.8299997448920943,-0.7177030444144975,0.0,-1.734999179840088,-0.34999901056289673,-0.7177046537399292,0.0,-1.9499999253864349,0.19700005619322286,-0.4345159395690814,0.0
1759838865.413905,1,-1.2050001621245956,-0.8299997448920943,-0.7177030444144975,0.0,-1.734999179840088,-0.34999901056289673,-0.7177046537399292,0.0,-1.9499999253864349,0.19700005619322286,-0.4345159395690814,0.0
1759838865.431016,1,-1.2050001621245956,-0.8299997448920943,-0.7177030444144975,0.0,-1.734999179840088,-0.34999901056289673,-0.7177046537399292,0.0,-1.9499999253864349,0.19700005619322286,-0.4345159395690814,0.0
1759838865.441755,1,-1.2050001621245956,-0.8299997448920943,-0.7177030444144975,0.0,-1.734999179840088,-0.34999901056289673,-0.7177046537399292,0.0,-1.9499999253864349,0.19700005619322286,-0.4345159395690814,0.0
1759838865.4520402,1,-1.2050001621245956,-0.8299997448920943,-0.7177030444144975,0.0,-1.734999179840088,-0.34999901056289673,-0.7177046537399292,0.0,-1.9499999253864349,0.19700005619322286,-0.4345159395690814,0.0
1759838865.4801507,1,-1.2050001621245956,-0.8299997448920943,-0.7177030444144975,0.0,-1.734999179840088,-0.34999901056289673,-0.7177046537399292,0.0,-1.9499999253864349,0.19700005619322286,-0.4345159395690814,0.0
1759838865.490933,1,-1.2050001621245956,-0.8299997448920943,-0.7177030444144975,0.0,-1.734999179840088,-0.34999901056289673,-0.7177046537399292,0.0,-1.9499999253864349,0.19700005619322286,-0.4345159395690814,0.0
1759838865.501502,1,-1.2050001621245956,-0.8299997448920943,-0.7177030444144975,0.0,-1.734999179840088,-0.34999901056289673,-0.7177046537399292,0.0,-1.9499999253864349,0.19700005619322286,-0.4345159395690814,0.0
1759838865.5115523,1,-1.2050001621245956,-0.8299997448920943,-0.7177030444144975,0.0,-1.734999179840088,-0.34999901056289673,-0.7177046537399292,0.0,-1.9499999253864349,0.19700005619322286,-0.4345159395690814,0.0
1759838865.5285308,1,-1.2050001621245956,-0.8299997448920943,-0.7177030444144975,0.0,-1.734999179840088,-0.34999901056289673,-0.7177046537399292,0.0,-1.9499999253864349,0.19700005619322286,-0.4345159395690814,0.0
1759838865.546539,1,-1.2050001621245956,-0.8299997448920943,-0.7177030444144975,0.0,-1.734999179840088,-0.34999901056289673,-0.7177046537399292,0.0,-1.9499999253864349,0.19700005619322286,-0.4345159395690814,0.0
1759838865.557099,1,-1.2050001621245956,-0.8299997448920943,-0.7177030444144975,0.0,-1.734999179840088,-0.34999901056289673,-0.7177046537399292,0.0,-1.9499999253864349,0.19700005619322286,-0.4345159395690814,0.0
1759838865.5687277,1,-1.2050001621245956,-0.8299997448920943,-0.7177030444144975,0.0,-1.734999179840088,-0.34999901056289673,-0.7177046537399292,0.0,-1.9499999253864349,0.19700005619322286,-0.4345159395690814,0.0
1759838865.5791366,1,-1.2050001621245956,-0.8299997448920943,-0.7177030444144975,0.0,-1.734999179840088,-0.34999901056289673,-0.7177046537399292,0.0,-1.9499999253864349,0.19700005619322286,-0.4345159395690814,0.0
1759838865.5962346,1,-1.2050001621245956,-0.8299997448920943,-0.7177030444144975,0.0,-1.734999179840088,-0.34999901056289673,-0.7177046537399292,0.0,-1.9499999253864349,0.19700005619322286,-0.4345159395690814,0.0
1759838865.613763,1,-1.2050001621245956,-0.8299997448920943,-0.7177030444144975,0.0,-1.734999179840088,-0.34999901056289673,-0.7177046537399292,0.0,-1.9499999253864349,0.19700005619322286,-0.4345159395690814,0.0
1759838865.6334145,1,-1.2050001621245956,-0.8299997448920943,-0.7177030444144975,0.0,-1.734999179840088,-0.34999901056289673,-0.7177046537399292,0.0,-1.9499999253864349,0.19700005619322286,-0.4345159395690814,0.0
1759838865.643583,1,-1.2050001621245956,-0.8299997448920943,-0.7177030444144975,0.0,-1.734999179840088,-0.34999901056289673,-0.7177046537399292,0.0,-1.9499999253864349,0.19700005619322286,-0.4345159395690814,0.0
1759838865.6597517,1,-1.2050001621245956,-0.8299997448920943,-0.7177030444144975,0.0,-1.734999179840088,-0.34999901056289673,-0.7177046537399292,0.0,-1.9499999253864349,0.19700005619322286,-0.4345159395690814,0.0
1759838865.6827507,1,-1.2050001621245956,-0.8299997448920943,-0.7177030444144975,0.0,-1.734999179840088,-0.34999901056289673,-0.7177046537399292,0.0,-1.9499999253864349,0.19700005619322286,-0.4345159395690814,0.0
1759838865.6930792,1,-1.2050001621245956,-0.8299997448920943,-0.7177030444144975,0.0,-1.734999179840088,-0.34999901056289673,-0.7177046537399292,0.0,-1.9499999253864349,0.19700005619322286,-0.4345159395690814,0.0
1759838865.7044482,1,-1.2050001621245956,-0.8299997448920943,-0.7177030444144975,0.0,-1.734999179840088,-0.34999901056289673,-0.7177046537399292,0.0,-1.9499999253864349,0.19700005619322286,-0.4345159395690814,0.0
1759838865.7211912,1,-1.2050001621245956,-0.8299997448920943,-0.7177030444144975,0.0,-1.734999179840088,-0.34999901056289673,-0.7177046537399292,0.0,-1.9499999253864349,0.19700005619322286,-0.4345159395690814,0.0
1759838865.7314425,1,-1.2050001621245956,-0.8299997448920943,-0.7177030444144975,0.0,-1.734999179840088,-0.34999901056289673,-0.7177046537399292,0.0,-1.9499999253864349,0.19700005619322286,-0.4345159395690814,0.0
1759838865.7416975,1,-1.2050001621245956,-0.8299997448920943,-0.7177030444144975,0.0,-1.734999179840088,-0.34999901056289673,-0.7177046537399292,0.0,-1.9499999253864349,0.19700005619322286,-0.4345159395690814,0.0
1759838865.7521033,1,-1.2050001621245956,-0.8299997448920943,-0.7177030444144975,0.0,-1.734999179840088,-0.34999901056289673,-0.7177046537399292,0.0,-1.9499999253864349,0.19700005619322286,-0.4345159395690814,0.0
1759838865.7655802,1,-1.2050001621245956,-0.8299997448920943,-0.7177030444144975,0.0,-1.734999179840088,-0.34999901056289673,-0.7177046537399292,0.0,-1.9499999253864349,0.19700005619322286,-0.4345159395690814,0.0
1759838865.7761576,1,-1.2050001621245956,-0.8299997448920943,-0.7177030444144975,0.0,-1.734999179840088,-0.34999901056289673,-0.7177046537399292,0.0,-1.9499999253864349,0.19700005619322286,-0.4345159395690814,0.0
1759838865.7911098,1,-1.2050001621245956,-0.8299997448920943,-0.7177030444144975,0.0,-1.734999179840088,-0.34999901056289673,-0.7177046537399292,0.0,-1.9499999253864349,0.19700005619322286,-0.4345159395690814,0.0
1759838865.8014767,1,-1.2050001621245956,-0.8299997448920943,-0.7177030444144975,0.0,-1.734999179840088,-0.34999901056289673,-0.7177046537399292,0.0,-1.9499999253864349,0.19700005619322286,-0.4345159395690814,0.0
1759838865.816216,1,-1.2050001621245956,-0.8299997448920943,-0.7177030444144975,0.0,-1.734999179840088,-0.34999901056289673,-0.7177046537399292,0.0,-1.9499999253864349,0.19700005619322286,-0.4345159395690814,0.0
1759838865.8291404,1,-1.2050001621245956,-0.8299997448920943,-0.7177030444144975,0.0,-1.734999179840088,-0.34999901056289673,-0.7177046537399292,0.0,-1.9499999253864349,0.19700005619322286,-0.4345159395690814,0.0
1759838865.839169,1,-1.2050001621245956,-0.8299997448920943,-0.7177030444144975,0.0,-1.734999179840088,-0.34999901056289673,-0.7177046537399292,0.0,-1.9499999253864349,0.19700005619322286,-0.4345159395690814,0.0
1759838865.854766,1,-1.2050001621245956,-0.8299997448920943,-0.7177030444144975,0.0,-1.734999179840088,-0.34999901056289673,-0.7177046537399292,0.0,-1.9499999253864349,0.19700005619322286,-0.4345159395690814,0.0
1759838865.8651106,1,-1.2050001621245956,-0.8299997448920943,-0.7177030444144975,0.0,-1.734999179840088,-0.34999901056289673,-0.7177046537399292,0.0,-1.9499999253864349,0.19700005619322286,-0.4345159395690814,0.0
1759838865.8796911,1,-1.2050001621245956,-0.8299997448920943,-0.7177030444144975,0.0,-1.734999179840088,-0.34999901056289673,-0.7177046537399292,0.0,-1.9499999253864349,0.19700005619322286,-0.4345159395690814,0.0
1759838865.8904824,1,-1.2050001621245956,-0.8299997448920943,-0.7177030444144975,0.0,-1.734999179840088,-0.34999901056289673,-0.7177046537399292,0.0,-1.9499999253864349,0.19700005619322286,-0.4345159395690814,0.0
1759838865.901393,1,-1.2050001621245956,-0.8299997448920943,-0.7177030444144975,0.0,-1.734999179840088,-0.34999901056289673,-0.7177046537399292,0.0,-1.9499999253864349,0.19700005619322286,-0.4345159395690814,0.0
1759838865.9127567,1,-1.2050001621245956,-0.8299997448920943,-0.7177030444144975,0.0,-1.734999179840088,-0.34999901056289673,-0.7177046537399292,0.0,-1.9499999253864349,0.19700005619322286,-0.4345159395690814,0.0
1759838865.9248059,1,-1.2050001621245956,-0.8299997448920943,-0.7177030444144975,0.0,-1.734999179840088,-0.34999901056289673,-0.7177046537399292,0.0,-1.9499999253864349,0.19700005619322286,-0.4345159395690814,0.0
1759838865.9362607,1,-1.2050001621245956,-0.8299997448920943,-0.7177030444144975,0.0,-1.734999179840088,-0.34999901056289673,-0.7177046537399292,0.0,-1.9499999253864349,0.19700005619322286,-0.4345159395690814,0.0
1759838865.948638,1,-1.2050001621245956,-0.8299997448920943,-0.7177030444144975,0.0,-1.734999179840088,-0.34999901056289673,-0.7177046537399292,0.0,-1.9499999253864349,0.19700005619322286,-0.4345159395690814,0.0
1759838865.959064,1,-1.2050001621245956,-0.8299997448920943,-0.7177030444144975,0.0,-1.734999179840088,-0.34999901056289673,-0.7177046537399292,0.0,-1.9499999253864349,0.19700005619322286,-0.4345159395690814,0.0
1759838865.9707005,1,-1.2050001621245956,-0.8299997448920943,-0.7177030444144975,0.0,-1.734999179840088,-0.34999901056289673,-0.7177046537399292,0.0,-1.9499999253864349,0.19700005619322286,-0.4345159395690814,0.0
1759838865.9814012,1,-1.2050001621245956,-0.8299997448920943,-0.7177030444144975,0.0,-1.734999179840088,-0.34999901056289673,-0.7177046537399292,0.0,-1.9499999253864349,0.19700005619322286,-0.4345159395690814,0.0
1759838865.993882,1,-1.2050001621245956,-0.8299997448920943,-0.7177030444144975,0.0,-1.734999179840088,-0.34999901056289673,-0.7177046537399292,0.0,-1.9499999253864349,0.19700005619322286,-0.4345159395690814,0.0
1759838866.0042274,1,-1.2050001621245956,-0.8299997448920943,-0.7177030444144975,0.0,-1.734999179840088,-0.34999901056289673,-0.7177046537399292,0.0,-1.9499999253864349,0.19700005619322286,-0.4345159395690814,0.0
1759838866.0171025,1,-1.2050001621245956,-0.8299997448920943,-0.7177030444144975,0.0,-1.734999179840088,-0.34999901056289673,-0.7177046537399292,0.0,-1.9499999253864349,0.19700005619322286,-0.4345159395690814,0.0
1759838866.027311,1,-1.2050001621245956,-0.8299997448920943,-0.7177030444144975,0.0,-1.734999179840088,-0.34999901056289673,-0.7177046537399292,0.0,-1.9499999253864349,0.19700005619322286,-0.4345159395690814,0.0
1759838866.0407383,1,-1.2050001621245956,-0.8299997448920943,-0.7177030444144975,0.0,-1.734999179840088,-0.34999901056289673,-0.7177046537399292,0.0,-1.9499999253864349,0.19700005619322286,-0.4345159395690814,0.0
1759838866.051265,1,-1.2050001621245956,-0.8299997448920943,-0.7177030444144975,0.0,-1.734999179840088,-0.34999901056289673,-0.7177046537399292,0.0,-1.9499999253864349,0.19700005619322286,-0.4345159395690814,0.0
1759838866.0646324,1,-1.2050001621245956,-0.8299997448920943,-0.7177030444144975,0.0,-1.734999179840088,-0.34999901056289673,-0.7177046537399292,0.0,-1.9499999253864349,0.19700005619322286,-0.4345159395690814,0.0
1759838866.0755017,1,-1.2050001621245956,-0.8299997448920943,-0.7177030444144975,0.0,-1.734999179840088,-0.34999901056289673,-0.7177046537399292,0.0,-1.9499999253864349,0.19700005619322286,-0.4345159395690814,0.0
1759838866.0929039,1,-1.2050001621245956,-0.8299997448920943,-0.7177030444144975,0.0,-1.734999179840088,-0.34999901056289673,-0.7177046537399292,0.0,-1.9499999253864349,0.19700005619322286,-0.4345159395690814,0.0
1759838866.103682,1,-1.2050001621245956,-0.8299997448920943,-0.7177030444144975,0.0,-1.734999179840088,-0.34999901056289673,-0.7177046537399292,0.0,-1.9499999253864349,0.19700005619322286,-0.4345159395690814,0.0
1759838866.1143909,1,-1.2050001621245956,-0.8299997448920943,-0.7177030444144975,0.0,-1.734999179840088,-0.34999901056289673,-0.7177046537399292,0.0,-1.9499999253864349,0.19700005619322286,-0.4345159395690814,0.0
1759838866.125611,1,-1.2050001621245956,-0.8299997448920943,-0.7177030444144975,0.0,-1.734999179840088,-0.34999901056289673,-0.7177046537399292,0.0,-1.9499999253864349,0.19700005619322286,-0.4345159395690814,0.0
1759838866.1414502,1,-1.2050001621245956,-0.8299997448920943,-0.7177030444144975,0.0,-1.734999179840088,-0.34999901056289673,-0.7177046537399292,0.0,-1.9499999253864349,0.19700005619322286,-0.4345159395690814,0.0
1759838866.152236,1,-1.2050001621245956,-0.8299997448920943,-0.7177030444144975,0.0,-1.734999179840088,-0.34999901056289673,-0.7177046537399292,0.0,-1.9499999253864349,0.19700005619322286,-0.4345159395690814,0.0
1759838866.1645825,1,-1.2050001621245956,-0.8299997448920943,-0.7177030444144975,0.0,-1.734999179840088,-0.34999901056289673,-0.7177046537399292,0.0,-1.9499999253864349,0.19700005619322286,-0.4345159395690814,0.0
1759838866.17499,1,-1.2050001621245956,-0.8299997448920943,-0.7177030444144975,0.0,-1.734999179840088,-0.34999901056289673,-0.7177046537399292,0.0,-1.9499999253864349,0.19700005619322286,-0.4345159395690814,0.0
1759838866.1876817,1,-1.2050001621245956,-0.8299997448920943,-0.7177030444144975,0.0,-1.734999179840088,-0.34999901056289673,-0.7177046537399292,0.0,-1.9499999253864349,0.19700005619322286,-0.4345159395690814,0.0
1759838866.19857,1,-1.2050001621245956,-0.8299997448920943,-0.7177030444144975,0.0,-1.734999179840088,-0.34999901056289673,-0.7177046537399292,0.0,-1.9499999253864349,0.19700005619322286,-0.4345159395690814,0.0
1759838866.2109582,1,-1.2050001621245956,-0.8299997448920943,-0.7177030444144975,0.0,-1.734999179840088,-0.34999901056289673,-0.7177046537399292,0.0,-1.9499999253864349,0.19700005619322286,-0.4345159395690814,0.0
1759838866.2222009,1,-1.2050001621245956,-0.8299997448920943,-0.7177030444144975,0.0,-1.734999179840088,-0.34999901056289673,-0.7177046537399292,0.0,-1.9499999253864349,0.19700005619322286,-0.4345159395690814,0.0
1759838866.2333684,1,-1.2050001621245956,-0.8299997448920943,-0.7177030444144975,0.0,-1.734999179840088,-0.34999901056289673,-0.7177046537399292,0.0,-1.9499999253864349,0.19700005619322286,-0.4345159395690814,0.0
1759838866.24431,1,-1.2050001621245956,-0.8299997448920943,-0.7177030444144975,0.0,-1.734999179840088,-0.34999901056289673,-0.7177046537399292,0.0,-1.9499999253864349,0.19700005619322286,-0.4345159395690814,0.0
1759838866.2572944,1,-1.2050001621245956,-0.8299997448920943,-0.7177030444144975,0.0,-1.734999179840088,-0.34999901056289673,-0.7177046537399292,0.0,-1.9499999253864349,0.19700005619322286,-0.4345159395690814,0.0
1759838866.2685792,1,-1.2050001621245956,-0.8299997448920943,-0.7177030444144975,0.0,-1.734999179840088,-0.34999901056289673,-0.7177046537399292,0.0,-1.9499999253864349,0.19700005619322286,-0.4345159395690814,0.0
1759838866.2816613,1,-1.2050001621245956,-0.8299997448920943,-0.7177030444144975,0.0,-1.734999179840088,-0.34999901056289673,-0.7177046537399292,0.0,-1.9499999253864349,0.19700005619322286,-0.4345159395690814,0.0
1759838866.2961116,1,-1.2050001621245956,-0.8299997448920943,-0.7177030444144975,0.0,-1.734999179840088,-0.34999901056289673,-0.7177046537399292,0.0,-1.9499999253864349,0.19700005619322286,-0.4345159395690814,0.0
1759838866.306758,1,-1.2050001621245956,-0.8299997448920943,-0.7177030444144975,0.0,-1.734999179840088,-0.34999901056289673,-0.7177046537399292,0.0,-1.9499999253864349,0.19700005619322286,-0.4345159395690814,0.0
1759838866.3182266,1,-1.2050001621245956,-0.8299997448920943,-0.7177030444144975,0.0,-1.734999179840088,-0.34999901056289673,-0.7177046537399292,0.0,-1.9499999253864349,0.19700005619322286,-0.4345159395690814,0.0
1759838866.3335094,1,-1.2050001621245956,-0.8299997448920943,-0.7177030444144975,0.0,-1.734999179840088,-0.34999901056289673,-0.7177046537399292,0.0,-1.9499999253864349,0.19700005619322286,-0.4345159395690814,0.0
1759838866.3447716,1,-1.2050001621245956,-0.8299997448920943,-0.7177030444144975,0.0,-1.734999179840088,-0.34999901056289673,-0.7177046537399292,0.0,-1.9499999253864349,0.19700005619322286,-0.4345159395690814,0.0
1759838866.356451,1,-1.2050001621245956,-0.8299997448920943,-0.7177030444144975,0.0,-1.734999179840088,-0.34999901056289673,-0.7177046537399292,0.0,-1.9499999253864349,0.19700005619322286,-0.4345159395690814,0.0
1759838866.3675213,1,-1.2050001621245956,-0.8299997448920943,-0.7177030444144975,0.0,-1.734999179840088,-0.34999901056289673,-0.7177046537399292,0.0,-1.9499999253864349,0.19700005619322286,-0.4345159395690814,0.0
1759838866.3813756,1,-1.2050001621245956,-0.8299997448920943,-0.7177030444144975,0.0,-1.734999179840088,-0.34999901056289673,-0.7177046537399292,0.0,-1.9499999253864349,0.19700005619322286,-0.4345159395690814,0.0
1759838866.3922215,1,-1.2050001621245956,-0.8299997448920943,-0.7177030444144975,0.0,-1.734999179840088,-0.34999901056289673,-0.7177046537399292,0.0,-1.9499999253864349,0.19700005619322286,-0.4345159395690814,0.0
1759838866.4044971,1,-1.2050001621245956,-0.8299997448920943,-0.7177030444144975,0.0,-1.734999179840088,-0.34999901056289673,-0.7177046537399292,0.0,-1.9499999253864349,0.19700005619322286,-0.4345159395690814,0.0
1759838866.4159195,1,-1.2050001621245956,-0.8299997448920943,-0.7177030444144975,0.0,-1.734999179840088,-0.34999901056289673,-0.7177046537399292,0.0,-1.9499999253864349,0.19700005619322286,-0.4345159395690814,0.0
1759838866.427104,1,-1.2050001621245956,-0.8299997448920943,-0.7177030444144975,0.0,-1.734999179840088,-0.34999901056289673,-0.7177046537399292,0.0,-1.9499999253864349,0.19700005619322286,-0.4345159395690814,0.0
1759838866.4400132,1,-1.2050001621245956,-0.8299997448920943,-0.7177030444144975,0.0,-1.734999179840088,-0.34999901056289673,-0.7177046537399292,0.0,-1.9499999253864349,0.19700005619322286,-0.4345159395690814,0.0
1759838866.450713,1,-1.2050001621245956,-0.8299997448920943,-0.7177030444144975,0.0,-1.734999179840088,-0.34999901056289673,-0.7177046537399292,0.0,-1.9499999253864349,0.19700005619322286,-0.4345159395690814,0.0
1759838866.4631095,1,-1.2050001621245956,-0.8299997448920943,-0.7177030444144975,0.0,-1.734999179840088,-0.34999901056289673,-0.7177046537399292,0.0,-1.9499999253864349,0.19700005619322286,-0.4345159395690814,0.0
1759838866.4739847,1,-1.2050001621245956,-0.8299997448920943,-0.7177030444144975,0.0,-1.734999179840088,-0.34999901056289673,-0.7177046537399292,0.0,-1.9499999253864349,0.19700005619322286,-0.4345159395690814,0.0
1759838866.485702,1,-1.2050001621245956,-0.8299997448920943,-0.7177030444144975,0.0,-1.734999179840088,-0.34999901056289673,-0.7177046537399292,0.0,-1.9499999253864349,0.19700005619322286,-0.4345159395690814,0.0
1759838866.5014634,1,-1.2050001621245956,-0.8299997448920943,-0.7177030444144975,0.0,-1.734999179840088,-0.34999901056289673,-0.7177046537399292,0.0,-1.9499999253864349,0.19700005619322286,-0.4345159395690814,0.0
1759838866.5124586,1,-1.2050001621245956,-0.8299997448920943,-0.7177030444144975,0.0,-1.734999179840088,-0.34999901056289673,-0.7177046537399292,0.0,-1.9499999253864349,0.19700005619322286,-0.4345159395690814,0.0
1759838866.524911,1,-1.2050001621245956,-0.8299997448920943,-0.7177030444144975,0.0,-1.734999179840088,-0.34999901056289673,-0.7177046537399292,0.0,-1.9499999253864349,0.19700005619322286,-0.4345159395690814,0.0
1759838866.5353198,1,-1.2050001621245956,-0.8299997448920943,-0.7177030444144975,0.0,-1.734999179840088,-0.34999901056289673,-0.7177046537399292,0.0,-1.9499999253864349,0.19700005619322286,-0.4345159395690814,0.0
1759838866.546346,1,-1.2050001621245956,-0.8299997448920943,-0.7177030444144975,0.0,-1.734999179840088,-0.34999901056289673,-0.7177046537399292,0.0,-1.9499999253864349,0.19700005619322286,-0.4345159395690814,0.0
1759838866.558959,1,-1.2050001621245956,-0.8299997448920943,-0.7177030444144975,0.0,-1.734999179840088,-0.34999901056289673,-0.7177046537399292,0.0,-1.9499999253864349,0.19700005619322286,-0.4345159395690814,0.0
1759838866.570012,1,-1.2050001621245956,-0.8299997448920943,-0.7177030444144975,0.0,-1.734999179840088,-0.34999901056289673,-0.7177046537399292,0.0,-1.9499999253864349,0.19700005619322286,-0.4345159395690814,0.0
1759838866.5834315,1,-1.2050001621245956,-0.8299997448920943,-0.7177030444144975,0.0,-1.734999179840088,-0.34999901056289673,-0.7177046537399292,0.0,-1.9499999253864349,0.19700005619322286,-0.4345159395690814,0.0
1759838866.594414,1,-1.2050001621245956,-0.8299997448920943,-0.7177030444144975,0.0,-1.734999179840088,-0.34999901056289673,-0.7177046537399292,0.0,-1.9499999253864349,0.19700005619322286,-0.4345159395690814,0.0
1759838866.605595,1,-1.2050001621245956,-0.8299997448920943,-0.7177030444144975,0.0,-1.734999179840088,-0.34999901056289673,-0.7177046537399292,0.0,-1.9499999253864349,0.19700005619322286,-0.4345159395690814,0.0
1759838866.616543,1,-1.2050001621245956,-0.8299997448920943,-0.7177030444144975,0.0,-1.734999179840088,-0.34999901056289673,-0.7177046537399292,0.0,-1.9499999253864349,0.19700005619322286,-0.4345159395690814,0.0
1759838866.6288857,1,-1.2050001621245956,-0.8299997448920943,-0.7177030444144975,0.0,-1.734999179840088,-0.34999901056289673,-0.7177046537399292,0.0,-1.9499999253864349,0.19700005619322286,-0.4345159395690814,0.0
1759838866.6399226,1,-1.2050001621245956,-0.8299997448920943,-0.7177030444144975,0.0,-1.734999179840088,-0.34999901056289673,-0.7177046537399292,0.0,-1.9499999253864349,0.19700005619322286,-0.4345159395690814,0.0
1759838866.6535172,1,-1.2050001621245956,-0.8299997448920943,-0.7177030444144975,0.0,-1.734999179840088,-0.34999901056289673,-0.7177046537399292,0.0,-1.9499999253864349,0.19700005619322286,-0.4345159395690814,0.0
1759838866.6644669,1,-1.2050001621245956,-0.8299997448920943,-0.7177030444144975,0.0,-1.734999179840088,-0.34999901056289673,-0.7177046537399292,0.0,-1.9499999253864349,0.19700005619322286,-0.4345159395690814,0.0
1759838866.6746507,1,-1.2050001621245956,-0.8299997448920943,-0.7177030444144975,0.0,-1.734999179840088,-0.34999901056289673,-0.7177046537399292,0.0,-1.9499999253864349,0.19700005619322286,-0.4345159395690814,0.0
1759838866.6851845,1,-1.2050001621245956,-0.8299997448920943,-0.7177030444144975,0.0,-1.734999179840088,-0.34999901056289673,-0.7177046537399292,0.0,-1.9499999253864349,0.19700005619322286,-0.4345159395690814,0.0
1759838866.700216,1,-1.2050001621245956,-0.8299997448920943,-0.7177030444144975,0.0,-1.734999179840088,-0.34999901056289673,-0.7177046537399292,0.0,-1.9499999253864349,0.19700005619322286,-0.4345159395690814,0.0
1759838866.7115884,1,-1.2050001621245956,-0.8299997448920943,-0.7177030444144975,0.0,-1.734999179840088,-0.34999901056289673,-0.7177046537399292,0.0,-1.9499999253864349,0.19700005619322286,-0.4345159395690814,0.0
1759838866.7242093,1,-1.2050001621245956,-0.8299997448920943,-0.7177030444144975,0.0,-1.734999179840088,-0.34999901056289673,-0.7177046537399292,0.0,-1.9499999253864349,0.19700005619322286,-0.4345159395690814,0.0
1759838866.735102,1,-1.2050001621245956,-0.8299997448920943,-0.7177030444144975,0.0,-1.734999179840088,-0.34999901056289673,-0.7177046537399292,0.0,-1.9499999253864349,0.19700005619322286,-0.4345159395690814,0.0
1759838866.7484865,1,-1.2050001621245956,-0.8299997448920943,-0.7177030444144975,0.0,-1.734999179840088,-0.34999901056289673,-0.7177046537399292,0.0,-1.9499999253864349,0.19700005619322286,-0.4345159395690814,0.0
1759838866.7589118,1,-1.2050001621245956,-0.8299997448920943,-0.7177030444144975,0.0,-1.734999179840088,-0.34999901056289673,-0.7177046537399292,0.0,-1.9499999253864349,0.19700005619322286,-0.4345159395690814,0.0
1759838866.7728016,1,-1.2050001621245956,-0.8299997448920943,-0.7177030444144975,0.0,-1.734999179840088,-0.34999901056289673,-0.7177046537399292,0.0,-1.9499999253864349,0.19700005619322286,-0.4345159395690814,0.0
1759838866.7836797,1,-1.2050001621245956,-0.8299997448920943,-0.7177030444144975,0.0,-1.734999179840088,-0.34999901056289673,-0.7177046537399292,0.0,-1.9499999253864349,0.19700005619322286,-0.4345159395690814,0.0
1759838866.794038,1,-1.2050001621245956,-0.8299997448920943,-0.7177030444144975,0.0,-1.734999179840088,-0.34999901056289673,-0.7177046537399292,0.0,-1.9499999253864349,0.19700005619322286,-0.4345159395690814,0.0
1759838866.806616,1,-1.2050001621245956,-0.8299997448920943,-0.7177030444144975,0.0,-1.734999179840088,-0.34999901056289673,-0.7177046537399292,0.0,-1.9499999253864349,0.19700005619322286,-0.4345159395690814,0.0
1759838866.8167114,1,-1.2050001621245956,-0.8299997448920943,-0.7177030444144975,0.0,-1.734999179840088,-0.34999901056289673,-0.7177046537399292,0.0,-1.9499999253864349,0.19700005619322286,-0.4345159395690814,0.0
1759838866.831687,1,-1.2050001621245956,-0.8299997448920943,-0.7177030444144975,0.0,-1.734999179840088,-0.34999901056289673,-0.7177046537399292,0.0,-1.9499999253864349,0.19700005619322286,-0.4345159395690814,0.0
1759838866.8424263,1,-1.2050001621245956,-0.8299997448920943,-0.7177030444144975,0.0,-1.734999179840088,-0.34999901056289673,-0.7177046537399292,0.0,-1.9499999253864349,0.19700005619322286,-0.4345159395690814,0.0
1759838866.8536952,1,-1.2050001621245956,-0.8299997448920943,-0.7177030444144975,0.0,-1.734999179840088,-0.34999901056289673,-0.7177046537399292,0.0,-1.9499999253864349,0.19700005619322286,-0.4345159395690814,0.0
1759838866.865707,1,-1.2050001621245956,-0.8299997448920943,-0.7177030444144975,0.0,-1.734999179840088,-0.34999901056289673,-0.7177046537399292,0.0,-1.9499999253864349,0.19700005619322286,-0.4345159395690814,0.0
1759838866.8765173,1,-1.2050001621245956,-0.8299997448920943,-0.7177030444144975,0.0,-1.734999179840088,-0.34999901056289673,-0.7177046537399292,0.0,-1.9499999253864349,0.19700005619322286,-0.4345159395690814,0.0
1759838866.8877468,1,-1.2050001621245956,-0.8299997448920943,-0.7177030444144975,0.0,-1.734999179840088,-0.34999901056289673,-0.7177046537399292,0.0,-1.9499999253864349,0.19700005619322286,-0.4345159395690814,0.0
1759838866.9027953,1,-1.2050001621245956,-0.8299997448920943,-0.7177030444144975,0.0,-1.734999179840088,-0.34999901056289673,-0.7177046537399292,0.0,-1.9499999253864349,0.19700005619322286,-0.4345159395690814,0.0
1759838866.91345,1,-1.2050001621245956,-0.8299997448920943,-0.7177030444144975,0.0,-1.734999179840088,-0.34999901056289673,-0.7177046537399292,0.0,-1.9499999253864349,0.19700005619322286,-0.4345159395690814,0.0
1759838866.925647,1,-1.2050001621245956,-0.8299997448920943,-0.7177030444144975,0.0,-1.734999179840088,-0.34999901056289673,-0.7177046537399292,0.0,-1.9499999253864349,0.19700005619322286,-0.4345159395690814,0.0
1759838866.9363685,1,-1.2050001621245956,-0.8299997448920943,-0.7177030444144975,0.0,-1.734999179840088,-0.34999901056289673,-0.7177046537399292,0.0,-1.9499999253864349,0.19700005619322286,-0.4345159395690814,0.0
1759838866.9485805,1,-1.2050001621245956,-0.8299997448920943,-0.7177030444144975,0.0,-1.734999179840088,-0.34999901056289673,-0.7177046537399292,0.0,-1.9499999253864349,0.19700005619322286,-0.4345159395690814,0.0
1759838866.9598546,1,-1.2050001621245956,-0.8299997448920943,-0.7177030444144975,0.0,-1.734999179840088,-0.34999901056289673,-0.7177046537399292,0.0,-1.9499999253864349,0.19700005619322286,-0.4345159395690814,0.0
1759838866.972258,1,-1.2050001621245956,-0.8299997448920943,-0.7177030444144975,0.0,-1.734999179840088,-0.34999901056289673,-0.7177046537399292,0.0,-1.9499999253864349,0.19700005619322286,-0.4345159395690814,0.0
1759838866.9829447,1,-1.2050001621245956,-0.8299997448920943,-0.7177030444144975,0.0,-1.734999179840088,-0.34999901056289673,-0.7177046537399292,0.0,-1.9499999253864349,0.19700005619322286,-0.4345159395690814,0.0
1759838866.9941373,1,-1.2050001621245956,-0.8299997448920943,-0.7177030444144975,0.0,-1.734999179840088,-0.34999901056289673,-0.7177046537399292,0.0,-1.9499999253864349,0.19700005619322286,-0.4345159395690814,0.0
1759838867.0045052,1,-1.2050001621245956,-0.8299997448920943,-0.7177030444144975,0.0,-1.734999179840088,-0.34999901056289673,-0.7177046537399292,0.0,-1.9499999253864349,0.19700005619322286,-0.4345159395690814,0.0
1759838867.0151777,1,-1.2050001621245956,-0.8299997448920943,-0.7177030444144975,0.0,-1.734999179840088,-0.34999901056289673,-0.7177046537399292,0.0,-1.9499999253864349,0.19700005619322286,-0.4345159395690814,0.0
1759838867.0262084,1,-1.2050001621245956,-0.8299997448920943,-0.7177030444144975,0.0,-1.734999179840088,-0.34999901056289673,-0.7177046537399292,0.0,-1.9499999253864349,0.19700005619322286,-0.4345159395690814,0.0
1759838867.038273,1,-1.2050001621245956,-0.8299997448920943,-0.7177030444144975,0.0,-1.734999179840088,-0.34999901056289673,-0.7177046537399292,0.0,-1.9499999253864349,0.19700005619322286,-0.4345159395690814,0.0
1759838867.0497997,1,-1.2050001621245956,-0.8299997448920943,-0.7177030444144975,0.0,-1.734999179840088,-0.34999901056289673,-0.7177046537399292,0.0,-1.9499999253864349,0.19700005619322286,-0.4345159395690814,0.0
1759838867.0645595,1,-1.2050001621245956,-0.8299997448920943,-0.7177030444144975,0.0,-1.734999179840088,-0.34999901056289673,-0.7177046537399292,0.0,-1.9499999253864349,0.19700005619322286,-0.4345159395690814,0.0
1759838867.0756676,1,-1.2050001621245956,-0.8299997448920943,-0.7177030444144975,0.0,-1.734999179840088,-0.34999901056289673,-0.7177046537399292,0.0,-1.9499999253864349,0.19700005619322286,-0.4345159395690814,0.0
1759838867.0860178,1,-1.2050001621245956,-0.8299997448920943,-0.7177030444144975,0.0,-1.734999179840088,-0.34999901056289673,-0.7177046537399292,0.0,-1.9499999253864349,0.19700005619322286,-0.4345159395690814,0.0
1759838867.101442,1,-1.2050001621245956,-0.8299997448920943,-0.7177030444144975,0.0,-1.734999179840088,-0.34999901056289673,-0.7177046537399292,0.0,-1.9499999253864349,0.19700005619322286,-0.4345159395690814,0.0
1759838867.11286,1,-1.2050001621245956,-0.8299997448920943,-0.7177030444144975,0.0,-1.734999179840088,-0.34999901056289673,-0.7177046537399292,0.0,-1.9499999253864349,0.19700005619322286,-0.4345159395690814,0.0
1759838867.1231894,1,-1.2050001621245956,-0.8299997448920943,-0.7177030444144975,0.0,-1.734999179840088,-0.34999901056289673,-0.7177046537399292,0.0,-1.9499999253864349,0.19700005619322286,-0.4345159395690814,0.0
1759838867.1344075,1,-1.2050001621245956,-0.8299997448920943,-0.7177030444144975,0.0,-1.734999179840088,-0.34999901056289673,-0.7177046537399292,0.0,-1.9499999253864349,0.19700005619322286,-0.4345159395690814,0.0
1759838867.1466844,1,-1.2050001621245956,-0.8299997448920943,-0.7177030444144975,0.0,-1.734999179840088,-0.34999901056289673,-0.7177046537399292,0.0,-1.9499999253864349,0.19700005619322286,-0.4345159395690814,0.0
1759838867.1583982,1,-1.2050001621245956,-0.8299997448920943,-0.7177030444144975,0.0,-1.734999179840088,-0.34999901056289673,-0.7177046537399292,0.0,-1.9499999253864349,0.19700005619322286,-0.4345159395690814,0.0
1759838867.169781,1,-1.2050001621245956,-0.8299997448920943,-0.7177030444144975,0.0,-1.734999179840088,-0.34999901056289673,-0.7177046537399292,0.0,-1.9499999253864349,0.19700005619322286,-0.4345159395690814,0.0
1759838867.1814477,1,-1.2050001621245956,-0.8299997448920943,-0.7177030444144975,0.0,-1.734999179840088,-0.34999901056289673,-0.7177046537399292,0.0,-1.9499999253864349,0.19700005619322286,-0.4345159395690814,0.0
1759838867.1918154,1,-1.2050001621245956,-0.8299997448920943,-0.7177030444144975,0.0,-1.734999179840088,-0.34999901056289673,-0.7177046537399292,0.0,-1.9499999253864349,0.19700005619322286,-0.4345159395690814,0.0
1759838867.2034748,1,-1.2050001621245956,-0.8299997448920943,-0.7177030444144975,0.0,-1.734999179840088,-0.34999901056289673,-0.7177046537399292,0.0,-1.9499999253864349,0.19700005619322286,-0.4345159395690814,0.0
1759838867.214316,1,-1.2050001621245956,-0.8299997448920943,-0.7177030444144975,0.0,-1.734999179840088,-0.34999901056289673,-0.7177046537399292,0.0,-1.9499999253864349,0.19700005619322286,-0.4345159395690814,0.0
1759838867.2258573,1,-1.2050001621245956,-0.8299997448920943,-0.7177030444144975,0.0,-1.734999179840088,-0.34999901056289673,-0.7177046537399292,0.0,-1.9499999253864349,0.19700005619322286,-0.4345159395690814,0.0
1759838867.2369814,1,-1.2050001621245956,-0.8299997448920943,-0.7177030444144975,0.0,-1.734999179840088,-0.34999901056289673,-0.7177046537399292,0.0,-1.9499999253864349,0.19700005619322286,-0.4345159395690814,0.0
1759838867.24792,1,-1.2050001621245956,-0.8299997448920943,-0.7177030444144975,0.0,-1.734999179840088,-0.34999901056289673,-0.7177046537399292,0.0,-1.9499999253864349,0.19700005619322286,-0.4345159395690814,0.0
1759838867.259359,1,-1.2050001621245956,-0.8299997448920943,-0.7177030444144975,0.0,-1.734999179840088,-0.34999901056289673,-0.7177046537399292,0.0,-1.9499999253864349,0.19700005619322286,-0.4345159395690814,0.0
1759838867.2708967,1,-1.2050001621245956,-0.8299997448920943,-0.7177030444144975,0.0,-1.734999179840088,-0.34999901056289673,-0.7177046537399292,0.0,-1.9499999253864349,0.19700005619322286,-0.4345159395690814,0.0
1759838867.282755,1,-1.2050001621245956,-0.8299997448920943,-0.7177030444144975,0.0,-1.734999179840088,-0.34999901056289673,-0.7177046537399292,0.0,-1.9499999253864349,0.19700005619322286,-0.4345159395690814,0.0
1759838867.2929015,1,-1.2050001621245956,-0.8299997448920943,-0.7177030444144975,0.0,-1.734999179840088,-0.34999901056289673,-0.7177046537399292,0.0,-1.9499999253864349,0.19700005619322286,-0.4345159395690814,0.0
1759838867.3081357,1,-1.2050001621245956,-0.8299997448920943,-0.7177030444144975,0.0,-1.734999179840088,-0.34999901056289673,-0.7177046537399292,0.0,-1.9499999253864349,0.19700005619322286,-0.4345159395690814,0.0
1759838867.317425,1,-1.2050001621245956,-0.8299997448920943,-0.7177030444144975,0.0,-1.734999179840088,-0.34999901056289673,-0.7177046537399292,0.0,-1.9499999253864349,0.19700005619322286,-0.4345159395690814,0.0
1759838867.328966,1,-1.2050001621245956,-0.8299997448920943,-0.7177030444144975,0.0,-1.734999179840088,-0.34999901056289673,-0.7177046537399292,0.0,-1.9499999253864349,0.19700005619322286,-0.4345159395690814,0.0
1759838867.339914,1,-1.2050001621245956,-0.8299997448920943,-0.7177030444144975,0.0,-1.734999179840088,-0.34999901056289673,-0.7177046537399292,0.0,-1.9499999253864349,0.19700005619322286,-0.4345159395690814,0.0
1759838867.3513408,1,-1.2050001621245956,-0.8299997448920943,-0.7177030444144975,0.0,-1.734999179840088,-0.34999901056289673,-0.7177046537399292,0.0,-1.9499999253864349,0.19700005619322286,-0.4345159395690814,0.0
1759838867.362201,1,-1.2050001621245956,-0.8299997448920943,-0.7177030444144975,0.0,-1.734999179840088,-0.34999901056289673,-0.7177046537399292,0.0,-1.9499999253864349,0.19700005619322286,-0.4345159395690814,0.0
1759838867.3733747,1,-1.2050001621245956,-0.8299997448920943,-0.7177030444144975,0.0,-1.734999179840088,-0.34999901056289673,-0.7177046537399292,0.0,-1.9499999253864349,0.19700005619322286,-0.4345159395690814,0.0
1759838867.385355,1,-1.2050001621245956,-0.8299997448920943,-0.7177030444144975,0.0,-1.734999179840088,-0.34999901056289673,-0.7177046537399292,0.0,-1.9499999253864349,0.19700005619322286,-0.4345159395690814,0.0
1759838867.395552,1,-1.2050001621245956,-0.8299997448920943,-0.7177030444144975,0.0,-1.734999179840088,-0.34999901056289673,-0.7177046537399292,0.0,-1.9499999253864349,0.19700005619322286,-0.4345159395690814,0.0
1759838867.4058495,1,-1.2050001621245956,-0.8299997448920943,-0.7177030444144975,0.0,-1.734999179840088,-0.34999901056289673,-0.7177046537399292,0.0,-1.9499999253864349,0.19700005619322286,-0.4345159395690814,0.0
1759838867.4159684,1,-1.2050001621245956,-0.8299997448920943,-0.7177030444144975,0.0,-1.734999179840088,-0.34999901056289673,-0.7177046537399292,0.0,-1.9499999253864349,0.19700005619322286,-0.4345159395690814,0.0
1759838867.4264324,1,-1.2050001621245956,-0.8299997448920943,-0.7177030444144975,0.0,-1.734999179840088,-0.34999901056289673,-0.7177046537399292,0.0,-1.9499999253864349,0.19700005619322286,-0.4345159395690814,0.0
1759838867.4367447,1,-1.2050001621245956,-0.8299997448920943,-0.7177030444144975,0.0,-1.734999179840088,-0.34999901056289673,-0.7177046537399292,0.0,-1.9499999253864349,0.19700005619322286,-0.4345159395690814,0.0
1759838867.4488394,1,-1.2050001621245956,-0.8299997448920943,-0.7177030444144975,0.0,-1.734999179840088,-0.34999901056289673,-0.7177046537399292,0.0,-1.9499999253864349,0.19700005619322286,-0.4345159395690814,0.0
1759838867.460357,1,-1.2050001621245956,-0.8299997448920943,-0.7177030444144975,0.0,-1.734999179840088,-0.34999901056289673,-0.7177046537399292,0.0,-1.9499999253864349,0.19700005619322286,-0.4345159395690814,0.0
1759838867.4706972,1,-1.2050001621245956,-0.8299997448920943,-0.7177030444144975,0.0,-1.734999179840088,-0.34999901056289673,-0.7177046537399292,0.0,-1.9499999253864349,0.19700005619322286,-0.4345159395690814,0.0
1759838867.4809659,1,-1.2050001621245956,-0.8299997448920943,-0.7177030444144975,0.0,-1.734999179840088,-0.34999901056289673,-0.7177046537399292,0.0,-1.9499999253864349,0.19700005619322286,-0.4345159395690814,0.0
1759838867.4911675,1,-1.2050001621245956,-0.8299997448920943,-0.7177030444144975,0.0,-1.734999179840088,-0.34999901056289673,-0.7177046537399292,0.0,-1.9499999253864349,0.19700005619322286,-0.4345159395690814,0.0
1759838867.501594,1,-1.2050001621245956,-0.8299997448920943,-0.7177030444144975,0.0,-1.734999179840088,-0.34999901056289673,-0.7177046537399292,0.0,-1.9499999253864349,0.19700005619322286,-0.4345159395690814,0.0
1759838867.517496,1,-1.2050001621245956,-0.8299997448920943,-0.7177030444144975,0.0,-1.734999179840088,-0.34999901056289673,-0.7177046537399292,0.0,-1.9499999253864349,0.19700005619322286,-0.4345159395690814,0.0
1759838867.5259116,1,-1.2050001621245956,-0.8299997448920943,-0.7177030444144975,0.0,-1.734999179840088,-0.34999901056289673,-0.7177046537399292,0.0,-1.9499999253864349,0.19700005619322286,-0.4345159395690814,0.0
1759838867.5364196,1,-1.2050001621245956,-0.8299997448920943,-0.7177030444144975,0.0,-1.734999179840088,-0.34999901056289673,-0.7177046537399292,0.0,-1.9499999253864349,0.19700005619322286,-0.4345159395690814,0.0
1759838867.548302,1,-1.2050001621245956,-0.8299997448920943,-0.7177030444144975,0.0,-1.734999179840088,-0.34999901056289673,-0.7177046537399292,0.0,-1.9499999253864349,0.19700005619322286,-0.4345159395690814,0.0
1759838867.559661,1,-1.2050001621245956,-0.8299997448920943,-0.7177030444144975,0.0,-1.734999179840088,-0.34999901056289673,-0.7177046537399292,0.0,-1.9499999253864349,0.19700005619322286,-0.4345159395690814,0.0
1759838867.571031,1,-1.2050001621245956,-0.8299997448920943,-0.7177030444144975,0.0,-1.734999179840088,-0.34999901056289673,-0.7177046537399292,0.0,-1.9499999253864349,0.19700005619322286,-0.4345159395690814,0.0
1759838867.5814347,1,-1.2050001621245956,-0.8299997448920943,-0.7177030444144975,0.0,-1.734999179840088,-0.34999901056289673,-0.7177046537399292,0.0,-1.9499999253864349,0.19700005619322286,-0.4345159395690814,0.0
1759838867.5953813,1,-1.2050001621245956,-0.8299997448920943,-0.7177030444144975,0.0,-1.734999179840088,-0.34999901056289673,-0.7177046537399292,0.0,-1.9499999253864349,0.19700005619322286,-0.4345159395690814,0.0
1759838867.6057842,1,-1.2050001621245956,-0.8299997448920943,-0.7177030444144975,0.0,-1.734999179840088,-0.34999901056289673,-0.7177046537399292,0.0,-1.9499999253864349,0.19700005619322286,-0.4345159395690814,0.0
1759838867.6176565,1,-1.2050001621245956,-0.8299997448920943,-0.7177030444144975,0.0,-1.734999179840088,-0.34999901056289673,-0.7177046537399292,0.0,-1.9499999253864349,0.19700005619322286,-0.4345159395690814,0.0
1759838867.6285994,1,-1.2050001621245956,-0.8299997448920943,-0.7177030444144975,0.0,-1.734999179840088,-0.34999901056289673,-0.7177046537399292,0.0,-1.9499999253864349,0.19700005619322286,-0.4345159395690814,0.0
1759838867.639147,1,-1.2050001621245956,-0.8299997448920943,-0.7177030444144975,0.0,-1.734999179840088,-0.34999901056289673,-0.7177046537399292,0.0,-1.9499999253864349,0.19700005619322286,-0.4345159395690814,0.0
1759838867.651733,1,-1.2050001621245956,-0.8299997448920943,-0.7177030444144975,0.0,-1.734999179840088,-0.34999901056289673,-0.7177046537399292,0.0,-1.9499999253864349,0.19700005619322286,-0.4345159395690814,0.0
1759838867.6620364,1,-1.2050001621245956,-0.8299997448920943,-0.7177030444144975,0.0,-1.734999179840088,-0.34999901056289673,-0.7177046537399292,0.0,-1.9499999253864349,0.19700005619322286,-0.4345159395690814,0.0
1759838867.6732285,1,-1.2050001621245956,-0.8299997448920943,-0.7177030444144975,0.0,-1.734999179840088,-0.34999901056289673,-0.7177046537399292,0.0,-1.9499999253864349,0.19700005619322286,-0.4345159395690814,0.0
1759838867.684582,1,-1.2050001621245956,-0.8299997448920943,-0.7177030444144975,0.0,-1.734999179840088,-0.34999901056289673,-0.7177046537399292,0.0,-1.9499999253864349,0.19700005619322286,-0.4345159395690814,0.0
1759838867.6951046,1,-1.2050001621245956,-0.8299997448920943,-0.7177030444144975,0.0,-1.734999179840088,-0.34999901056289673,-0.7177046537399292,0.0,-1.9499999253864349,0.19700005619322286,-0.4345159395690814,0.0
1759838867.7059689,1,-1.2050001621245956,-0.8299997448920943,-0.7177030444144975,0.0,-1.734999179840088,-0.34999901056289673,-0.7177046537399292,0.0,-1.9499999253864349,0.19700005619322286,-0.4345159395690814,0.0
1759838867.7216866,1,-1.2050001621245956,-0.8299997448920943,-0.7177030444144975,0.0,-1.734999179840088,-0.34999901056289673,-0.7177046537399292,0.0,-1.9499999253864349,0.19700005619322286,-0.4345159395690814,0.0
1759838867.7305307,1,-1.2050001621245956,-0.8299997448920943,-0.7177030444144975,0.0,-1.734999179840088,-0.34999901056289673,-0.7177046537399292,0.0,-1.9499999253864349,0.19700005619322286,-0.4345159395690814,0.0
1759838867.7414255,1,-1.2050001621245956,-0.8299997448920943,-0.7177030444144975,0.0,-1.734999179840088,-0.34999901056289673,-0.7177046537399292,0.0,-1.9499999253864349,0.19700005619322286,-0.4345159395690814,0.0
1759838867.7526743,1,-1.2050001621245956,-0.8299997448920943,-0.7177030444144975,0.0,-1.734999179840088,-0.34999901056289673,-0.7177046537399292,0.0,-1.9499999253864349,0.19700005619322286,-0.4345159395690814,0.0
1759838867.766328,1,-1.2050001621245956,-0.8299997448920943,-0.7177030444144975,0.0,-1.734999179840088,-0.34999901056289673,-0.7177046537399292,0.0,-1.9499999253864349,0.19700005619322286,-0.4345159395690814,0.0
1759838867.7770624,1,-1.2050001621245956,-0.8299997448920943,-0.7177030444144975,0.0,-1.734999179840088,-0.34999901056289673,-0.7177046537399292,0.0,-1.9499999253864349,0.19700005619322286,-0.4345159395690814,0.0
1759838867.7873518,1,-1.2050001621245956,-0.8299997448920943,-0.7177030444144975,0.0,-1.734999179840088,-0.34999901056289673,-0.7177046537399292,0.0,-1.9499999253864349,0.19700005619322286,-0.4345159395690814,0.0
1759838867.7985768,1,-1.2050001621245956,-0.8299997448920943,-0.7177030444144975,0.0,-1.734999179840088,-0.34999901056289673,-0.7177046537399292,0.0,-1.9499999253864349,0.19700005619322286,-0.4345159395690814,0.0
1759838867.8094742,1,-1.2050001621245956,-0.8299997448920943,-0.7177030444144975,0.0,-1.734999179840088,-0.34999901056289673,-0.7177046537399292,0.0,-1.9499999253864349,0.19700005619322286,-0.4345159395690814,0.0
1759838867.8197732,1,-1.2050001621245956,-0.8299997448920943,-0.7177030444144975,0.0,-1.734999179840088,-0.34999901056289673,-0.7177046537399292,0.0,-1.9499999253864349,0.19700005619322286,-0.4345159395690814,0.0
1759838867.8299904,1,-1.2050001621245956,-0.8299997448920943,-0.7177030444144975,0.0,-1.734999179840088,-0.34999901056289673,-0.7177046537399292,0.0,-1.9499999253864349,0.19700005619322286,-0.4345159395690814,0.0
1759838867.8408322,1,-1.2050001621245956,-0.8299997448920943,-0.7177030444144975,0.0,-1.734999179840088,-0.34999901056289673,-0.7177046537399292,0.0,-1.9499999253864349,0.19700005619322286,-0.4345159395690814,0.0
1759838867.851725,1,-1.2050001621245956,-0.8299997448920943,-0.7177030444144975,0.0,-1.734999179840088,-0.34999901056289673,-0.7177046537399292,0.0,-1.9499999253864349,0.19700005619322286,-0.4345159395690814,0.0
1759838867.8641243,1,-1.2050001621245956,-0.8299997448920943,-0.7177030444144975,0.0,-1.734999179840088,-0.34999901056289673,-0.7177046537399292,0.0,-1.9499999253864349,0.19700005619322286,-0.4345159395690814,0.0
1759838867.8754826,1,-1.2050001621245956,-0.8299997448920943,-0.7177030444144975,0.0,-1.734999179840088,-0.34999901056289673,-0.7177046537399292,0.0,-1.9499999253864349,0.19700005619322286,-0.4345159395690814,0.0
1759838867.886976,1,-1.2050001621245956,-0.8299997448920943,-0.7177030444144975,0.0,-1.734999179840088,-0.34999901056289673,-0.7177046537399292,0.0,-1.9499999253864349,0.19700005619322286,-0.4345159395690814,0.0
1759838867.897725,1,-1.2050001621245956,-0.8299997448920943,-0.7177030444144975,0.0,-1.734999179840088,-0.34999901056289673,-0.7177046537399292,0.0,-1.9499999253864349,0.19700005619322286,-0.4345159395690814,0.0
1759838867.9080071,1,-1.2050001621245956,-0.8299997448920943,-0.7177030444144975,0.0,-1.734999179840088,-0.34999901056289673,-0.7177046537399292,0.0,-1.9499999253864349,0.19700005619322286,-0.4345159395690814,0.0
1759838867.9240308,1,-1.2050001621245956,-0.8299997448920943,-0.7177030444144975,0.0,-1.734999179840088,-0.34999901056289673,-0.7177046537399292,0.0,-1.9499999253864349,0.19700005619322286,-0.4345159395690814,0.0
1759838867.9323502,1,-1.2050001621245956,-0.8299997448920943,-0.7177030444144975,0.0,-1.734999179840088,-0.34999901056289673,-0.7177046537399292,0.0,-1.9499999253864349,0.19700005619322286,-0.4345159395690814,0.0
1759838867.9427433,1,-1.2050001621245956,-0.8299997448920943,-0.7177030444144975,0.0,-1.734999179840088,-0.34999901056289673,-0.7177046537399292,0.0,-1.9499999253864349,0.19700005619322286,-0.4345159395690814,0.0
1759838867.953648,1,-1.2050001621245956,-0.8299997448920943,-0.7177030444144975,0.0,-1.734999179840088,-0.34999901056289673,-0.7177046537399292,0.0,-1.9499999253864349,0.19700005619322286,-0.4345159395690814,0.0
1759838867.9650578,1,-1.2050001621245956,-0.8299997448920943,-0.7177030444144975,0.0,-1.734999179840088,-0.34999901056289673,-0.7177046537399292,0.0,-1.9499999253864349,0.19700005619322286,-0.4345159395690814,0.0
1759838867.9754202,1,-1.2050001621245956,-0.8299997448920943,-0.7177030444144975,0.0,-1.734999179840088,-0.34999901056289673,-0.7177046537399292,0.0,-1.9499999253864349,0.19700005619322286,-0.4345159395690814,0.0
1759838867.9864044,1,-1.2050001621245956,-0.8299997448920943,-0.7177030444144975,0.0,-1.734999179840088,-0.34999901056289673,-0.7177046537399292,0.0,-1.9499999253864349,0.19700005619322286,-0.4345159395690814,0.0
1759838867.996719,1,-1.2050001621245956,-0.8299997448920943,-0.7177030444144975,0.0,-1.734999179840088,-0.34999901056289673,-0.7177046537399292,0.0,-1.9499999253864349,0.19700005619322286,-0.4345159395690814,0.0
1759838868.006869,1,-1.2050001621245956,-0.8299997448920943,-0.7177030444144975,0.0,-1.734999179840088,-0.34999901056289673,-0.7177046537399292,0.0,-1.9499999253864349,0.19700005619322286,-0.4345159395690814,0.0
1759838868.017039,1,-1.2050001621245956,-0.8299997448920943,-0.7177030444144975,0.0,-1.734999179840088,-0.34999901056289673,-0.7177046537399292,0.0,-1.9499999253864349,0.19700005619322286,-0.4345159395690814,0.0
1759838868.0280032,1,-1.2050001621245956,-0.8299997448920943,-0.7177030444144975,0.0,-1.734999179840088,-0.34999901056289673,-0.7177046537399292,0.0,-1.9499999253864349,0.19700005619322286,-0.4345159395690814,0.0
1759838868.0383492,1,-1.2050001621245956,-0.8299997448920943,-0.7177030444144975,0.0,-1.734999179840088,-0.34999901056289673,-0.7177046537399292,0.0,-1.9499999253864349,0.19700005619322286,-0.4345159395690814,0.0
1759838868.0518491,1,-1.2050001621245956,-0.8299997448920943,-0.7177030444144975,0.0,-1.734999179840088,-0.34999901056289673,-0.7177046537399292,0.0,-1.9499999253864349,0.19700005619322286,-0.4345159395690814,0.0
1759838868.0625823,1,-1.2050001621245956,-0.8299997448920943,-0.7177030444144975,0.0,-1.734999179840088,-0.34999901056289673,-0.7177046537399292,0.0,-1.9499999253864349,0.19700005619322286,-0.4345159395690814,0.0
1759838868.0748746,1,-1.2050001621245956,-0.8299997448920943,-0.7177030444144975,0.0,-1.734999179840088,-0.34999901056289673,-0.7177046537399292,0.0,-1.9499999253864349,0.19700005619322286,-0.4345159395690814,0.0
1759838868.0863023,1,-1.2050001621245956,-0.8299997448920943,-0.7177030444144975,0.0,-1.734999179840088,-0.34999901056289673,-0.7177046537399292,0.0,-1.9499999253864349,0.19700005619322286,-0.4345159395690814,0.0
1759838868.09659,1,-1.2050001621245956,-0.8299997448920943,-0.7177030444144975,0.0,-1.734999179840088,-0.34999901056289673,-0.7177046537399292,0.0,-1.9499999253864349,0.19700005619322286,-0.4345159395690814,0.0
1759838868.1069744,1,-1.2050001621245956,-0.8299997448920943,-0.7177030444144975,0.0,-1.734999179840088,-0.34999901056289673,-0.7177046537399292,0.0,-1.9499999253864349,0.19700005619322286,-0.4345159395690814,0.0
1759838868.12525,1,-1.2050001621245956,-0.8299997448920943,-0.7177030444144975,0.0,-1.734999179840088,-0.34999901056289673,-0.7177046537399292,0.0,-1.9499999253864349,0.19700005619322286,-0.4345159395690814,0.0
1759838868.133811,1,-1.2050001621245956,-0.8299997448920943,-0.7177030444144975,0.0,-1.734999179840088,-0.34999901056289673,-0.7177046537399292,0.0,-1.9499999253864349,0.19700005619322286,-0.4345159395690814,0.0
1759838868.1439488,1,-1.2050001621245956,-0.8299997448920943,-0.7177030444144975,0.0,-1.734999179840088,-0.34999901056289673,-0.7177046537399292,0.0,-1.9499999253864349,0.19700005619322286,-0.4345159395690814,0.0
1759838868.15534,1,-1.2050001621245956,-0.8299997448920943,-0.7177030444144975,0.0,-1.734999179840088,-0.34999901056289673,-0.7177046537399292,0.0,-1.9499999253864349,0.19700005619322286,-0.4345159395690814,0.0
1759838868.1656392,1,-1.2050001621245956,-0.8299997448920943,-0.7177030444144975,0.0,-1.734999179840088,-0.34999901056289673,-0.7177046537399292,0.0,-1.9499999253864349,0.19700005619322286,-0.4345159395690814,0.0
1759838868.176789,1,-1.2050001621245956,-0.8299997448920943,-0.7177030444144975,0.0,-1.734999179840088,-0.34999901056289673,-0.7177046537399292,0.0,-1.9499999253864349,0.19700005619322286,-0.4345159395690814,0.0
1759838868.188112,1,-1.2050001621245956,-0.8299997448920943,-0.7177030444144975,0.0,-1.734999179840088,-0.34999901056289673,-0.7177046537399292,0.0,-1.9499999253864349,0.19700005619322286,-0.4345159395690814,0.0
1759838868.198997,1,-1.2050001621245956,-0.8299997448920943,-0.7177030444144975,0.0,-1.734999179840088,-0.34999901056289673,-0.7177046537399292,0.0,-1.9499999253864349,0.19700005619322286,-0.4345159395690814,0.0
1759838868.2104983,1,-1.2050001621245956,-0.8299997448920943,-0.7177030444144975,0.0,-1.734999179840088,-0.34999901056289673,-0.7177046537399292,0.0,-1.9499999253864349,0.19700005619322286,-0.4345159395690814,0.0
1759838868.2213416,1,-1.2050001621245956,-0.8299997448920943,-0.7177030444144975,0.0,-1.734999179840088,-0.34999901056289673,-0.7177046537399292,0.0,-1.9499999253864349,0.19700005619322286,-0.4345159395690814,0.0
1759838868.2336893,1,-1.2050001621245956,-0.8299997448920943,-0.7177030444144975,0.0,-1.734999179840088,-0.34999901056289673,-0.7177046537399292,0.0,-1.9499999253864349,0.19700005619322286,-0.4345159395690814,0.0
1759838868.243738,1,-1.2050001621245956,-0.8299997448920943,-0.7177030444144975,0.0,-1.734999179840088,-0.34999901056289673,-0.7177046537399292,0.0,-1.9499999253864349,0.19700005619322286,-0.4345159395690814,0.0
1759838868.2539067,1,-1.2050001621245956,-0.8299997448920943,-0.7177030444144975,0.0,-1.734999179840088,-0.34999901056289673,-0.7177046537399292,0.0,-1.9499999253864349,0.19700005619322286,-0.4345159395690814,0.0
1759838868.2645411,1,-1.2050001621245956,-0.8299997448920943,-0.7177030444144975,0.0,-1.734999179840088,-0.34999901056289673,-0.7177046537399292,0.0,-1.9499999253864349,0.19700005619322286,-0.4345159395690814,0.0
1759838868.2753978,1,-1.2050001621245956,-0.8299997448920943,-0.7177030444144975,0.0,-1.734999179840088,-0.34999901056289673,-0.7177046537399292,0.0,-1.9499999253864349,0.19700005619322286,-0.4345159395690814,0.0
1759838868.2861838,1,-1.2050001621245956,-0.8299997448920943,-0.7177030444144975,0.0,-1.734999179840088,-0.34999901056289673,-0.7177046537399292,0.0,-1.9499999253864349,0.19700005619322286,-0.4345159395690814,0.0
1759838868.2977204,1,-1.2050001621245956,-0.8299997448920943,-0.7177030444144975,0.0,-1.734999179840088,-0.34999901056289673,-0.7177046537399292,0.0,-1.9499999253864349,0.19700005619322286,-0.4345159395690814,0.0
1759838868.3088593,1,-1.2050001621245956,-0.8299997448920943,-0.7177030444144975,0.0,-1.734999179840088,-0.34999901056289673,-0.7177046537399292,0.0,-1.9499999253864349,0.19700005619322286,-0.4345159395690814,0.0
1759838868.3227859,1,-1.2050001621245956,-0.8299997448920943,-0.7177030444144975,0.0,-1.734999179840088,-0.34999901056289673,-0.7177046537399292,0.0,-1.9499999253864349,0.19700005619322286,-0.4345159395690814,0.0
1759838868.3311176,1,-1.2050001621245956,-0.8299997448920943,-0.7177030444144975,0.0,-1.734999179840088,-0.34999901056289673,-0.7177046537399292,0.0,-1.9499999253864349,0.19700005619322286,-0.4345159395690814,0.0
1759838868.3414466,1,-1.2050001621245956,-0.8299997448920943,-0.7177030444144975,0.0,-1.734999179840088,-0.34999901056289673,-0.7177046537399292,0.0,-1.9499999253864349,0.19700005619322286,-0.4345159395690814,0.0
1759838868.3521285,1,-1.2050001621245956,-0.8299997448920943,-0.7177030444144975,0.0,-1.734999179840088,-0.34999901056289673,-0.7177046537399292,0.0,-1.9499999253864349,0.19700005619322286,-0.4345159395690814,0.0
1759838868.3630092,1,-1.2050001621245956,-0.8299997448920943,-0.7177030444144975,0.0,-1.734999179840088,-0.34999901056289673,-0.7177046537399292,0.0,-1.9499999253864349,0.19700005619322286,-0.4345159395690814,0.0
1759838868.3739028,1,-1.2050001621245956,-0.8299997448920943,-0.7177030444144975,0.0,-1.734999179840088,-0.34999901056289673,-0.7177046537399292,0.0,-1.9499999253864349,0.19700005619322286,-0.4345159395690814,0.0
1759838868.3842473,1,-1.2050001621245956,-0.8299997448920943,-0.7177030444144975,0.0,-1.734999179840088,-0.34999901056289673,-0.7177046537399292,0.0,-1.9499999253864349,0.19700005619322286,-0.4345159395690814,0.0
1759838868.3966126,1,-1.2050001621245956,-0.8299997448920943,-0.7177030444144975,0.0,-1.734999179840088,-0.34999901056289673,-0.7177046537399292,0.0,-1.9499999253864349,0.19700005619322286,-0.4345159395690814,0.0
1759838868.4078834,1,-1.2050001621245956,-0.8299997448920943,-0.7177030444144975,0.0,-1.734999179840088,-0.34999901056289673,-0.7177046537399292,0.0,-1.9499999253864349,0.19700005619322286,-0.4345159395690814,0.0
1759838868.4191191,1,-1.2050001621245956,-0.8299997448920943,-0.7177030444144975,0.0,-1.734999179840088,-0.34999901056289673,-0.7177046537399292,0.0,-1.9499999253864349,0.19700005619322286,-0.4345159395690814,0.0
1759838868.430568,1,-1.2050001621245956,-0.8299997448920943,-0.7177030444144975,0.0,-1.734999179840088,-0.34999901056289673,-0.7177046537399292,0.0,-1.9499999253864349,0.19700005619322286,-0.4345159395690814,0.0
1759838868.441816,1,-1.2050001621245956,-0.8299997448920943,-0.7177030444144975,0.0,-1.734999179840088,-0.34999901056289673,-0.7177046537399292,0.0,-1.9499999253864349,0.19700005619322286,-0.4345159395690814,0.0
1759838868.4530842,1,-1.2050001621245956,-0.8299997448920943,-0.7177030444144975,0.0,-1.734999179840088,-0.34999901056289673,-0.7177046537399292,0.0,-1.9499999253864349,0.19700005619322286,-0.4345159395690814,0.0
1759838868.463235,1,-1.2050001621245956,-0.8299997448920943,-0.7177030444144975,0.0,-1.734999179840088,-0.34999901056289673,-0.7177046537399292,0.0,-1.9499999253864349,0.19700005619322286,-0.4345159395690814,0.0
1759838868.4784052,1,-1.2050001621245956,-0.8299997448920943,-0.7177030444144975,0.0,-1.734999179840088,-0.34999901056289673,-0.7177046537399292,0.0,-1.9499999253864349,0.19700005619322286,-0.4345159395690814,0.0
1759838868.4892466,1,-1.2050001621245956,-0.8299997448920943,-0.7177030444144975,0.0,-1.734999179840088,-0.34999901056289673,-0.7177046537399292,0.0,-1.9499999253864349,0.19700005619322286,-0.4345159395690814,0.0
1759838868.4999897,1,-1.2050001621245956,-0.8299997448920943,-0.7177030444144975,0.0,-1.734999179840088,-0.34999901056289673,-0.7177046537399292,0.0,-1.9499999253864349,0.19700005619322286,-0.4345159395690814,0.0
1759838868.5103397,1,-1.2050001621245956,-0.8299997448920943,-0.7177030444144975,0.0,-1.734999179840088,-0.34999901056289673,-0.7177046537399292,0.0,-1.9499999253864349,0.19700005619322286,-0.4345159395690814,0.0
1759838868.5271006,1,-1.2050001621245956,-0.8299997448920943,-0.7177030444144975,0.0,-1.734999179840088,-0.34999901056289673,-0.7177046537399292,0.0,-1.9499999253864349,0.19700005619322286,-0.4345159395690814,0.0
1759838868.5383127,1,-1.2050001621245956,-0.8299997448920943,-0.7177030444144975,0.0,-1.734999179840088,-0.34999901056289673,-0.7177046537399292,0.0,-1.9499999253864349,0.19700005619322286,-0.4345159395690814,0.0
1759838868.5491128,1,-1.2050001621245956,-0.8299997448920943,-0.7177030444144975,0.0,-1.734999179840088,-0.34999901056289673,-0.7177046537399292,0.0,-1.9499999253864349,0.19700005619322286,-0.4345159395690814,0.0
1759838868.5603864,1,-1.2050001621245956,-0.8299997448920943,-0.7177030444144975,0.0,-1.734999179840088,-0.34999901056289673,-0.7177046537399292,0.0,-1.9499999253864349,0.19700005619322286,-0.4345159395690814,0.0
1759838868.5706456,1,-1.2050001621245956,-0.8299997448920943,-0.7177030444144975,0.0,-1.734999179840088,-0.34999901056289673,-0.7177046537399292,0.0,-1.9499999253864349,0.19700005619322286,-0.4345159395690814,0.0
1759838868.5808556,1,-1.2050001621245956,-0.8299997448920943,-0.7177030444144975,0.0,-1.734999179840088,-0.34999901056289673,-0.7177046537399292,0.0,-1.9499999253864349,0.19700005619322286,-0.4345159395690814,0.0
1759838868.591735,1,-1.2050001621245956,-0.8299997448920943,-0.7177030444144975,0.0,-1.734999179840088,-0.34999901056289673,-0.7177046537399292,0.0,-1.9499999253864349,0.19700005619322286,-0.4345159395690814,0.0
1759838868.601981,1,-1.2050001621245956,-0.8299997448920943,-0.7177030444144975,0.0,-1.734999179840088,-0.34999901056289673,-0.7177046537399292,0.0,-1.9499999253864349,0.19700005619322286,-0.4345159395690814,0.0
1759838868.6133535,1,-1.2050001621245956,-0.8299997448920943,-0.7177030444144975,0.0,-1.734999179840088,-0.34999901056289673,-0.7177046537399292,0.0,-1.9499999253864349,0.19700005619322286,-0.4345159395690814,0.0
1759838868.623694,1,-1.2050001621245956,-0.8299997448920943,-0.7177030444144975,0.0,-1.734999179840088,-0.34999901056289673,-0.7177046537399292,0.0,-1.9499999253864349,0.19700005619322286,-0.4345159395690814,0.0
1759838868.634878,1,-1.2050001621245956,-0.8299997448920943,-0.7177030444144975,0.0,-1.734999179840088,-0.34999901056289673,-0.7177046537399292,0.0,-1.9499999253864349,0.19700005619322286,-0.4345159395690814,0.0
1759838868.6453588,1,-1.2050001621245956,-0.8299997448920943,-0.7177030444144975,0.0,-1.734999179840088,-0.34999901056289673,-0.7177046537399292,0.0,-1.9499999253864349,0.19700005619322286,-0.4345159395690814,0.0
1759838868.6559832,1,-1.2050001621245956,-0.8299997448920943,-0.7177030444144975,0.0,-1.734999179840088,-0.34999901056289673,-0.7177046537399292,0.0,-1.9499999253864349,0.19700005619322286,-0.4345159395690814,0.0
1759838868.6663196,1,-1.2050001621245956,-0.8299997448920943,-0.7177030444144975,0.0,-1.734999179840088,-0.34999901056289673,-0.7177046537399292,0.0,-1.9499999253864349,0.19700005619322286,-0.4345159395690814,0.0
1759838868.677275,1,-1.2050001621245956,-0.8299997448920943,-0.7177030444144975,0.0,-1.734999179840088,-0.34999901056289673,-0.7177046537399292,0.0,-1.9499999253864349,0.19700005619322286,-0.4345159395690814,0.0
1759838868.6878226,1,-1.2050001621245956,-0.8299997448920943,-0.7177030444144975,0.0,-1.734999179840088,-0.34999901056289673,-0.7177046537399292,0.0,-1.9499999253864349,0.19700005619322286,-0.4345159395690814,0.0
1759838868.698344,1,-1.2050001621245956,-0.8299997448920943,-0.7177030444144975,0.0,-1.734999179840088,-0.34999901056289673,-0.7177046537399292,0.0,-1.9499999253864349,0.19700005619322286,-0.4345159395690814,0.0
1759838868.7097926,1,-1.2050001621245956,-0.8299997448920943,-0.7177030444144975,0.0,-1.734999179840088,-0.34999901056289673,-0.7177046537399292,0.0,-1.9499999253864349,0.19700005619322286,-0.4345159395690814,0.0
1759838868.7244513,1,-1.2050001621245956,-0.8299997448920943,-0.7177030444144975,0.0,-1.734999179840088,-0.34999901056289673,-0.7177046537399292,0.0,-1.9499999253864349,0.19700005619322286,-0.4345159395690814,0.0
1759838868.7331116,1,-1.2050001621245956,-0.8299997448920943,-0.7177030444144975,0.0,-1.734999179840088,-0.34999901056289673,-0.7177046537399292,0.0,-1.9499999253864349,0.19700005619322286,-0.4345159395690814,0.0
1759838868.7443802,1,-1.2050001621245956,-0.8299997448920943,-0.7177030444144975,0.0,-1.734999179840088,-0.34999901056289673,-0.7177046537399292,0.0,-1.9499999253864349,0.19700005619322286,-0.4345159395690814,0.0
1759838868.75557,1,-1.2050001621245956,-0.8299997448920943,-0.7177030444144975,0.0,-1.734999179840088,-0.34999901056289673,-0.7177046537399292,0.0,-1.9499999253864349,0.19700005619322286,-0.4345159395690814,0.0
1759838868.7680366,1,-1.2050001621245956,-0.8299997448920943,-0.7177030444144975,0.0,-1.734999179840088,-0.34999901056289673,-0.7177046537399292,0.0,-1.9499999253864349,0.19700005619322286,-0.4345159395690814,0.0
1759838868.779348,1,-1.2050001621245956,-0.8299997448920943,-0.7177030444144975,0.0,-1.734999179840088,-0.34999901056289673,-0.7177046537399292,0.0,-1.9499999253864349,0.19700005619322286,-0.4345159395690814,0.0
1759838868.7896764,1,-1.2050001621245956,-0.8299997448920943,-0.7177030444144975,0.0,-1.734999179840088,-0.34999901056289673,-0.7177046537399292,0.0,-1.9499999253864349,0.19700005619322286,-0.4345159395690814,0.0
1759838868.7996898,1,-1.2050001621245956,-0.8299997448920943,-0.7177030444144975,0.0,-1.734999179840088,-0.34999901056289673,-0.7177046537399292,0.0,-1.9499999253864349,0.19700005619322286,-0.4345159395690814,0.0
1759838868.811434,1,-1.2050001621245956,-0.8299997448920943,-0.7177030444144975,0.0,-1.734999179840088,-0.34999901056289673,-0.7177046537399292,0.0,-1.9499999253864349,0.19700005619322286,-0.4345159395690814,0.0
1759838868.8214939,1,-1.2050001621245956,-0.8299997448920943,-0.7177030444144975,0.0,-1.734999179840088,-0.34999901056289673,-0.7177046537399292,0.0,-1.9499999253864349,0.19700005619322286,-0.4345159395690814,0.0
1759838868.8325765,1,-1.2050001621245956,-0.8299997448920943,-0.7177030444144975,0.0,-1.734999179840088,-0.34999901056289673,-0.7177046537399292,0.0,-1.9499999253864349,0.19700005619322286,-0.4345159395690814,0.0
1759838868.8440504,1,-1.2050001621245956,-0.8299997448920943,-0.7177030444144975,0.0,-1.734999179840088,-0.34999901056289673,-0.7177046537399292,0.0,-1.9499999253864349,0.19700005619322286,-0.4345159395690814,0.0
1759838868.8554707,1,-1.2050001621245956,-0.8299997448920943,-0.7177030444144975,0.0,-1.734999179840088,-0.34999901056289673,-0.7177046537399292,0.0,-1.9499999253864349,0.19700005619322286,-0.4345159395690814,0.0
1759838868.8657813,1,-1.2050001621245956,-0.8299997448920943,-0.7177030444144975,0.0,-1.734999179840088,-0.34999901056289673,-0.7177046537399292,0.0,-1.9499999253864349,0.19700005619322286,-0.4345159395690814,0.0
1759838868.876082,1,-1.2050001621245956,-0.8299997448920943,-0.7177030444144975,0.0,-1.734999179840088,-0.34999901056289673,-0.7177046537399292,0.0,-1.9499999253864349,0.19700005619322286,-0.4345159395690814,0.0
1759838868.88828,1,-1.2050001621245956,-0.8299997448920943,-0.7177030444144975,0.0,-1.734999179840088,-0.34999901056289673,-0.7177046537399292,0.0,-1.9499999253864349,0.19700005619322286,-0.4345159395690814,0.0
1759838868.8997629,1,-1.2050001621245956,-0.8299997448920943,-0.7177030444144975,0.0,-1.734999179840088,-0.34999901056289673,-0.7177046537399292,0.0,-1.9499999253864349,0.19700005619322286,-0.4345159395690814,0.0
1759838868.911098,1,-1.2050001621245956,-0.8299997448920943,-0.7177030444144975,0.0,-1.734999179840088,-0.34999901056289673,-0.7177046537399292,0.0,-1.9499999253864349,0.19700005619322286,-0.4345159395690814,0.0
1759838868.9247122,1,-1.2050001621245956,-0.8299997448920943,-0.7177030444144975,0.0,-1.734999179840088,-0.34999901056289673,-0.7177046537399292,0.0,-1.9499999253864349,0.19700005619322286,-0.4345159395690814,0.0
1759838868.9349663,1,-1.2050001621245956,-0.8299997448920943,-0.7177030444144975,0.0,-1.734999179840088,-0.34999901056289673,-0.7177046537399292,0.0,-1.9499999253864349,0.19700005619322286,-0.4345159395690814,0.0
1759838868.946411,1,-1.2050001621245956,-0.8299997448920943,-0.7177030444144975,0.0,-1.734999179840088,-0.34999901056289673,-0.7177046537399292,0.0,-1.9499999253864349,0.19700005619322286,-0.4345159395690814,0.0
1759838868.9566247,1,-1.2050001621245956,-0.8299997448920943,-0.7177030444144975,0.0,-1.734999179840088,-0.34999901056289673,-0.7177046537399292,0.0,-1.9499999253864349,0.19700005619322286,-0.4345159395690814,0.0
1759838868.9678853,1,-1.2050001621245956,-0.8299997448920943,-0.7177030444144975,0.0,-1.734999179840088,-0.34999901056289673,-0.7177046537399292,0.0,-1.9499999253864349,0.19700005619322286,-0.4345159395690814,0.0
1759838868.9784243,1,-1.2050001621245956,-0.8299997448920943,-0.7177030444144975,0.0,-1.734999179840088,-0.34999901056289673,-0.7177046537399292,0.0,-1.9499999253864349,0.19700005619322286,-0.4345159395690814,0.0
1759838868.988809,1,-1.2050001621245956,-0.8299997448920943,-0.7177030444144975,0.0,-1.734999179840088,-0.34999901056289673,-0.7177046537399292,0.0,-1.9499999253864349,0.19700005619322286,-0.4345159395690814,0.0
1759838869.00012,1,-1.2050001621245956,-0.8299997448920943,-0.7177030444144975,0.0,-1.734999179840088,-0.34999901056289673,-0.7177046537399292,0.0,-1.9499999253864349,0.19700005619322286,-0.4345159395690814,0.0
1759838869.0113506,1,-1.2050001621245956,-0.8299997448920943,-0.7177030444144975,0.0,-1.734999179840088,-0.34999901056289673,-0.7177046537399292,0.0,-1.9499999253864349,0.19700005619322286,-0.4345159395690814,0.0
1759838869.0223918,1,-1.2050001621245956,-0.8299997448920943,-0.7177030444144975,0.0,-1.734999179840088,-0.34999901056289673,-0.7177046537399292,0.0,-1.9499999253864349,0.19700005619322286,-0.4345159395690814,0.0
1759838869.0336807,1,-1.2050001621245956,-0.8299997448920943,-0.7177030444144975,0.0,-1.734999179840088,-0.34999901056289673,-0.7177046537399292,0.0,-1.9499999253864349,0.19700005619322286,-0.4345159395690814,0.0
